N,min_psi_emul,min_psi_model,kendall,mean_dist,common_users_prop
2,0.0246795,0.0869796,-1.0,3642.0,1.0
3,0.0132962,0.016985,0.33333333333333337,2761.0,0.6666666666666666
4,0.0115281,0.0112008,0.3333333333333334,2981.5,0.75
5,0.00707264,0.0105749,0.39999999999999997,3113.4,0.6
6,0.00705449,0.00975349,0.4666666666666666,3201.0,0.6666666666666666
7,0.00676817,0.00637761,0.33333333333333337,3264.285714285714,0.7142857142857143
8,0.00670059,0.00633617,0.4728054288446501,2980.5,0.625
9,0.00622213,0.005269,0.4789207443461594,3051.0,0.6666666666666666
10,0.00621296,0.00448152,0.5520524474738834,2845.1,0.6
11,0.00615348,0.0042034,0.523570314404736,2914.090909090909,0.5454545454545454
12,0.00600937,0.00349434,0.5720775535473553,2753.75,0.5
13,0.0054696,0.00281899,0.6041585400191986,2618.0,0.46153846153846156
14,0.00527524,0.00277784,0.6252818913170463,2501.5714285714284,0.42857142857142855
15,0.00523558,0.00173139,0.5143444998736397,2577.866666666667,0.4666666666666667
16,0.00496658,0.00165894,0.5413071845204606,2478.375,0.4375
17,0.00488412,0.00162374,0.561083607686782,2390.529411764706,0.4117647058823529
18,0.00466055,0.0016224,0.5755089459746229,2312.3888888888887,0.3888888888888889
19,0.00456843,0.00159684,0.5858887021745228,2242.4210526315787,0.3684210526315789
20,0.00454685,0.00141224,0.4759554341717346,2312.9,0.4
21,0.00436353,0.00135198,0.49330385597158705,2249.4761904761904,0.38095238095238093
22,0.0043589,0.00127629,0.4364357804719848,2311.181818181818,0.36363636363636365
23,0.00434135,0.00126816,0.45514956368175624,2253.2608695652175,0.34782608695652173
24,0.00432759,0.000852331,0.3572187635001126,2311.7916666666665,0.375
25,0.00413664,0.000823196,0.37974228656314296,2258.4,0.36
26,0.00406731,0.000693382,0.3211820274187865,2312.1153846153848,0.38461538461538464
27,0.00401162,0.000689668,0.3442651863295482,2262.5925925925926,0.37037037037037035
28,0.00387225,0.000651403,0.3642156795423418,2216.5714285714284,0.35714285714285715
29,0.00384192,0.000628999,0.31180295974820277,2265.551724137931,0.3448275862068966
30,0.00374628,0.000562421,0.3322807683739742,2222.4333333333334,0.3333333333333333
31,0.00371083,0.000558441,0.35026451515699003,2182.064516129032,0.3225806451612903
32,0.00358594,0.000523621,0.3660909972450776,2144.1875,0.3125
33,0.00345763,0.000499465,0.31237926960796886,2190.090909090909,0.3333333333333333
34,0.00342922,0.000493869,0.2341027473708664,2233.676470588235,0.38235294117647056
35,0.00340631,0.000482056,0.2144979113367575,2271.9714285714285,0.37142857142857144
36,0.00339288,0.00046728,0.23617129091550407,2235.6944444444443,0.3888888888888889
37,0.0033726,0.000462171,0.20028947413483014,2274.189189189189,0.40540540540540543
38,0.00332147,0.000456386,0.18314056261088002,2309.2894736842104,0.39473684210526316
39,0.00309363,0.000455066,0.1723342073024338,2340.2051282051284,0.38461538461538464
40,0.00308609,0.000431651,0.163954180894229,2369.4,0.375
41,0.00308175,0.000413749,0.13570814683048216,2400.6585365853657,0.3902439024390244
42,0.00300105,0.00040414,0.09081799692815395,2431.0476190476193,0.40476190476190477
43,0.00297695,0.000367978,0.11590290157822213,2396.813953488372,0.3953488372093023
44,0.0029752,0.000332368,0.09223338267183906,2425.6363636363635,0.4090909090909091
45,0.00288886,0.000324232,0.11607408613981621,2393.0,0.4
46,0.00287918,0.000305172,0.13812501743446734,2361.7608695652175,0.391304347826087
47,0.00285927,0.000295886,0.15854890380205933,2331.8297872340427,0.3829787234042553
48,0.00274122,0.000291218,0.1399124056555827,2359.3333333333335,0.3958333333333333
49,0.00273933,0.000254839,0.1594112372287465,2330.6326530612246,0.40816326530612246
50,0.00267516,0.000253455,0.17755090628978587,2303.06,0.4
51,0.00257086,0.000229057,0.16233836761777676,2329.156862745098,0.39215686274509803
52,0.00250887,0.000217857,0.14403360784346358,2354.6346153846152,0.40384615384615385
53,0.00246639,0.000217787,0.16188097705954405,2328.1132075471696,0.39622641509433965
54,0.00245788,0.000212178,0.1557968566041554,2349.814814814815,0.3888888888888889
55,0.00245559,0.000199843,0.13104975865298174,2373.8727272727274,0.4
56,0.002449,0.000199818,0.14854046177456667,2348.375,0.39285714285714285
57,0.00240868,0.000196354,0.125566025282787,2371.5263157894738,0.42105263157894735
58,0.00239229,0.000193546,0.10224670942920691,2394.0344827586205,0.43103448275862066
59,0.00239205,0.000190144,0.11985012612207074,2369.4406779661017,0.4406779661016949
60,0.0023546,0.000181896,0.1364401042563084,2345.65,0.43333333333333335
61,0.00232599,0.000181503,0.15208753637380623,2322.622950819672,0.4262295081967213
62,0.00231675,0.000177418,0.16685723232947067,2300.3225806451615,0.41935483870967744
63,0.00231032,0.000168503,0.1560375236633709,2321.3174603174602,0.4126984126984127
64,0.00220988,0.000162166,0.13402850804571434,2342.515625,0.421875
65,0.00218124,0.000161893,0.11730608184293867,2362.9692307692308,0.4307692307692308
66,0.00216174,0.000161288,0.10746372201097237,2382.469696969697,0.4393939393939394
67,0.00213324,0.000155596,0.10077404687908673,2401.10447761194,0.43283582089552236
68,0.00212806,0.000153102,0.07627038458056533,2420.1470588235293,0.4411764705882353
69,0.00212217,0.00014753,0.05474436702898231,2438.5942028985505,0.4492753623188406
70,0.00203589,0.000142893,0.07107148271253001,2417.0714285714284,0.44285714285714284
71,0.00201783,0.000137579,0.08661134001624417,2396.1408450704225,0.43661971830985913
72,0.00195836,0.000136274,0.07730334162156768,2413.7083333333335,0.4583333333333333
73,0.00192256,0.000134031,0.06725657682477494,2430.931506849315,0.4657534246575342
74,0.00190602,0.000128405,0.06728146652484969,2445.891891891892,0.4594594594594595
75,0.00188633,0.000126698,0.08230190077491434,2425.64,0.4533333333333333
76,0.00186188,0.00012376,0.08261085727123149,2430.157894736842,0.4473684210526316
77,0.00184975,0.000111138,0.09687511331748884,2410.6103896103896,0.44155844155844154
78,0.00183452,0.000107574,0.11050844828602428,2391.551282051282,0.44871794871794873
79,0.00181967,0.000107511,0.09934480056507833,2407.772151898734,0.45569620253164556
80,0.00179396,0.000105752,0.11256291121659805,2389.2,0.45
81,0.00179124,0.000104063,0.11080853214915048,2402.1481481481483,0.4444444444444444
82,0.00178944,0.000103636,0.0899175698288977,2418.060975609756,0.4634146341463415
83,0.00175251,0.000103618,0.08421020994123701,2432.9036144578313,0.46987951807228917
84,0.00172984,0.000103289,0.08483858005000283,2426.7619047619046,0.4642857142857143
85,0.00172141,0.000101325,0.07391703586454829,2441.576470588235,0.47058823529411764
86,0.00170234,9.79535e-05,0.07412410049673453,2451.5697674418607,0.46511627906976744
87,0.00167736,9.68598e-05,0.06633856974978053,2465.632183908046,0.47126436781609193
88,0.00167489,9.4461e-05,0.0795099935886035,2448.0,0.4659090909090909
89,0.00162548,9.3427e-05,0.09217012035729646,2430.752808988764,0.4606741573033708
90,0.00158886,9.29428e-05,0.08020873419918158,2444.777777777778,0.4666666666666667
91,0.00156835,9.06593e-05,0.07177499227855691,2458.3736263736264,0.4725274725274725
92,0.00156108,9.02522e-05,0.08421805091187157,2441.5434782608695,0.4673913043478261
93,0.00155851,9.0061e-05,0.09619861944427886,2425.064516129032,0.46236559139784944
94,0.00155582,8.44822e-05,0.10773789586956772,2408.925531914894,0.4574468085106383
95,0.00153907,8.38481e-05,0.08824703840467824,2422.7473684210527,0.4631578947368421
96,0.00152594,8.19918e-05,0.09966656893091505,2406.9479166666665,0.4583333333333333
97,0.00151847,8.03179e-05,0.09784249978257586,2418.1134020618556,0.4536082474226804
98,0.00150353,7.72563e-05,0.10884428866946999,2402.6632653061224,0.4489795918367347
99,0.00148544,7.6401e-05,0.09856690859493684,2415.7272727272725,0.45454545454545453
100,0.00147764,6.74686e-05,0.09523930614069907,2427.28,0.45
101,0.00146368,6.71088e-05,0.10600650874179865,2412.168316831683,0.44554455445544555
102,0.00146153,6.5037e-05,0.10389638659834262,2423.049019607843,0.4411764705882353
103,0.00144759,6.29345e-05,0.11429448828363692,2408.252427184466,0.44660194174757284
104,0.0014468,6.23608e-05,0.11204083785256345,2418.9615384615386,0.4423076923076923
105,0.00142389,6.1167e-05,0.10518106992152688,2430.9904761904763,0.44761904761904764
106,0.00138729,5.97149e-05,0.1153073781045891,2416.509433962264,0.44339622641509435
107,0.00136836,5.80909e-05,0.10035379362733984,2428.7196261682243,0.4485981308411215
108,0.00132986,5.52212e-05,0.11035214609171155,2414.509259259259,0.4444444444444444
109,0.00132788,5.44847e-05,0.12003184891912681,2400.5504587155965,0.44036697247706424
110,0.00132235,5.37741e-05,0.12940537368738952,2386.836363636364,0.43636363636363634
111,0.00131379,5.34898e-05,0.12421583088595188,2398.2072072072074,0.44144144144144143
112,0.00130761,5.22337e-05,0.13334646545250123,2384.7410714285716,0.4375
113,0.00129281,5.21305e-05,0.1421951907121483,2371.504424778761,0.4336283185840708
114,0.00128483,5.19187e-05,0.15077263960787005,2358.4912280701756,0.4298245614035088
115,0.00128386,5.15816e-05,0.14814444292307818,2367.9826086956523,0.4260869565217391
116,0.00126751,5.14224e-05,0.13801968048071903,2379.5344827586205,0.43103448275862066
117,0.00126365,5.11286e-05,0.13073742066624583,2390.7179487179487,0.4358974358974359
118,0.00126303,4.98183e-05,0.13927776327322636,2377.9491525423728,0.4322033898305085
119,0.00123106,4.97779e-05,0.14756735739802085,2365.3865546218485,0.42857142857142855
120,0.00122852,4.97686e-05,0.15561518703061672,2353.025,0.425
121,0.00122364,4.91187e-05,0.14866173064431004,2364.0413223140495,0.4297520661157025
122,0.00121874,4.83228e-05,0.14696912466359408,2361.032786885246,0.4262295081967213
123,0.00121115,4.77713e-05,0.1391873617739646,2371.9024390243903,0.43089430894308944
124,0.00120993,4.69119e-05,0.1471714215289903,2359.8548387096776,0.4274193548387097
125,0.00120899,4.67106e-05,0.13900858924197762,2370.624,0.432
126,0.00120823,4.55013e-05,0.1468597653763687,2358.7619047619046,0.42857142857142855
127,0.0012054,4.48662e-05,0.1544945259889346,2347.0787401574803,0.4251968503937008
128,0.00119134,4.48336e-05,0.13721948573676573,2358.1015625,0.4296875
129,0.00118926,4.38519e-05,0.14485468663652498,2346.5891472868216,0.4263565891472868
130,0.00118845,3.78531e-05,0.15228462578691823,2335.246153846154,0.4230769230769231
131,0.00117857,3.55647e-05,0.1595160290962199,2324.0687022900765,0.4198473282442748
132,0.00117835,3.55081e-05,0.15034872046461206,2334.628787878788,0.42424242424242425
133,0.00117434,3.52564e-05,0.15749058257647053,2323.6090225563908,0.42105263157894735
134,0.00116566,3.50133e-05,0.15163480348090203,2333.7537313432836,0.4253731343283582
135,0.0011633,3.44508e-05,0.14558274416383765,2343.8518518518517,0.42962962962962964
136,0.00115745,3.12007e-05,0.1346809774457661,2354.080882352941,0.4338235294117647
137,0.00115724,3.05113e-05,0.13148788495168254,2362.934306569343,0.4306569343065693
138,0.00114341,2.94391e-05,0.1251771761728403,2372.6666666666665,0.43478260869565216
139,0.0011351,2.9357e-05,0.12197721861931887,2381.5107913669067,0.4316546762589928
140,0.00113401,2.92749e-05,0.1292771547755815,2370.657142857143,0.42857142857142855
141,0.00112973,2.82535e-05,0.13639670358426628,2359.950354609929,0.425531914893617
142,0.00112149,2.80514e-05,0.14334132333687236,2349.387323943662,0.4225352112676056
143,0.0011189,2.69186e-05,0.12953395249727337,2359.286713286713,0.42657342657342656
144,0.00111325,2.6695e-05,0.1364567653700395,2348.8611111111113,0.4236111111111111
145,0.00110987,2.6633e-05,0.14321315440712337,2338.5724137931034,0.4206896551724138
146,0.00110276,2.64016e-05,0.14980800891489565,2328.417808219178,0.4178082191780822
147,0.00110062,2.47836e-05,0.14748439927447404,2335.639455782313,0.41496598639455784
148,0.00108819,2.4692e-05,0.15393727614521302,2325.6283783783783,0.41216216216216217
149,0.00108719,2.46062e-05,0.15096521298039953,2333.6711409395975,0.40939597315436244
150,0.00108576,2.46042e-05,0.14695642810163645,2342.1133333333332,0.4066666666666667
151,0.00107561,2.40803e-05,0.15331340238457195,2332.2384105960264,0.40397350993377484
152,0.00107552,2.35482e-05,0.14816213629358316,2341.1184210526317,0.40789473684210525
153,0.00106154,2.31434e-05,0.14596194050370154,2348.3202614379084,0.40522875816993464
154,0.00105626,2.3123e-05,0.15223084615148827,2338.5779220779223,0.4025974025974026
155,0.00103519,2.25259e-05,0.15835809477069665,2328.9548387096775,0.4
156,0.00103281,2.2285e-05,0.1523993034772697,2337.8141025641025,0.40384615384615385
157,0.00102408,2.22783e-05,0.15056101652843215,2344.191082802548,0.4012738853503185
158,0.00100552,2.2128e-05,0.1566134845701942,2334.6962025316457,0.3987341772151899
159,0.00100456,2.19758e-05,0.14395009189919053,2343.7798742138366,0.4025157232704403
160,0.00100321,2.16814e-05,0.13916192931054291,2352.15,0.40625
161,0.00100116,2.1411e-05,0.135456955139495,2359.9937888198756,0.40372670807453415
162,0.00099444,2.09895e-05,0.14156562804616477,2350.6111111111113,0.4012345679012346
163,0.000980759,2.07941e-05,0.14754336385721714,2341.3374233128834,0.3987730061349693
164,0.000978283,2.05224e-05,0.15339359137303704,2332.170731707317,0.39634146341463417
165,0.000977609,2.03154e-05,0.14843899277518482,2340.3151515151517,0.4
166,0.00097205,1.9916e-05,0.14698381441303504,2342.2168674698796,0.4036144578313253
167,0.000956764,1.87832e-05,0.14222615543620817,2350.0359281437127,0.40718562874251496
168,0.000953825,1.85584e-05,0.14803575085549436,2341.0119047619046,0.40476190476190477
169,0.000950584,1.77557e-05,0.1408127921681269,2349.3076923076924,0.40828402366863903
170,0.00094622,1.77323e-05,0.14656399201108736,2340.3823529411766,0.40588235294117647
171,0.000946068,1.77226e-05,0.13547380251088598,2348.8245614035086,0.4152046783625731
172,0.00094382,1.76719e-05,0.14120652505041673,2339.9941860465115,0.4127906976744186
173,0.000942495,1.74351e-05,0.13965673761580716,2344.4682080924854,0.41040462427745666
174,0.000934582,1.71528e-05,0.145279256335963,2335.7528735632186,0.41379310344827586
175,0.000931193,1.70357e-05,0.15078943993905083,2327.1314285714284,0.4114285714285714
176,0.00093101,1.67529e-05,0.15619002856050584,2318.6022727272725,0.4090909090909091
177,0.000927031,1.63886e-05,0.1512733726685317,2326.316384180791,0.4124293785310734
178,0.000926127,1.61528e-05,0.1566057161594534,2317.876404494382,0.4157303370786517
179,0.000921083,1.60897e-05,0.16183364361572058,2309.5251396648046,0.41899441340782123
180,0.000910944,1.58644e-05,0.1669596435751032,2301.261111111111,0.4166666666666667
181,0.00088815,1.58634e-05,0.17198613108662608,2293.0828729281766,0.4143646408839779
182,0.000885398,1.53651e-05,0.17691545032649542,2284.989010989011,0.41208791208791207
183,0.000876208,1.52352e-05,0.1748300076421278,2286.743169398907,0.4098360655737705
184,0.000872341,1.49298e-05,0.1796781049894923,2278.7608695652175,0.4076086956521739
185,0.000869701,1.45806e-05,0.18443378739249158,2270.8594594594597,0.40540540540540543
186,0.000866198,1.45356e-05,0.18909918440935797,2263.037634408602,0.4032258064516129
187,0.000856037,1.45106e-05,0.1840030108252888,2270.4919786096257,0.40641711229946526
188,0.000854666,1.43492e-05,0.18862144882047538,2262.744680851064,0.4095744680851064
189,0.000854138,1.42837e-05,0.19315349942082546,2255.074074074074,0.4074074074074074
190,0.000851215,1.3938e-05,0.19760111031471742,2247.478947368421,0.4052631578947368
191,0.000845922,1.38572e-05,0.20196617491583208,2239.9581151832463,0.4031413612565445
192,0.000842154,1.37245e-05,0.19895913590492892,2244.0208333333335,0.40625
193,0.000842133,1.35101e-05,0.19210935188357253,2251.8445595854923,0.40932642487046633
194,0.000833834,1.34567e-05,0.1860845080384774,2259.463917525773,0.41237113402061853
195,0.000828925,1.33406e-05,0.18412279196360418,2248.3076923076924,0.41025641025641024
196,0.000828169,1.32854e-05,0.17615910872027418,2256.112244897959,0.41836734693877553
197,0.000826516,1.32379e-05,0.16571244766166662,2263.994923857868,0.4213197969543147
198,0.000824988,1.30501e-05,0.16162939047707714,2271.010101010101,0.42424242424242425
199,0.000812393,1.24939e-05,0.16011309009104222,2267.497487437186,0.4221105527638191
200,0.000807232,1.23143e-05,0.1586796134156149,2262.545,0.42
201,0.000803242,1.2236e-05,0.15563408938962164,2269.054726368159,0.417910447761194
202,0.000802107,1.21892e-05,0.15047365953747702,2276.2871287128714,0.4207920792079208
203,0.000795455,1.20246e-05,0.14371119509097166,2283.669950738916,0.4236453201970443
204,0.000790994,1.20032e-05,0.14183580052224198,2287.7156862745096,0.4215686274509804
205,0.000789944,1.18559e-05,0.14091118086919074,2280.0975609756097,0.4195121951219512
206,0.000786603,1.16484e-05,0.14564229234415713,2272.893203883495,0.4174757281553398
207,0.000780164,1.16216e-05,0.1400232627629188,2280.1062801932367,0.42028985507246375
208,0.000778375,1.1557e-05,0.14471352956376254,2272.9615384615386,0.4182692307692308
209,0.000773177,1.15553e-05,0.13971444492479584,2279.995215311005,0.42105263157894735
210,0.000768442,1.09605e-05,0.13722910440233582,2286.0714285714284,0.41904761904761906
211,0.000766215,1.08105e-05,0.1284417862150571,2293.3222748815165,0.4218009478672986
212,0.000763377,1.04738e-05,0.13316384767642214,2286.2311320754716,0.42452830188679247
213,0.000761649,1.01883e-05,0.1306500310668658,2292.262910798122,0.4225352112676056
214,0.000758356,1.00397e-05,0.13530790914608753,2285.233644859813,0.4205607476635514
215,0.000756493,9.95557e-06,0.12585592904897402,2292.4186046511627,0.4232558139534884
216,0.000745271,9.94644e-06,0.12381032489541638,2298.1203703703704,0.4212962962962963
217,0.000740372,9.92322e-06,0.12846895276253878,2291.147465437788,0.41935483870967744
218,0.000739964,9.91169e-06,0.126611284146868,2296.4770642201834,0.41743119266055045
219,0.000737419,9.83476e-06,0.13120317210509314,2289.566210045662,0.4155251141552511
220,0.000734071,9.8111e-06,0.13572232580816132,2282.7136363636364,0.41363636363636364
221,0.000733741,9.72291e-06,0.14017015828663568,2275.918552036199,0.4117647058823529
222,0.00073246,9.71497e-06,0.1445480484514341,2269.1801801801803,0.4144144144144144
223,0.000725859,9.64271e-06,0.1488573420891315,2262.4977578475336,0.4125560538116592
224,0.000723495,9.57274e-06,0.14539456914408122,2268.7678571428573,0.41964285714285715
225,0.000722237,9.51522e-06,0.14965735727454305,2262.137777777778,0.4177777777777778
226,0.000721793,9.3671e-06,0.15385416289965745,2255.5619469026547,0.415929203539823
227,0.0007213,9.31349e-06,0.14718213568152214,2262.3788546255505,0.4185022026431718
228,0.000719206,9.30914e-06,0.15135870526004255,2255.8508771929824,0.4166666666666667
229,0.000713264,9.08918e-06,0.15547147102605238,2249.3755458515284,0.4148471615720524
230,0.000711216,8.94884e-06,0.15952162194879566,2242.9521739130437,0.41304347826086957
231,0.000711006,8.83901e-06,0.1635103195012074,2236.5800865800866,0.41125541125541126
232,0.00070898,8.81039e-06,0.16743869842752382,2230.2586206896553,0.40948275862068967
233,0.000707524,8.71472e-06,0.17130786748567767,2223.987124463519,0.40772532188841204
234,0.000704368,8.68607e-06,0.17511891016543313,2217.764957264957,0.405982905982906
235,0.00070388,8.46789e-06,0.16749848175022383,2224.604255319149,0.4085106382978723
236,0.000694138,8.43338e-06,0.16606991878759547,2217.9745762711864,0.4067796610169492
237,0.000693217,8.42826e-06,0.16478473754041087,2209.0548523206753,0.4050632911392405
238,0.000692201,8.38794e-06,0.16250873656525244,2213.126050420168,0.40336134453781514
239,0.000691722,8.36776e-06,0.15583250902350393,2219.8410041841003,0.40585774058577406
240,0.00069125,8.33893e-06,0.15121764054156894,2226.266666666667,0.4083333333333333
241,0.000689918,8.31815e-06,0.1551184341115076,2220.1867219917012,0.4066390041493776
242,0.000679767,8.30984e-06,0.15896280338164612,2214.1528925619837,0.4049586776859504
243,0.000679144,8.27053e-06,0.15653411653321903,2219.296296296296,0.40329218106995884
244,0.00067336,8.25136e-06,0.1603360866763834,2213.30737704918,0.4016393442622951
245,0.000670489,8.14928e-06,0.16408366091184995,2207.3632653061222,0.4
246,0.000661168,8.05272e-06,0.15880974582379695,2213.808943089431,0.4024390243902439
247,0.000661166,7.969e-06,0.16253632829250847,2207.902834008097,0.4008097165991903
248,0.000659073,7.82108e-06,0.15920822798681808,2213.7096774193546,0.4032258064516129
249,0.000656208,7.74588e-06,0.1570042134849698,2218.2289156626507,0.40562248995983935
250,0.00065012,7.65251e-06,0.16070851779960457,2212.364,0.404
251,0.000649862,7.5432e-06,0.1643610877040491,2206.5418326693225,0.40239043824701193
252,0.000647767,7.42448e-06,0.16318639514294472,2198.404761904762,0.4007936507936508
253,0.000644024,7.36858e-06,0.16679273060789568,2192.675889328063,0.39920948616600793
254,0.000642639,7.28911e-06,0.1646806180957141,2196.468503937008,0.39763779527559057
255,0.000641861,7.26213e-06,0.15813784563603991,2202.894117647059,0.4
256,0.000640259,6.97161e-06,0.15306494081998226,2209.1328125,0.40234375
257,0.000638296,6.84709e-06,0.1567017215990625,2203.4357976653696,0.40077821011673154
258,0.000628276,6.74183e-06,0.16028914393593519,2197.779069767442,0.3992248062015504
259,0.000627968,6.70083e-06,0.1547117137439159,2204.0501930501932,0.4015444015444015
260,0.000625371,6.62908e-06,0.15828342739205742,2198.4269230769232,0.4
261,0.000624247,6.62468e-06,0.16180721700666886,2192.8429118773947,0.39846743295019155
262,0.000623221,6.57625e-06,0.16528386556084917,2187.297709923664,0.3969465648854962
263,0.000622274,6.47937e-06,0.1687141401549637,2181.790874524715,0.39543726235741444
264,0.000615562,6.40595e-06,0.16062463252528267,2188.1969696969695,0.3977272727272727
265,0.000614896,6.27716e-06,0.15563961836069054,2194.3169811320754,0.4
266,0.000614464,6.23828e-06,0.15400279519093674,2194.184210526316,0.39849624060150374
267,0.000611802,6.09058e-06,0.15747183746960325,2188.7191011235955,0.40074906367041196
268,0.000611759,6.00638e-06,0.16089558318050717,2183.291044776119,0.39925373134328357
269,0.000609488,5.93666e-06,0.1581878105311437,2188.4237918215613,0.39776951672862454
270,0.000599766,5.92144e-06,0.1615810560098901,2183.0296296296297,0.3962962962962963
271,0.000599277,5.9061e-06,0.1649304381863747,2177.6715867158673,0.3948339483394834
272,0.000595687,5.89506e-06,0.16823664672497526,2172.3492647058824,0.39705882352941174
273,0.000593744,5.89399e-06,0.1655186655846792,2177.3369963369964,0.3956043956043956
274,0.000589423,5.88562e-06,0.16879662820552133,2172.0474452554745,0.39416058394160586
275,0.000589293,5.75685e-06,0.16385498991119396,2178.021818181818,0.39636363636363636
276,0.000586733,5.74217e-06,0.16034659709831528,2183.586956521739,0.39855072463768115
277,0.000586168,5.7401e-06,0.16362914204285794,2178.3212996389893,0.3971119133574007
278,0.000584242,5.59408e-06,0.1668703094251267,2173.089928057554,0.39568345323741005
279,0.000583421,5.49368e-06,0.1700707332565269,2167.8924731182797,0.3942652329749104
280,0.000580902,5.39278e-06,0.16810816835906914,2170.7321428571427,0.39285714285714285
281,0.000573691,5.35887e-06,0.1609065331748381,2176.8185053380785,0.39501779359430605
282,0.000570414,5.3296e-06,0.15644422883474596,2182.613475177305,0.3971631205673759
283,0.000569544,5.25071e-06,0.15345272026263854,2187.819787985866,0.3992932862190813
284,0.000567007,5.2282e-06,0.15206695988808067,2186.5845070422533,0.4014084507042254
285,0.000564683,5.1361e-06,0.15532201484213673,2181.4280701754387,0.40350877192982454
286,0.000561675,5.10647e-06,0.15853727943317963,2176.304195804196,0.4020979020979021
287,0.000560243,5.08921e-06,0.16171334637697926,2171.212543554007,0.40069686411149824
288,0.0005602,5.08715e-06,0.15911673287725642,2176.0868055555557,0.3993055555555556
289,0.000555739,5.05301e-06,0.16226695809815156,2171.0242214532873,0.39792387543252594
290,0.000551383,4.96789e-06,0.1653791385555288,2165.993103448276,0.39655172413793105
291,0.000551341,4.92708e-06,0.16363146051090868,2167.2955326460483,0.3951890034364261
292,0.000550386,4.86996e-06,0.16671407675956568,2162.304794520548,0.3938356164383562
293,0.00054775,4.85252e-06,0.16975979863657553,2157.3447098976108,0.3924914675767918
294,0.00054657,4.8237e-06,0.16664023755563417,2162.4557823129253,0.3945578231292517
295,0.000545609,4.76496e-06,0.16966537045594432,2157.522033898305,0.39322033898305087
296,0.000542939,4.68669e-06,0.1726546365689374,2152.6182432432433,0.3952702702702703
297,0.000542598,4.65629e-06,0.17560855190457095,2147.7441077441076,0.3939393939393939
298,0.000540311,4.64899e-06,0.17852762326785457,2142.8993288590605,0.3926174496644295
299,0.000538964,4.59699e-06,0.1717185902025498,2148.759197324415,0.39464882943143814
300,0.000537901,4.57358e-06,0.1684177722242005,2153.8633333333332,0.39666666666666667
301,0.000537374,4.56229e-06,0.17135548834698155,2149.0365448504986,0.3953488372093023
302,0.000534581,4.45288e-06,0.17425906640364525,2144.2384105960264,0.39403973509933776
303,0.000532666,4.22436e-06,0.1771289874349118,2139.4686468646864,0.3927392739273927
304,0.000531793,4.20615e-06,0.17249813053139068,2145.0493421052633,0.39473684210526316
305,0.000525547,4.20467e-06,0.17535875404356263,2140.301639344262,0.39344262295081966
306,0.000524895,3.99953e-06,0.17034868119028743,2145.901960784314,0.3954248366013072
307,0.000522207,3.97567e-06,0.1691084034970798,2139.599348534202,0.3973941368078176
308,0.000522073,3.91914e-06,0.17196710723986314,2134.905844155844,0.3961038961038961
309,0.00052195,3.85329e-06,0.17479334611860853,2130.239482200647,0.3948220064724919
310,0.00051887,3.7952e-06,0.177587567086541,2125.6,0.3935483870967742
311,0.000518065,3.74717e-06,0.17329199771549447,2131.0771704180065,0.3954983922829582
312,0.000512897,3.7333e-06,0.1760762764432836,2126.4583333333335,0.3942307692307692
313,0.000510975,3.71603e-06,0.17391598134071304,2129.821086261981,0.3929712460063898
314,0.000510852,3.64718e-06,0.17667915337330056,2125.229299363057,0.39171974522292996
315,0.000510781,3.60926e-06,0.17941150497249897,2120.663492063492,0.3904761904761905
316,0.000509189,3.54795e-06,0.1821134522481493,2116.1234177215188,0.38924050632911394
317,0.000506391,3.51142e-06,0.1801723374077531,2116.5615141955836,0.38801261829652994
318,0.000505862,3.45193e-06,0.18285334034492653,2112.056603773585,0.3867924528301887
319,0.000505645,3.42898e-06,0.1786449725286987,2117.360501567398,0.3887147335423197
320,0.000501999,3.31124e-06,0.17732042147344215,2111.44375,0.3875
321,0.000501113,3.27924e-06,0.17999834327634986,2106.98753894081,0.3862928348909657
322,0.000500312,3.26082e-06,0.18264701433364433,2102.555900621118,0.38509316770186336
323,0.000499103,3.10206e-06,0.18526682098932298,2098.1486068111453,0.38390092879256965
324,0.000498214,2.99199e-06,0.18785814326566241,2093.7654320987654,0.38271604938271603
325,0.000497665,2.91153e-06,0.19042135498803672,2089.4061538461538,0.38153846153846155
326,0.000497247,2.8313e-06,0.188680770407068,2085.51226993865,0.3803680981595092
327,0.000494749,2.82071e-06,0.1912242775532213,2081.1987767584096,0.37920489296636084
328,0.000493793,2.68646e-06,0.19374041351222887,2076.9085365853657,0.3780487804878049
329,0.000492023,2.64854e-06,0.1878870109736251,2082.471124620061,0.3799392097264438
330,0.000491628,2.63636e-06,0.19040492435342096,2078.1969696969695,0.3787878787878788
331,0.000491597,2.62508e-06,0.19289600301344886,2073.9456193353476,0.3776435045317221
332,0.000489385,2.55474e-06,0.18850939817827345,2079.3042168674697,0.3795180722891566
333,0.000486366,2.53308e-06,0.18390791425974504,2084.6696696696695,0.3813813813813814
334,0.000486061,2.47488e-06,0.18641588223080613,2080.4281437125746,0.38323353293413176
335,0.000485803,2.43057e-06,0.18889748369051187,2076.208955223881,0.382089552238806
336,0.000485723,2.40562e-06,0.1854522485377115,2081.1815476190477,0.38392857142857145
337,0.000483993,2.37962e-06,0.18293222040399437,2085.412462908012,0.3827893175074184
338,0.000482643,2.298e-06,0.18541568216439702,2081.207100591716,0.3816568047337278
339,0.00048061,2.2609e-06,0.18291807812073838,2085.3893805309735,0.3805309734513274
340,0.000478541,2.25264e-06,0.18538718112746277,2081.2029411764706,0.37941176470588234
341,0.000477714,2.25126e-06,0.18783079277295908,2077.0381231671554,0.3782991202346041
342,0.000477216,2.22171e-06,0.19024923062735916,2072.8947368421054,0.37719298245614036
343,0.000477215,2.2143e-06,0.1873602398712481,2077.4373177842567,0.3760932944606414
344,0.000477001,2.14973e-06,0.18976713849425536,2073.311046511628,0.375
345,0.000476127,2.14226e-06,0.18490991493730854,2078.5797101449275,0.37681159420289856
346,0.000475966,2.10702e-06,0.18153498857813705,2083.401734104046,0.3786127167630058
347,0.000473336,2.09924e-06,0.183955438956312,2079.28530259366,0.3804034582132565
348,0.000470155,2.05974e-06,0.1805801550204319,2084.1005747126437,0.382183908045977
349,0.000467915,2.04965e-06,0.17776250419065517,2088.595988538682,0.3839541547277937
350,0.000467569,2.02471e-06,0.1801864239905246,2084.4914285714285,0.38285714285714284
351,0.00046694,2.0057e-06,0.18258608181179312,2080.4074074074074,0.3817663817663818
352,0.000466866,1.96504e-06,0.18496177116422827,2076.34375,0.3835227272727273
353,0.000466508,1.96189e-06,0.18088757282300522,2081.339943342776,0.38526912181303113
354,0.000466408,1.93325e-06,0.1832580463334123,2077.2909604519773,0.3870056497175141
355,0.000465925,1.90703e-06,0.1791232550551948,2082.3380281690143,0.39154929577464787
356,0.000465528,1.88354e-06,0.18148887641353104,2078.303370786517,0.3904494382022472
357,0.000464906,1.76088e-06,0.1838312154696215,2074.2885154061623,0.38935574229691877
358,0.000462274,1.70447e-06,0.18180421937430005,2076.790502793296,0.388268156424581
359,0.000460844,1.66848e-06,0.18413229806709538,2072.7966573816157,0.3871866295264624
360,0.000460212,1.66164e-06,0.17999569682302066,2077.8083333333334,0.3888888888888889
361,0.000459305,1.65165e-06,0.1776082834651441,2081.836565096953,0.3878116343490305
362,0.000458851,1.64144e-06,0.17476916758515848,2086.303867403315,0.38950276243093923
363,0.00045857,1.63936e-06,0.1771154338682712,2082.3168044077133,0.3884297520661157
364,0.000456905,1.59947e-06,0.1794390858429305,2078.348901098901,0.3873626373626374
365,0.000456463,1.56709e-06,0.18174038717469104,2074.4,0.3863013698630137
366,0.000456131,1.54516e-06,0.1840195977199893,2070.469945355191,0.38524590163934425
367,0.000453644,1.5004e-06,0.18627697359255435,2066.558583106267,0.38419618528610355
368,0.00045356,1.37825e-06,0.1839624900205822,2070.2364130434785,0.38315217391304346
369,0.000453448,1.31728e-06,0.1862081760270198,2066.3414634146343,0.3821138211382114
370,0.000452168,1.30347e-06,0.1884325078742365,2062.464864864865,0.3810810810810811
371,0.00045207,1.28887e-06,0.18505970544680422,2067.0943396226417,0.38274932614555257
372,0.000447685,1.28547e-06,0.18106829256990128,2071.940860215054,0.3844086021505376
373,0.000446712,1.27174e-06,0.18330334898052045,2068.072386058981,0.38337801608579086
374,0.0004463,1.26399e-06,0.18176417689954516,2064.804812834225,0.38235294117647056
375,0.000442198,1.22922e-06,0.18398450437549854,2060.9706666666666,0.38133333333333336
376,0.00043816,1.1784e-06,0.17994026647070197,2065.8297872340427,0.3829787234042553
377,0.000437741,1.14214e-06,0.1734318057469519,2070.9442970822283,0.38461538461538464
378,0.00043736,1.09857e-06,0.1694650953172385,2075.76455026455,0.3862433862433862
379,0.000437069,1.08618e-06,0.17172667717521367,2071.9313984168866,0.38522427440633245
380,0.000436638,9.91375e-07,0.16783898839052744,2076.7236842105262,0.3868421052631579
381,0.000434992,9.66695e-07,0.1651356852072275,2081.0682414698163,0.3910761154855643
382,0.000434268,9.23004e-07,0.16740370438869173,2077.243455497382,0.3900523560209424
383,0.000434231,9.17396e-07,0.16596426685120763,2075.0731070496086,0.38903394255874674
384,0.000433043,8.8503e-07,0.1630409152327978,2079.4791666666665,0.390625
385,0.000431119,8.70115e-07,0.16530554330745306,2075.6805194805197,0.38961038961038963
386,0.000430829,8.18092e-07,0.16309834577043503,2079.6165803108806,0.38860103626943004
387,0.000424454,7.77985e-07,0.16535117188024945,2075.832041343669,0.3875968992248062
388,0.000423312,7.68806e-07,0.16758371817305054,2072.064432989691,0.3865979381443299
389,0.000422207,7.50145e-07,0.169796206249566,2068.313624678663,0.3856041131105398
390,0.000420556,7.05196e-07,0.16740897641257824,2072.3358974358976,0.38461538461538464
391,0.000420051,7.00303e-07,0.16442351477185416,2076.7237851662403,0.38618925831202044
392,0.000419685,6.63117e-07,0.16118372091066288,2081.206632653061,0.3877551020408163
393,0.000419138,6.50501e-07,0.15850689759405934,2085.4580152671756,0.3893129770992366
394,0.000418498,6.46479e-07,0.1607443358175749,2081.708121827411,0.3883248730964467
395,0.000418286,6.41238e-07,0.16296201882898068,2077.974683544304,0.389873417721519
396,0.000417965,6.26442e-07,0.16516015865553424,2074.257575757576,0.3888888888888889
397,0.000417098,5.94473e-07,0.16733896450089636,2070.5566750629723,0.3879093198992443
398,0.00041701,5.40387e-07,0.16207015348505546,2075.3668341708544,0.38944723618090454
399,0.000416602,5.33532e-07,0.16425109844440533,2071.6766917293235,0.39097744360902253
400,0.000414984,4.90096e-07,0.16097051023375641,2076.1175,0.3925
401,0.000414422,4.76373e-07,0.1631453173844148,2072.438902743142,0.3915211970074813
402,0.000413847,4.66661e-07,0.15952427366939304,2076.9726368159204,0.39303482587064675
403,0.000413806,4.30649e-07,0.15787814205130715,2079.411910669975,0.3920595533498759
404,0.00041254,3.73934e-07,0.15600670021188673,2082.6262376237623,0.3910891089108911
405,0.00040654,3.70167e-07,0.15818975262922816,2078.958024691358,0.39012345679012345
406,0.000405213,3.62656e-07,0.15624581132091575,2082.573891625616,0.3891625615763547
407,0.000403375,3.4895e-07,0.15841728634934552,2078.9189189189187,0.3906633906633907
408,0.00040109,3.48384e-07,0.15643076654049462,2082.5906862745096,0.3897058823529412
409,0.000395144,3.39553e-07,0.1585909964886053,2078.9486552567237,0.38875305623471884
410,0.000395085,3.34806e-07,0.15614808830546953,2082.948780487805,0.3902439024390244
411,0.000394965,3.34087e-07,0.1531119482408804,2087.221411192214,0.39172749391727496
412,0.000393099,3.23683e-07,0.15527438625549306,2083.5873786407765,0.3907766990291262
413,0.000392714,3.12583e-07,0.15741859907989242,2079.9685230024215,0.3898305084745763
414,0.00039243,2.91406e-07,0.15954477372238507,2076.364734299517,0.3888888888888889
415,0.000391993,2.81912e-07,0.1560747574168582,2080.7397590361447,0.39036144578313253
416,0.000391703,2.76679e-07,0.15819622442749248,2077.1466346153848,0.3894230769230769
417,0.000391681,2.57585e-07,0.15698442354799458,2074.357314148681,0.38848920863309355
418,0.000390534,2.55764e-07,0.15909225783308897,2070.7918660287082,0.3875598086124402
419,0.000390272,2.54543e-07,0.1611825641351997,2067.2410501193317,0.38663484486873506
420,0.000389667,2.50748e-07,0.15873610548689943,2071.2238095238095,0.3880952380952381
421,0.000389536,2.46638e-07,0.1608180436833036,2067.684085510689,0.38954869358669836
422,0.000388762,2.32918e-07,0.16288278468174844,2064.158767772512,0.3886255924170616
423,0.000388582,2.24769e-07,0.1649305011327942,2060.647754137116,0.3877068557919622
424,0.000388509,2.11267e-07,0.16298983234469405,2064.115566037736,0.3867924528301887
425,0.000386659,1.96349e-07,0.16146859664088925,2065.7082352941175,0.38588235294117645
426,0.000385556,1.91004e-07,0.1578962050266921,2070.06103286385,0.3873239436619718
427,0.000385303,1.81504e-07,0.1599526105526627,2066.559718969555,0.38875878220140514
428,0.00038497,1.74438e-07,0.16199227281239822,2063.072429906542,0.3878504672897196
429,0.000384887,1.5387e-07,0.16401535753958257,2059.5990675990674,0.38694638694638694
430,0.000384663,1.51482e-07,0.1660220284320961,2056.139534883721,0.386046511627907
431,0.000384172,1.29125e-07,0.16801244718222133,2052.69373549884,0.3851508120649652
432,0.00038357,1.25641e-07,0.16998677350631977,2049.261574074074,0.38425925925925924
433,0.000383472,1.17639e-07,0.16564389552740252,2053.743648960739,0.38799076212471134
434,0.000382664,1.17145e-07,0.16220184107946117,2058.0276497695854,0.38940092165898615
435,0.000380091,1.08745e-07,0.16013947264690354,2061.648275862069,0.38850574712643676
436,0.000379944,1.02362e-07,0.15864947950064745,2063.282110091743,0.3876146788990826
437,0.000379892,1.00783e-07,0.16064894986915912,2059.853546910755,0.38672768878718533
438,0.000379225,9.97615e-08,0.15884990647721808,2062.922374429224,0.3858447488584475
439,0.000378989,8.1938e-08,0.1608396806228779,2059.50569476082,0.38496583143507973
440,0.000377688,7.45426e-08,0.1592688954637465,2061.809090909091,0.3840909090909091
441,0.000377299,7.37409e-08,0.1569822497885984,2065.591836734694,0.3854875283446712
442,0.000376047,6.79191e-08,0.15549263236410038,2067.7285067873304,0.38461538461538464
443,0.000373113,6.60025e-08,0.15213239666858697,2071.916478555305,0.3860045146726862
444,0.000373005,6.58032e-08,0.14775655099795304,2076.288288288288,0.38963963963963966
445,0.00037047,6.44426e-08,0.14977636701099792,2072.874157303371,0.3887640449438202
446,0.00036832,6.04142e-08,0.1484631980000188,2074.3677130044844,0.38789237668161436
447,0.000368133,5.53175e-08,0.14580219987913712,2078.324384787472,0.38926174496644295
448,0.000367576,5.50369e-08,0.1426239176301873,2082.4375,0.390625
449,0.000367492,5.49229e-08,0.14465229845727282,2079.0311804008907,0.3897550111358575
450,0.000367104,4.73921e-08,0.14063393716945358,2083.302222222222,0.39111111111111113
451,0.000365225,4.42506e-08,0.13703187241208806,2087.5033259423503,0.3924611973392461
452,0.000365163,3.40858e-08,0.13907111350214327,2084.1017699115046,0.3915929203539823
453,0.000364452,3.36e-08,0.141094766685443,2080.7130242825606,0.39072847682119205
454,0.000363591,3.1975e-08,0.1431029776854958,2077.3370044052863,0.3898678414096916
455,0.000361542,2.96938e-08,0.14509589053241403,2073.9736263736263,0.389010989010989
456,0.000361279,2.89242e-08,0.14707364758670374,2070.622807017544,0.3881578947368421
457,0.000360934,2.52636e-08,0.14903638956266096,2067.2844638949673,0.387308533916849
458,0.00036075,2.23646e-08,0.15098425555138162,2063.9585152838426,0.3864628820960699
459,0.000360537,2.20953e-08,0.14811074998250748,2067.958605664488,0.3877995642701525
460,0.000359498,1.97657e-08,0.14485805508952518,2072.032608695652,0.391304347826087
461,0.000357945,1.92648e-08,0.14158220318288048,2076.1041214750544,0.3926247288503254
462,0.000357784,1.73961e-08,0.14026503859235495,2078.069264069264,0.3917748917748918
463,0.000357265,1.66308e-08,0.14223407095708998,2074.745140388769,0.39092872570194387
464,0.000355197,1.39883e-08,0.14029590702146058,2078.2564655172414,0.3922413793103448
465,0.00035382,1.32024e-08,0.1422564458394462,2074.941935483871,0.3913978494623656
466,0.000353025,1.23468e-08,0.14420240913870147,2071.6394849785406,0.3905579399141631
467,0.000352664,1.23372e-08,0.14613392931529753,2068.3490364025697,0.3897216274089936
468,0.000352544,1.17181e-08,0.14366904349599524,2072.1495726495727,0.391025641025641
469,0.000351313,9.85792e-09,0.1455943312183801,2068.867803837953,0.39019189765458423
470,0.000351285,5.26214e-09,0.14388738701133957,2072.08085106383,0.3893617021276596
471,0.00035033,4.36552e-09,0.14580383936201202,2068.808917197452,0.39065817409766457
472,0.000349879,3.19557e-09,0.1477062128820214,2065.548728813559,0.3919491525423729
473,0.000348712,1.92742e-09,0.14618147264370543,2068.264270613108,0.39323467230443976
474,0.000348538,1.17183e-09,0.1438936864942336,2071.9641350210973,0.39451476793248946
475,0.000344765,5.95581e-10,0.14281208679142995,2071.9178947368423,0.3936842105263158
476,0.00034424,0.0,0.14471570340438739,2068.6701680672268,0.39285714285714285
477,0.000342868,0.0,0.14660548424492204,2065.433962264151,0.3920335429769392
478,0.000341448,0.0,0.1484815520998232,2062.2092050209203,0.3912133891213389
479,0.000339257,0.0,0.14584555125049947,2066.0125260960335,0.3924843423799583
480,0.000338684,0.0,0.1477165535067579,2062.795833333333,0.39166666666666666
481,0.000338533,0.0,0.1460692480435569,2065.738045738046,0.3908523908523909
482,0.000338049,0.0,0.14793183183985853,2062.53112033195,0.3921161825726141
483,0.000336624,0.0,0.14595487912515784,2065.973084886128,0.39337474120082816
484,0.00033606,0.0,0.14301255221211912,2069.845041322314,0.39462809917355374
485,0.000334771,0.0,0.13929680177007733,2073.878350515464,0.3958762886597938
486,0.000333667,0.0,0.13778908547736343,2076.6831275720165,0.3950617283950617
487,0.000332816,0.0,0.13687203800902115,2074.665297741273,0.3942505133470226
488,0.000331856,0.0,0.13289413444124998,2078.72131147541,0.39549180327868855
489,0.000331814,0.0,0.12913718543130437,2082.7341513292436,0.3967280163599182
490,0.000331076,0.0,0.13104584731325708,2079.5285714285715,0.39591836734693875
491,0.000330838,0.0,0.13294108431952062,2076.3340122199593,0.395112016293279
492,0.000329318,0.0,0.1310343447824888,2079.7865853658536,0.39634146341463417
493,0.000329203,0.0,0.1297453212973075,2082.2515212981743,0.39553752535496955
494,0.000328809,0.0,0.1282679579628415,2085.074898785425,0.39473684210526316
495,0.00032855,0.0,0.12499889156819041,2088.971717171717,0.39595959595959596
496,0.000328437,0.0,0.12690451263796007,2085.780241935484,0.3951612903225806
497,0.000328043,0.0,0.12540879987792203,2088.764587525151,0.39436619718309857
498,0.000328036,0.0,0.1273054054585884,2085.582329317269,0.39357429718875503
499,0.000327721,0.0,0.12392094836320862,2089.478957915832,0.39478957915831664
500,0.000327157,0.0,0.12581493679236647,2086.304,0.394
501,0.00032651,0.0,0.12769588654076794,2083.1397205588823,0.39520958083832336
502,0.000326227,0.0,0.1256585560844089,2086.621513944223,0.39641434262948205
503,0.00032519,0.0,0.12438007742250763,2089.212723658052,0.3956262425447316
504,0.000324892,0.0,0.12625753430508158,2086.0555555555557,0.3948412698412698
505,0.000324503,0.0,0.12505671276710204,2088.453465346535,0.3940594059405941
506,0.000324349,0.0,0.12351351126108281,2091.521739130435,0.3932806324110672
507,0.000324134,0.0,0.12538561529214964,2088.372781065089,0.39447731755424065
508,0.000324042,0.0,0.12428103091211665,2090.4114173228345,0.3937007874015748
509,0.000323949,0.0,0.12614326253977814,2087.2730844793714,0.3929273084479371
510,0.000323949,0.0,0.12799338920880768,2084.1470588235293,0.39215686274509803
511,0.000323784,0.0,0.12983053452018117,2081.031311154599,0.3913894324853229
512,0.000323055,0.0,0.12912330329003072,2078.365234375,0.390625
513,0.000322869,0.0,0.13094963575693636,2075.2690058479534,0.3898635477582846
514,0.000322798,0.0,0.1296794402126616,2077.6867704280157,0.38910505836575876
515,0.000322414,0.0,0.13149690019301538,2074.6,0.3883495145631068
516,0.000321058,0.0,0.1333021910140212,2071.5232558139537,0.3875968992248062
517,0.000320975,0.0,0.13509541254434804,2068.4564796905224,0.38684719535783363
518,0.000320433,0.0,0.13687666363305556,2065.399613899614,0.3861003861003861
519,0.000318452,0.0,0.13532875359210597,2068.265895953757,0.3853564547206166
520,0.000317766,0.0,0.13399090393528296,2070.8153846153846,0.38461538461538464
521,0.000316908,0.0,0.13144301126245686,2074.4088291746643,0.3857965451055662
522,0.000315507,0.0,0.12965631267711206,2077.6187739463603,0.38697318007662834
523,0.000310847,0.0,0.1275544799514973,2081.038240917782,0.3881453154875717
524,0.000309314,0.0,0.12397922245238846,2084.8473282442746,0.3893129770992366
525,0.000308822,0.0,0.12578564703305264,2081.786666666667,0.38857142857142857
526,0.000308486,0.0,0.12475130495331324,2083.6768060836503,0.38783269961977185
527,0.000307427,0.0,0.12654842927904963,2080.626185958254,0.3870967741935484
528,0.000307293,0.0,0.1283338086470847,2077.5852272727275,0.38636363636363635
529,0.000306693,0.0,0.13010753726454716,2074.553875236295,0.3856332703213611
530,0.000306225,0.0,0.13186970839812132,2071.532075471698,0.3849056603773585
531,0.000305318,0.0,0.1309604118503708,2072.1374764595103,0.384180790960452
532,0.000304324,0.0,0.13271331514909143,2069.127819548872,0.38345864661654133
533,0.000304164,0.0,0.1306140083696867,2072.5084427767356,0.38649155722326456
534,0.000303809,0.0,0.12904369118645867,2075.4644194756556,0.38764044943820225
535,0.000303357,0.0,0.12641060485562938,2079.029906542056,0.39065420560747666
536,0.000301118,0.0,0.12348544981986992,2082.658582089552,0.3917910447761194
537,0.000300487,0.0,0.12525302754955667,2079.6480446927376,0.39106145251396646
538,0.000299606,0.0,0.12700927290747352,2076.646840148699,0.3903345724907063
539,0.000299522,0.0,0.12875427509425194,2073.6549165120596,0.38961038961038963
540,0.000298643,0.0,0.13048812243658534,2070.6722222222224,0.3888888888888889
541,0.0002986,0.0,0.13221090239758945,2067.6987060998154,0.38817005545286504
542,0.000298486,0.0,0.13392270158701783,2064.7343173431736,0.3874538745387454
543,0.000297981,0.0,0.1356236057713349,2061.779005524862,0.3867403314917127
544,0.000297927,0.0,0.13242728621276653,2065.466911764706,0.38786764705882354
545,0.000296089,0.0,0.134126569729832,2062.5174311926608,0.3871559633027523
546,0.000295741,0.0,0.13153422913595042,2066.051282051282,0.3882783882783883
547,0.000294905,0.0,0.12886227635591463,2069.597806215722,0.38939670932358317
548,0.000294736,0.0,0.13056563954431874,2066.651459854015,0.3886861313868613
549,0.00029375,0.0,0.13225829202830633,2063.714025500911,0.3879781420765027
550,0.000293705,0.0,0.13394031636687984,2060.7854545454547,0.38727272727272727
551,0.000293216,0.0,0.13561179432731646,2057.8656987295826,0.38656987295825773
552,0.000292173,0.0,0.13727280689435317,2054.9547101449275,0.38768115942028986
553,0.000292081,0.0,0.1389234342792451,2052.0524412296563,0.38698010849909587
554,0.000291587,0.0,0.1367345736533935,2055.416967509025,0.388086642599278
555,0.000290151,0.0,0.13838095110795925,2052.520720720721,0.38738738738738737
556,0.00029008,0.0,0.14001708820538664,2049.63309352518,0.38669064748201437
557,0.000289623,0.0,0.1390059268871097,2050.8491921005384,0.3859964093357271
558,0.000288198,0.0,0.13766597634137914,2053.3387096774195,0.38530465949820786
559,0.000287342,0.0,0.13449812825092125,2056.9713774597494,0.38640429338103754
560,0.00028698,0.0,0.1326675441992231,2060.155357142857,0.3875
561,0.000286784,0.0,0.13023878055101865,2063.590017825312,0.38859180035650626
562,0.000286591,0.0,0.1292182956121367,2065.3701067615657,0.3879003558718861
563,0.000286564,0.0,0.12843225380015813,2064.8721136767317,0.3872113676731794
564,0.000286426,0.0,0.13008889107442348,2061.9893617021276,0.38652482269503546
565,0.000286366,0.0,0.1317354076665752,2059.1150442477874,0.3858407079646018
566,0.000286324,0.0,0.133371879382357,2056.249116607774,0.38515901060070673
567,0.000286173,0.0,0.13100011715108237,2059.6402116402114,0.3862433862433862
568,0.000285153,0.0,0.1287117417470007,2063.0052816901407,0.3873239436619718
569,0.000285139,0.0,0.13035080700273036,2060.1423550087875,0.3866432337434095
570,0.000283154,0.0,0.13197994758598133,2057.2877192982455,0.387719298245614
571,0.000282997,0.0,0.13034130626767634,2060.2994746059544,0.38879159369527144
572,0.000282748,0.0,0.1319648323264208,2057.451048951049,0.3881118881118881
573,0.000282126,0.0,0.13357857558952158,2054.610820244328,0.387434554973822
574,0.000282106,0.0,0.13518260829050877,2051.7787456445994,0.3867595818815331
575,0.000281881,0.0,0.1345183545633761,2048.526956521739,0.38608695652173913
576,0.000281631,0.0,0.13611417185688193,2045.7118055555557,0.3854166666666667
577,0.000280992,0.0,0.13454100014905684,2048.63431542461,0.38648180242634317
578,0.000280144,0.0,0.13393252179571005,2045.674740484429,0.38581314878892736
579,0.000279878,0.0,0.132129729187707,2048.7944732297065,0.38687392055267705
580,0.000279843,0.0,0.13372593921041348,2045.9913793103449,0.38620689655172413
581,0.000279787,0.0,0.13531265750255436,2043.1962134251291,0.3855421686746988
582,0.000278908,0.0,0.13688995319949773,2040.4089347079039,0.3848797250859107
583,0.000278905,0.0,0.13845789481019988,2037.629502572899,0.38421955403087477
584,0.000278864,0.0,0.14001655022407106,2034.8578767123288,0.3835616438356164
585,0.000278474,0.0,0.14156598671775236,2032.094017094017,0.38290598290598293
586,0.000278078,0.0,0.14057071071156574,2033.1774744027305,0.3822525597269625
587,0.000277832,0.0,0.13950818643148633,2034.81601362862,0.38160136286201024
588,0.000276941,0.0,0.13703372587238022,2038.1955782312925,0.3826530612244898
589,0.000276233,0.0,0.1385855047831466,2035.4380305602717,0.38200339558573854
590,0.000275682,0.0,0.14012818607009575,2032.6881355932203,0.38305084745762713
591,0.000275363,0.0,0.13890478619736782,2034.906937394247,0.3824027072758037
592,0.000274823,0.0,0.1404414362379903,2032.1638513513512,0.38175675675675674
593,0.000274587,0.0,0.13861433428340955,2035.2546374367623,0.3827993254637437
594,0.000273427,0.0,0.14014670025570236,2032.516835016835,0.38215488215488214
595,0.000272803,0.0,0.13848896882054693,2035.4638655462186,0.3831932773109244
596,0.000270874,0.0,0.1363261635999001,2038.7046979865772,0.38422818791946306
597,0.000270548,0.0,0.13513819704467053,2040.9614740368509,0.38358458961474035
598,0.000269862,0.0,0.13667427796651474,2038.2257525083612,0.38294314381270905
599,0.000268248,0.0,0.13820149273282709,2035.4974958263772,0.3823038397328882
600,0.000267071,0.0,0.13971990397860928,2032.7766666666666,0.38166666666666665
601,0.000265974,0.0,0.14122957378853063,2030.063227953411,0.3810316139767055
602,0.00026322,0.0,0.1392839453281097,2033.1794019933554,0.38205980066445183
603,0.000262863,0.0,0.1377557796769937,2035.9900497512438,0.38308457711442784
604,0.000262706,0.0,0.13926550878626026,2033.2798013245033,0.3824503311258278
605,0.000259928,0.0,0.14076660515838038,2030.5768595041322,0.38181818181818183
606,0.000259657,0.0,0.13878146231574784,2033.7062706270626,0.38283828382838286
607,0.000259614,0.0,0.13700660164892192,2036.7100494233937,0.385502471169687
608,0.000258785,0.0,0.13850859108015356,2034.0098684210527,0.3848684210526316
609,0.000258766,0.0,0.14000205058518053,2031.3169129720854,0.3842364532019704
610,0.000258516,0.0,0.14148703942237426,2028.6311475409836,0.3836065573770492
611,0.000258222,0.0,0.14296361633816887,2025.9525368248771,0.3829787234042553
612,0.000257425,0.0,0.14152400421693515,2028.5718954248366,0.38235294117647056
613,0.000255932,0.0,0.14299575242986126,2025.8988580750408,0.3817292006525285
614,0.000255904,0.0,0.14445920123141387,2023.2328990228013,0.3811074918566775
615,0.000255614,0.0,0.1459144077993299,2020.5739837398373,0.3804878048780488
616,0.000255425,0.0,0.14736142882166567,2017.922077922078,0.37987012987012986
617,0.000254753,0.0,0.14880032050186826,2015.2771474878443,0.37925445705024313
618,0.000254609,0.0,0.14558422253609757,2018.7475728155339,0.3802588996763754
619,0.000254469,0.0,0.14377467670365274,2021.7512116316639,0.38126009693053314
620,0.000254459,0.0,0.14521830486631976,2019.108064516129,0.38064516129032255
621,0.000254379,0.0,0.14447324770222075,2016.513687600644,0.38003220611916266
622,0.000254308,0.0,0.14591047213897368,2013.8842443729905,0.37942122186495175
623,0.000253502,0.0,0.14733970401704546,2011.2616372391653,0.37881219903691815
624,0.000253096,0.0,0.14657271879818573,2009.2900641025642,0.3798076923076923
625,0.000251736,0.0,0.1446455310717467,2012.3408,0.3808
626,0.00025161,0.0,0.14607331895586922,2009.7284345047924,0.3801916932907348
627,0.000251328,0.0,0.14408734968829834,2012.811802232855,0.38118022328548645
628,0.000250769,0.0,0.14551216771994047,2010.2038216560509,0.38057324840764334
629,0.000250397,0.0,0.14692913866928842,2007.6025437201909,0.3799682034976153
630,0.000250017,0.0,0.14346669395385325,2011.0857142857142,0.38095238095238093
631,0.000248902,0.0,0.1417818612329879,2014.0031695721077,0.38193343898573695
632,0.000248543,0.0,0.1399978360658149,2016.9762658227849,0.3829113924050633
633,0.000248144,0.0,0.137894674822304,2020.0979462875198,0.38388625592417064
634,0.000248067,0.0,0.13556870013610386,2023.2981072555206,0.38485804416403785
635,0.000247938,0.0,0.13279142998293084,2026.6346456692913,0.3858267716535433
636,0.000247664,0.0,0.134235560841325,2024.0251572327045,0.38522012578616355
637,0.000246285,0.0,0.13567186427880856,2021.4222919937206,0.38461538461538464
638,0.000244555,0.0,0.13710039224775758,2018.8260188087775,0.384012539184953
639,0.000244537,0.0,0.1385211962716299,2016.2363067292645,0.38341158059467917
640,0.000244424,0.0,0.13568259773069669,2019.578125,0.384375
641,0.000244285,0.0,0.13484392546371093,2019.9516380655227,0.3837753510140406
642,0.000244267,0.0,0.13626586329344506,2017.367601246106,0.38317757009345793
643,0.000243661,0.0,0.1376801627436852,2014.7900466562985,0.38258164852255055
644,0.000243557,0.0,0.13908687403007972,2012.2189440993789,0.38198757763975155
645,0.000243305,0.0,0.13829821632928216,2011.4093023255814,0.3829457364341085
646,0.000243044,0.0,0.13614551113453016,2014.5294117647059,0.38390092879256965
647,0.000242262,0.0,0.13755155015969728,2011.96599690881,0.38330757341576505
648,0.000242082,0.0,0.1363685195640885,2014.2083333333333,0.38271604938271603
649,0.000242022,0.0,0.13776974071059234,2011.6502311248073,0.38212634822804314
650,0.0002419,0.0,0.13916351282118383,2009.0984615384616,0.38153846153846155
651,0.000241472,0.0,0.13770186256154948,2011.815668202765,0.3824884792626728
652,0.000241237,0.0,0.13678209673294572,2012.9662576687117,0.38190184049079756
653,0.000240829,0.0,0.13817385160266668,2010.4196018376722,0.38131699846860645
654,0.000240565,0.0,0.13955825183138396,2007.8792048929663,0.38073394495412843
655,0.000240473,0.0,0.14093534495964355,2005.345038167939,0.3801526717557252
656,0.000239823,0.0,0.1423051781458457,2002.8170731707316,0.3795731707317073
657,0.000239577,0.0,0.1436677981699607,2000.2952815829528,0.3789954337899543
658,0.000239503,0.0,0.14502325143720124,1997.7796352583587,0.378419452887538
659,0.000238804,0.0,0.14287779459801023,2000.8725341426405,0.38088012139605465
660,0.000238795,0.0,0.1442312350386564,1998.360606060606,0.3803030303030303
661,0.000237793,0.0,0.1455775888081797,1995.8547655068078,0.37972768532526474
662,0.000236808,0.0,0.14359024809505427,1998.8882175226586,0.3806646525679758
663,0.000236573,0.0,0.14493425630478682,1996.3861236802413,0.38009049773755654
664,0.000236501,0.0,0.1462712581567279,1993.8900602409637,0.3795180722891566
665,0.000236431,0.0,0.1449785986013467,1996.2421052631578,0.37894736842105264
666,0.000236188,0.0,0.14631158961741272,1993.7507507507507,0.3783783783783784
667,0.000236088,0.0,0.14763766037873738,1991.2653673163418,0.3778110944527736
668,0.000235945,0.0,0.14895685472531403,1988.7859281437127,0.3787425149700599
669,0.000235795,0.0,0.15026921615200545,1986.3124065769805,0.3781763826606876
670,0.000235562,0.0,0.1515747878118289,1983.844776119403,0.3776119402985075
671,0.000234185,0.0,0.15287361251920414,1981.3830104321908,0.3770491803278688
672,0.000234183,0.0,0.1541657327531655,1978.9270833333333,0.37648809523809523
673,0.000234016,0.0,0.15142508728504828,1982.1783060921248,0.3774145616641902
674,0.000233985,0.0,0.14904892240766301,1985.3234421364984,0.37833827893175076
675,0.000233949,0.0,0.15034652360850606,1982.868148148148,0.37777777777777777
676,0.000232779,0.0,0.1479456619256391,1986.0207100591715,0.3801775147928994
677,0.000232429,0.0,0.14924226469831264,1983.5686853766617,0.37961595273264404
678,0.000232151,0.0,0.1483886456446169,1983.014749262537,0.37905604719764013
679,0.000231845,0.0,0.14968047942653007,1980.5714285714287,0.3784977908689249
680,0.000229361,0.0,0.14863611922361053,1982.1470588235295,0.3779411764705882
681,0.000229206,0.0,0.14992368723689692,1979.7092511013216,0.37738619676945667
682,0.00022869,0.0,0.15120471316406425,1977.2771260997067,0.37683284457478006
683,0.000227964,0.0,0.14947232848525843,1980.1449487554905,0.37774524158125916
684,0.000227928,0.0,0.1475156472161833,1983.1286549707602,0.3786549707602339
685,0.000227812,0.0,0.14879866636854294,1980.697810218978,0.3781021897810219
686,0.000226939,0.0,0.15007520711070194,1978.2725947521865,0.37755102040816324
687,0.000226243,0.0,0.1481352983700595,1981.2474526928675,0.3784570596797671
688,0.000225868,0.0,0.1494098580121057,1978.8255813953488,0.37790697674418605
689,0.000225747,0.0,0.1480948781827989,1981.1843251088535,0.37735849056603776
690,0.000225031,0.0,0.14936597074416957,1978.7666666666667,0.37681159420289856
691,0.000224469,0.0,0.15063069089320505,1976.354558610709,0.37771345875542695
692,0.000224226,0.0,0.14911910162701947,1979.0534682080925,0.3786127167630058
693,0.00022422,0.0,0.15038089519348777,1976.6450216450216,0.37806637806637805
694,0.000223579,0.0,0.14845837831269368,1979.593659942363,0.37896253602305474
695,0.000223481,0.0,0.1497182484567299,1977.1884892086332,0.37841726618705035
696,0.000223057,0.0,0.14703248808258504,1980.375,0.3793103448275862
697,0.00022238,0.0,0.14565345534933427,1982.8895265423243,0.3802008608321377
698,0.000221866,0.0,0.14691628597610942,1980.4856733524355,0.37965616045845274
699,0.000221758,0.0,0.14817286344043984,1978.0872675250357,0.3791130185979971
700,0.000221277,0.0,0.1468133488916686,1980.5642857142857,0.38
701,0.000220955,0.0,0.14617351394460606,1978.1069900142654,0.38088445078459343
702,0.000220791,0.0,0.14526619876751368,1978.9786324786326,0.3817663817663818
703,0.000219897,0.0,0.14439752126011468,1979.6543385490754,0.3812233285917496
704,0.000219854,0.0,0.1456559034720047,1977.2670454545455,0.3806818181818182
705,0.00021934,0.0,0.14397874183837486,1980.0737588652482,0.38156028368794326
706,0.000219313,0.0,0.14142427810215158,1983.201133144476,0.38243626062322944
707,0.000219298,0.0,0.1426859470356421,1980.8147100424328,0.38189533239038187
708,0.000219235,0.0,0.14394145464040337,1978.433615819209,0.3813559322033898
709,0.000219234,0.0,0.145190837666545,1976.0578279266572,0.38081805359661497
710,0.000218873,0.0,0.14643413259170418,1973.687323943662,0.38028169014084506
711,0.000218655,0.0,0.1476713756234887,1971.322081575246,0.379746835443038
712,0.000218181,0.0,0.14568463689053562,1974.2612359550562,0.3806179775280899
713,0.000218032,0.0,0.14470210788684856,1975.741935483871,0.3800841514726508
714,0.000217559,0.0,0.14593980833727438,1973.3795518207282,0.3795518207282913
715,0.000217524,0.0,0.14530000472736565,1970.7636363636364,0.37902097902097903
716,0.000217519,0.0,0.144439811628511,1971.4008379888269,0.3784916201117318
717,0.00021727,0.0,0.14280557955149922,1974.1743375174337,0.3793584379358438
718,0.000217099,0.0,0.14404386879128317,1971.8217270194987,0.3788300835654596
719,0.000216931,0.0,0.14221035644360797,1974.692628650904,0.3796940194714882
720,0.000216862,0.0,0.1434466840583911,1972.3430555555556,0.37916666666666665
721,0.000216374,0.0,0.14467708169805374,1969.998613037448,0.3786407766990291
722,0.000216238,0.0,0.14349669100369947,1972.2257617728533,0.3781163434903047
723,0.00021616,0.0,0.1447236796557698,1969.8852005532503,0.3775933609958506
724,0.000215565,0.0,0.1419928437173149,1973.0303867403316,0.3784530386740331
725,0.000215267,0.0,0.1390787352510464,1976.2041379310344,0.3793103448275862
726,0.000214876,0.0,0.1403123149966839,1973.8636363636363,0.38016528925619836
727,0.00021467,0.0,0.14154003323634207,1971.528198074278,0.3796423658872077
728,0.000213103,0.0,0.13916540227539523,1974.5741758241759,0.3804945054945055
729,0.000212821,0.0,0.13764719369465805,1977.281207133059,0.3813443072702332
730,0.000212674,0.0,0.1353784294171311,1980.2890410958903,0.3821917808219178
731,0.000212452,0.0,0.13661361354649834,1977.952120383037,0.3816689466484268
732,0.000212439,0.0,0.13574841662468723,1979.032786885246,0.38114754098360654
733,0.000212295,0.0,0.13697949056637684,1976.7012278308323,0.3806275579809004
734,0.0002116,0.0,0.1382047765898733,1974.374659400545,0.3801089918256131
735,0.000211044,0.0,0.13755168293518114,1972.5795918367346,0.3795918367346939
736,0.000209517,0.0,0.13628443151422245,1974.9646739130435,0.3804347826086957
737,0.000209516,0.0,0.13750780955868408,1972.6458616010855,0.3812754409769335
738,0.000209403,0.0,0.13872546584492845,1970.3319783197833,0.3807588075880759
739,0.00020929,0.0,0.1399374331047893,1968.02300405954,0.38024357239512857
740,0.000209257,0.0,0.14114374383725478,1965.718918918919,0.3810810810810811
741,0.000209128,0.0,0.14234443031047117,1963.4197031039137,0.3805668016194332
742,0.000209079,0.0,0.1435395245637258,1961.1253369272238,0.38005390835579517
743,0.000208931,0.0,0.14099093436196175,1964.1991924629879,0.38088829071332436
744,0.000208892,0.0,0.1399276275476862,1966.1626344086021,0.3803763440860215
745,0.000208347,0.0,0.14112478911057882,1963.869798657718,0.37986577181208053
746,0.000207976,0.0,0.14050368145938083,1961.5697050938338,0.37935656836461124
747,0.00020753,0.0,0.13761428143699542,1964.7054886211513,0.38018741633199465
748,0.000207454,0.0,0.13881325428979793,1962.4197860962568,0.3810160427807487
749,0.000206955,0.0,0.13773106130213728,1964.5006675567424,0.38050734312416556
750,0.000206913,0.0,0.13624298540354343,1967.164,0.38133333333333336
751,0.000206864,0.0,0.1374416642543863,1964.8801597869508,0.3808255659121172
752,0.000206324,0.0,0.13547267085046374,1967.7553191489362,0.3816489361702128
753,0.000206106,0.0,0.13666995990867276,1965.4741035856573,0.38114209827357237
754,0.000206102,0.0,0.1378617706884323,1963.1976127320954,0.3806366047745358
755,0.0002053,0.0,0.13904813385405085,1960.9258278145696,0.38145695364238413
756,0.000205157,0.0,0.14022907985638705,1958.6587301587301,0.38095238095238093
757,0.000204685,0.0,0.13738385725743713,1961.7675033025098,0.3817701453104359
758,0.000204582,0.0,0.13856543300431864,1959.5026385224273,0.3812664907651715
759,0.000204395,0.0,0.13974163631473177,1957.2424242424242,0.3820816864295125
760,0.000204262,0.0,0.14091249705359893,1954.9868421052631,0.3815789473684211
761,0.000203458,0.0,0.1420780448794264,1952.735873850197,0.38107752956636004
762,0.000203315,0.0,0.14323830924602995,1950.489501312336,0.3805774278215223
763,0.000201828,0.0,0.14439331940424302,1948.2477064220184,0.3800786369593709
764,0.000201288,0.0,0.14304624130001706,1950.7369109947645,0.38089005235602097
765,0.000200823,0.0,0.14419876665541548,1948.4980392156863,0.38169934640522873
766,0.000200794,0.0,0.1417768937635749,1951.503916449086,0.3825065274151436
767,0.000200602,0.0,0.14112217369466895,1949.5880052151238,0.3833116036505867
768,0.000200457,0.0,0.14227578039959643,1947.35546875,0.3828125
769,0.000200155,0.0,0.1434242054353483,1945.1274382314693,0.3823146944083225
770,0.000200087,0.0,0.1445674772256528,1942.9038961038962,0.38181818181818183
771,0.000199675,0.0,0.14570562400044026,1940.6848249027237,0.38132295719844356
772,0.000199582,0.0,0.14683867379744037,1938.470207253886,0.38082901554404147
773,0.000199115,0.0,0.1479666544637649,1936.2600258732211,0.38033635187580855
774,0.000198683,0.0,0.14908959365747423,1934.0542635658915,0.3798449612403101
775,0.000198593,0.0,0.15020751884912933,1931.8529032258064,0.3793548387096774
776,0.000198474,0.0,0.15132045732332816,1929.6559278350514,0.3801546391752577
777,0.000197711,0.0,0.15242843618022786,1927.4633204633205,0.37966537966537967
778,0.000197247,0.0,0.1535314823370516,1925.2750642673523,0.3791773778920309
779,0.000197072,0.0,0.15462962252958143,1923.0911424903722,0.37869062901155326
780,0.000196999,0.0,0.15572288331363648,1920.9115384615384,0.3782051282051282
781,0.000196798,0.0,0.1550449928716903,1918.460947503201,0.37772087067861715
782,0.000196715,0.0,0.15613472422591904,1916.2902813299233,0.3772378516624041
783,0.000195783,0.0,0.15498803983851153,1918.287356321839,0.3767560664112388
784,0.000195756,0.0,0.15607525542769304,1916.1198979591836,0.3762755102040816
785,0.000195431,0.0,0.15337798232049257,1919.1808917197452,0.378343949044586
786,0.000194973,0.0,0.15446596243592597,1917.0152671755725,0.37786259541984735
787,0.000194557,0.0,0.15331845550252898,1919.0965692503178,0.37738246505717915
788,0.000193851,0.0,0.15440394108387975,1916.9340101522844,0.3769035532994924
789,0.000193782,0.0,0.15273043550755572,1919.6463878326997,0.3776932826362484
790,0.000193758,0.0,0.15381454499700428,1917.486075949367,0.37721518987341773
791,0.000192886,0.0,0.15489390606997167,1915.3299620733249,0.37673830594184576
792,0.000191563,0.0,0.15596854403539617,1913.1780303030303,0.37626262626262624
793,0.000191133,0.0,0.1544161027425997,1915.8209331651954,0.3770491803278688
794,0.00019107,0.0,0.15358786292045667,1915.5088161209069,0.3765743073047859
795,0.000190416,0.0,0.15128152430687053,1918.4591194968552,0.37735849056603776
796,0.000190285,0.0,0.15063782652873228,1916.1369346733668,0.3768844221105528
797,0.000190027,0.0,0.1517184047244089,1913.99121706399,0.37641154328732745
798,0.000189739,0.0,0.15091994605857012,1913.4486215538848,0.37593984962406013
799,0.000189573,0.0,0.15007032645888316,1913.9324155193992,0.37546933667083854
800,0.000189462,0.0,0.15114938101981068,1911.79375,0.375
801,0.000189421,0.0,0.15026549486378163,1912.565543071161,0.37453183520599254
802,0.000188529,0.0,0.15134158473457576,1910.431421446384,0.3740648379052369
803,0.000188235,0.0,0.1498462271172421,1913.0361145703612,0.37484433374844334
804,0.000188233,0.0,0.15092063103006703,1910.9042288557214,0.3743781094527363
805,0.000188065,0.0,0.1492364693366994,1913.608695652174,0.37515527950310557
806,0.000188002,0.0,0.1471664076650299,1916.4689826302729,0.3759305210918114
807,0.000187683,0.0,0.1450755132337679,1919.3382899628252,0.37670384138785623
808,0.00018754,0.0,0.14615689022126865,1917.204207920792,0.37623762376237624
809,0.000187389,0.0,0.14723364682628132,1915.0741656365883,0.3757725587144623
810,0.000186511,0.0,0.145791196226113,1917.6444444444444,0.3765432098765432
811,0.000186244,0.0,0.14372299701233715,1920.4969173859433,0.37731196054254007
812,0.00018571,0.0,0.14480204260666976,1918.3669950738915,0.3768472906403941
813,0.000185402,0.0,0.1421046927452493,1921.3763837638376,0.37761377613776137
814,0.000185374,0.0,0.14052025792005599,1924.0233415233415,0.3796068796068796
815,0.000185371,0.0,0.14160312974219774,1921.8932515337424,0.3791411042944785
816,0.000185282,0.0,0.1426814214474422,1919.7671568627452,0.3786764705882353
817,0.000184144,0.0,0.1409389951494954,1922.4932680538557,0.379436964504284
818,0.000183842,0.0,0.14201611087265395,1920.3691931540343,0.37897310513447435
819,0.000183675,0.0,0.1430886872718831,1918.2490842490843,0.3785103785103785
820,0.000183137,0.0,0.14167438932893928,1920.8073170731707,0.37926829268292683
821,0.000183122,0.0,0.14274515957176492,1918.6894031668696,0.37880633373934225
822,0.000183111,0.0,0.1438114329337152,1916.5754257907543,0.37834549878345497
823,0.000182585,0.0,0.14487323247020678,1914.4653705953826,0.3778857837181045
824,0.000181575,0.0,0.14593058108974996,1912.3592233009708,0.3786407766990291
825,0.000180698,0.0,0.14399075865661423,1915.1454545454546,0.3793939393939394
826,0.000180554,0.0,0.1428113560914065,1917.3535108958838,0.3801452784503632
827,0.000180373,0.0,0.1418553085572831,1918.9709794437726,0.37968561064087064
828,0.000180363,0.0,0.141189397468965,1917.6099033816424,0.37922705314009664
829,0.000180077,0.0,0.14225126378074074,1915.5066344993968,0.37876960193003617
830,0.00017977,0.0,0.14330871415759242,1913.4072289156627,0.3783132530120482
831,0.000179272,0.0,0.1443617710223738,1911.3116726835137,0.3778580024067389
832,0.000178803,0.0,0.14311375105513738,1913.6334134615386,0.3786057692307692
833,0.000178327,0.0,0.14416478472322625,1911.5402160864346,0.37815126050420167
834,0.000178089,0.0,0.14284106613616854,1913.9928057553957,0.37889688249400477
835,0.000177962,0.0,0.14389023979285456,1911.9017964071857,0.3784431137724551
836,0.000177652,0.0,0.14493507981739712,1909.8145933014355,0.37799043062200954
837,0.00017758,0.0,0.1434988842336137,1912.3608124253285,0.37992831541218636
838,0.000177543,0.0,0.1426307773688187,1913.3973747016707,0.3794749403341289
839,0.000177204,0.0,0.14187756530216444,1913.3170441001191,0.37902264600715135
840,0.000177199,0.0,0.14292373081613963,1911.2333333333333,0.37976190476190474
841,0.000177142,0.0,0.14396560171647332,1909.15338882283,0.3793103448275862
842,0.000176499,0.0,0.14223182814922974,1911.8420427553444,0.38004750593824227
843,0.00017629,0.0,0.14145852588845337,1912.2728351126927,0.37959667852906287
844,0.000176222,0.0,0.14069905597474483,1912.5829383886255,0.3791469194312796
845,0.000175989,0.0,0.14174265504969066,1910.5065088757397,0.378698224852071
846,0.000175814,0.0,0.1427819965930669,1908.4338061465721,0.37825059101654845
847,0.000175572,0.0,0.1438171018168131,1906.3648170011807,0.3778040141676505
848,0.000175332,0.0,0.14484799180150756,1904.2995283018868,0.37735849056603776
849,0.000175272,0.0,0.14416636200589525,1903.447585394582,0.37691401648998824
850,0.000175186,0.0,0.14519425964505175,1901.3882352941177,0.3776470588235294
851,0.00017477,0.0,0.14621798440628114,1899.3325499412456,0.3772032902467685
852,0.000174712,0.0,0.14723755695663007,1897.280516431925,0.3779342723004695
853,0.000174675,0.0,0.14825299783595175,1895.232121922626,0.37749120750293086
854,0.000174506,0.0,0.14571276451295745,1898.15925058548,0.37822014051522246
855,0.000174183,0.0,0.1467288985870553,1896.1122807017543,0.37777777777777777
856,0.000173856,0.0,0.14482218065118982,1898.8516355140187,0.37850467289719625
857,0.00017376,0.0,0.1458377800171023,1896.806301050175,0.3780630105017503
858,0.000173551,0.0,0.14684929025525978,1894.7645687645688,0.3776223776223776
859,0.000172813,0.0,0.14785673144615422,1892.7264260768336,0.37718277066356226
860,0.000172599,0.0,0.14705304034218827,1893.1732558139536,0.3767441860465116
861,0.00017252,0.0,0.14640936171095673,1891.5911730545877,0.37630662020905925
862,0.000172237,0.0,0.14741531761646673,1889.560324825986,0.37587006960556846
863,0.000172191,0.0,0.14841724460687578,1887.5330243337196,0.37543453070683663
864,0.000171768,0.0,0.14941516235380634,1885.5092592592594,0.375
865,0.000171534,0.0,0.14862959270147055,1885.5502890173411,0.3745664739884393
866,0.000171125,0.0,0.14962492103493852,1883.5311778290993,0.3741339491916859
867,0.000170965,0.0,0.15061627883777598,1881.515570934256,0.3737024221453287
868,0.000170942,0.0,0.1498718694432302,1881.028801843318,0.37327188940092165
869,0.000170808,0.0,0.14890281776578237,1882.5362485615651,0.3739930955120829
870,0.00017074,0.0,0.1498932892018992,1880.5252873563218,0.3735632183908046
871,0.000170735,0.0,0.14887170355153823,1882.2652123995408,0.373134328358209
872,0.000170567,0.0,0.14986008050590316,1880.2568807339449,0.37270642201834864
873,0.000170508,0.0,0.14865027901095054,1882.4673539518901,0.3745704467353952
874,0.000170303,0.0,0.14739412550123146,1884.7574370709383,0.37528604118993136
875,0.000169759,0.0,0.14838304889136272,1882.7497142857144,0.37485714285714283
876,0.000169678,0.0,0.14754463119148084,1883.4600456621004,0.3744292237442922
877,0.000169643,0.0,0.14611223123312977,1885.963511972634,0.3751425313568985
878,0.000169551,0.0,0.14710132168545176,1883.9578587699316,0.37471526195899774
879,0.000169317,0.0,0.14808652292001398,1881.9556313993173,0.3742889647326507
880,0.000169176,0.0,0.149067853583193,1879.956818181818,0.37386363636363634
881,0.000168726,0.0,0.1469417963630943,1882.7457434733258,0.3745743473325766
882,0.000168711,0.0,0.14638299655326176,1880.7426303854875,0.3741496598639456
883,0.000168499,0.0,0.14442609983611343,1883.4790486976217,0.37485843714609285
884,0.000168113,0.0,0.14330905179519424,1885.5950226244345,0.3755656108597285
885,0.000167687,0.0,0.1442968883206598,1883.5977401129944,0.3751412429378531
886,0.000167609,0.0,0.14528087469560572,1881.6038374717832,0.3747178329571106
887,0.000167445,0.0,0.14626102923167983,1879.6133032694477,0.3742953776775648
888,0.000166899,0.0,0.14424883439468744,1882.3603603603603,0.3761261261261261
889,0.000166356,0.0,0.14272747633291105,1884.9066366704162,0.37682789651293586
890,0.000166145,0.0,0.1418001641508312,1886.4516853932585,0.37640449438202245
891,0.000165984,0.0,0.1427844662139077,1884.4601571268238,0.3759820426487093
892,0.000165851,0.0,0.14376495969628986,1882.4719730941704,0.3755605381165919
893,0.00016535,0.0,0.14474166258816926,1880.4871220604703,0.3751399776035834
894,0.000165127,0.0,0.14318907397254416,1883.0402684563758,0.37583892617449666
895,0.000164804,0.0,0.1421242037685623,1885.0614525139665,0.376536312849162
896,0.000164759,0.0,0.14109690108703704,1886.982142857143,0.37611607142857145
897,0.000164322,0.0,0.1399077597969175,1889.1973244147157,0.37681159420289856
898,0.000164112,0.0,0.13793311277141604,1891.913140311804,0.3775055679287305
899,0.000163962,0.0,0.13668214431253944,1894.2491657397109,0.3781979977753059
900,0.000163495,0.0,0.13766922327810496,1892.2588888888888,0.37777777777777777
901,0.000162806,0.0,0.13603519948540854,1894.850166481687,0.37846836847946724
902,0.000162332,0.0,0.13527411863983435,1895.5787139689578,0.3780487804878049
903,0.000162073,0.0,0.13626155225369943,1893.5902547065339,0.37763012181616834
904,0.000161984,0.0,0.13429903766427181,1896.2931415929204,0.37831858407079644
905,0.000161802,0.0,0.13280878021055417,1898.8033149171272,0.37900552486187844
906,0.000161732,0.0,0.13379849264011717,1896.8145695364237,0.37858719646799116
907,0.000161557,0.0,0.1332244695946191,1895.5777287761853,0.37816979051819183
908,0.000161226,0.0,0.132393629657486,1896.8909691629956,0.3777533039647577
909,0.000161221,0.0,0.1333818645227799,1894.907590759076,0.3773377337733773
910,0.000160887,0.0,0.13197445885540154,1897.3802197802197,0.378021978021978
911,0.000160876,0.0,0.13102985904745093,1899.2294182217342,0.37760702524698136
912,0.000160411,0.0,0.13201834263504722,1897.2467105263158,0.37719298245614036
913,0.000160311,0.0,0.13300310064922238,1895.2672508214678,0.37677984665936476
914,0.000160146,0.0,0.13398415028484403,1893.2910284463894,0.37636761487964987
915,0.000159111,0.0,0.1349615086380581,1891.3180327868852,0.37595628415300547
916,0.000159011,0.0,0.1338510819515895,1893.4519650655022,0.37663755458515286
917,0.000158558,0.0,0.13482663744382656,1891.4809160305344,0.376226826608506
918,0.000158429,0.0,0.13579853355420174,1889.513071895425,0.3758169934640523
919,0.000158217,0.0,0.13468328976909907,1891.6474428726876,0.3764961915125136
920,0.000158207,0.0,0.13565342056542778,1889.6815217391304,0.3760869565217391
921,0.000157868,0.0,0.13661992343438142,1887.7187839305104,0.3756786102062975
922,0.000157757,0.0,0.13758281497239785,1885.759219088937,0.3752711496746204
923,0.000157747,0.0,0.13540893367068907,1888.5059588299025,0.37594799566630555
924,0.000157575,0.0,0.1363720026587643,1886.547619047619,0.37554112554112556
925,0.00015753,0.0,0.13547580713049445,1888.158918918919,0.37513513513513513
926,0.000157517,0.0,0.1364367680310669,1886.2030237580993,0.3747300215982721
927,0.000157479,0.0,0.13569150535806998,1886.9341963322545,0.3743257820927724
928,0.00015743,0.0,0.13474475172547795,1888.7456896551723,0.3739224137931034
929,0.000157214,0.0,0.13570490847819985,1886.7922497308934,0.37351991388589884
930,0.000157185,0.0,0.1344948271845902,1889.0559139784946,0.3741935483870968
931,0.000156773,0.0,0.13545345398928693,1887.1041890440388,0.3748657357679914
932,0.000156102,0.0,0.13640853860474753,1885.1555793991417,0.37446351931330474
933,0.000156001,0.0,0.13571944056836496,1885.4576634512325,0.3740621650589496
934,0.000155735,0.0,0.13667209776247247,1883.5128479657387,0.37366167023554603
935,0.000155652,0.0,0.13762124489009817,1881.5711229946523,0.3732620320855615
936,0.000155618,0.0,0.13500485526589046,1884.400641025641,0.37393162393162394
937,0.000155278,0.0,0.1337661061660337,1886.7129135538953,0.37459978655282816
938,0.000154765,0.0,0.13197972166960217,1889.32302771855,0.3752665245202559
939,0.000154743,0.0,0.13293496244524175,1887.3791267305644,0.37486687965921195
940,0.000154637,0.0,0.13388670657099688,1885.4382978723404,0.37446808510638296
941,0.000154488,0.0,0.13232502499719398,1887.9553666312434,0.3751328374070138
942,0.00015441,0.0,0.13174397327363815,1887.3099787685776,0.3747346072186836
943,0.000154055,0.0,0.1326957463496683,1885.372216330859,0.3743372216330859
944,0.000154034,0.0,0.13093277538798773,1887.969279661017,0.3760593220338983
945,0.000153905,0.0,0.13043450444435534,1886.4232804232804,0.37566137566137564
946,0.000153673,0.0,0.1313865081751182,1884.4894291754756,0.3752642706131078
947,0.000153628,0.0,0.12912114377084447,1887.233368532207,0.3759239704329461
948,0.000153447,0.0,0.12807786572369548,1889.295358649789,0.37658227848101267
949,0.000153417,0.0,0.1290319209624855,1887.3614330874605,0.3772391991570074
950,0.00015246,0.0,0.12779466976825335,1889.6863157894736,0.3778947368421053
951,0.000152457,0.0,0.12585921792969057,1892.32912723449,0.3785488958990536
952,0.000152144,0.0,0.12681506687210245,1890.3949579831933,0.37815126050420167
953,0.000152109,0.0,0.12776747073735745,1888.4637985309548,0.3777544596012592
954,0.000152004,0.0,0.1287164447506759,1886.5356394129979,0.37735849056603776
955,0.000151837,0.0,0.12966200405354644,1884.6104712041886,0.3769633507853403
956,0.000151756,0.0,0.12911526222230402,1883.5836820083682,0.37656903765690375
957,0.000151352,0.0,0.12865050563154848,1881.7722048066876,0.3761755485893417
958,0.000151168,0.0,0.1295941498561033,1879.8549060542798,0.3757828810020877
959,0.000150985,0.0,0.12802000999996782,1882.3701772679874,0.37747653806047965
960,0.000150838,0.0,0.12896285496011956,1880.4541666666667,0.378125
961,0.000150512,0.0,0.1299023280441549,1878.54110301769,0.3777315296566077
962,0.000150496,0.0,0.1279062333066381,1881.1985446985448,0.3783783783783784
963,0.000150248,0.0,0.1288456521343011,1879.2866043613708,0.37798546209761164
964,0.000150121,0.0,0.1297817222282207,1877.377593360996,0.3775933609958506
965,0.000150033,0.0,0.13071445821710925,1875.4715025906735,0.3772020725388601
966,0.000149998,0.0,0.13164387465016897,1873.5683229813665,0.37681159420289856
967,0.000149908,0.0,0.13256998599761508,1871.6680455015512,0.3764219234746639
968,0.000149895,0.0,0.13349280665119448,1869.7706611570247,0.3760330578512397
969,0.000149867,0.0,0.13441235092470052,1867.8761609907122,0.37564499484004127
970,0.000149654,0.0,0.1336584417376896,1868.8092783505156,0.37628865979381443
971,0.000149573,0.0,0.13314029049724338,1867.3934088568485,0.37590113285272914
972,0.00014956,0.0,0.13105158537442552,1870.0781893004116,0.3765432098765432
973,0.000149225,0.0,0.13013394990699725,1871.8941418293937,0.3761562178828366
974,0.000148675,0.0,0.1295950231475578,1870.8110882956878,0.3757700205338809
975,0.000148513,0.0,0.1305189135753426,1868.9210256410256,0.37538461538461537
976,0.000148451,0.0,0.1297336179347025,1870.1506147540983,0.375
977,0.000148423,0.0,0.13065546182703905,1868.2630501535311,0.37563971340839303
978,0.000147837,0.0,0.12900654302430933,1870.7985685071574,0.37627811860940696
979,0.000147812,0.0,0.12992781252433397,1868.91215526047,0.37589376915219613
980,0.000147594,0.0,0.13084585076029118,1867.0285714285715,0.37551020408163266
981,0.000147571,0.0,0.12901183796865767,1869.6238532110092,0.3761467889908257
982,0.000147428,0.0,0.12844773992120614,1869.0570264765784,0.3757637474541752
983,0.000147345,0.0,0.12774248087492399,1869.8260427263479,0.37538148524923703
984,0.000147224,0.0,0.1267902604587068,1871.7560975609756,0.37601626016260165
985,0.000147196,0.0,0.12771141159751492,1869.8741116751269,0.3766497461928934
986,0.000147133,0.0,0.12862935327832825,1867.9949290060852,0.3762677484787018
987,0.000147039,0.0,0.1295440992094601,1866.1185410334347,0.375886524822695
988,0.00014682,0.0,0.12828968639724958,1868.4544534412955,0.3765182186234818
989,0.000146796,0.0,0.12920322797622702,1866.5793731041456,0.37613751263902934
990,0.000146548,0.0,0.12857333251796477,1866.7080808080807,0.37575757575757573
991,0.000146476,0.0,0.12948463278094494,1864.8365287588294,0.3753784056508577
992,0.000146415,0.0,0.12828232900388925,1867.1118951612902,0.37600806451612906
993,0.000146354,0.0,0.1267731151514541,1869.57804632427,0.3766364551863041
994,0.000146251,0.0,0.12768553061139332,1867.7062374245472,0.3762575452716298
995,0.000146105,0.0,0.12576051358483795,1870.3145728643217,0.3768844221105528
996,0.000145865,0.0,0.12502190935333612,1871.3664658634539,0.37650602409638556
997,0.000145784,0.0,0.12593534750122162,1869.495486459378,0.37612838515546637
998,0.000145462,0.0,0.12521286934680956,1870.4899799599198,0.375751503006012
999,0.00014545,0.0,0.1261242337228139,1868.6216216216217,0.37537537537537535
1000,0.000145141,0.0,0.12703246869408258,1866.756,0.375
1001,0.00014489,0.0,0.12793758743916037,1864.893106893107,0.3756243756243756
1002,0.000144695,0.0,0.1288396030675255,1863.0329341317365,0.37524950099800397
