519514 0.0370807
490872 0.0246795
1004172 0.0132962
482551 0.0115281
110361 0.00707264
244531 0.00705449
296675 0.00676817
980392 0.00670059
153610 0.00622213
821785 0.00621296
450459 0.00615348
836276 0.00600937
1597497 0.0054696
1484113 0.00527524
236648 0.00523558
908988 0.00496658
1645455 0.00488412
1285196 0.00466055
1476032 0.00456843
495028 0.00454685
1491540 0.00436353
148795 0.0043589
828102 0.00434135
66863 0.00432759
820273 0.00413664
491222 0.00406731
940496 0.00401162
874115 0.00387225
295508 0.00384192
1529457 0.00374628
1591363 0.00371083
1373835 0.00358594
491488 0.00345763
236744 0.00342922
332261 0.00340631
1023375 0.00339288
235238 0.0033726
431395 0.00332147
93726 0.00309363
554550 0.00308609
610570 0.00308175
535188 0.00300105
1610305 0.00297695
33743 0.0029752
1521599 0.00288886
974149 0.00287918
1491551 0.00285927
430030 0.00274122
1384408 0.00273933
840247 0.00267516
12503 0.00257086
382112 0.00250887
889270 0.00246639
158835 0.00245788
491496 0.00245559
1500650 0.002449
529122 0.00240868
295630 0.00239229
839263 0.00239205
820075 0.0023546
1513088 0.00232599
811424 0.00231675
153602 0.00231032
236257 0.00220988
679388 0.00218124
144948 0.00216174
431304 0.00213324
19281 0.00212806
608634 0.00212217
814042 0.00203589
939582 0.00201783
497197 0.00195836
529203 0.00192256
102261 0.00190602
1561612 0.00188633
507035 0.00186188
1353675 0.00184975
1436432 0.00183452
595921 0.00181967
820645 0.00179396
530006 0.00179124
69072 0.00178944
125533 0.00175251
463143 0.00172984
295535 0.00172141
268081 0.00170234
598128 0.00167736
1554943 0.00167489
1495173 0.00162548
235240 0.00158886
490869 0.00156835
1376265 0.00156108
1311190 0.00155851
820252 0.00155582
236740 0.00153907
999497 0.00152594
515208 0.00151847
1724455 0.00150353
288807 0.00148544
26416 0.00147764
1498417 0.00146368
266360 0.00146153
699918 0.0014468
223728 0.00142389
346619 0.00136836
910747 0.00132235
266955 0.00131379
1020112 0.00130761
1288747 0.00129281
986090 0.00128483
503864 0.00128386
604194 0.00126751
691753 0.00126365
962808 0.00126303
1292455 0.00122852
185064 0.00122364
714148 0.00121874
488890 0.00121115
958108 0.00120993
677386 0.00120899
908462 0.00120823
1205647 0.0012054
499989 0.00119134
903391 0.00118845
860496 0.00117857
606701 0.00117835
820518 0.00117434
163044 0.00116566
725757 0.0011633
602975 0.00115745
304834 0.00115724
430031 0.00114341
151170 0.0011351
579781 0.0011189
1175184 0.00111325
1295890 0.00110987
488904 0.00110062
797728 0.00108719
216814 0.00108576
854075 0.00107561
503729 0.00107552
508805 0.00106154
1071621 0.00105626
978003 0.00103519
268347 0.00103281
56094 0.00102408
1158903 0.00100552
498529 0.00100456
798678 0.00100321
376749 0.00100116
1264946 0.00099444
746586 0.000977609
457818 0.00097205
7660 0.000956764
916823 0.000953825
491535 0.000950584
499525 0.000946068
1012411 0.00094382
65546 0.000942495
990414 0.00093101
746298 0.000927031
1048850 0.000926127
1317739 0.000921083
491229 0.000876208
889123 0.000872341
810136 0.000869701
196866 0.000856037
873557 0.000854138
1240664 0.000851215
1114396 0.000845922
519560 0.000842154
409081 0.000842133
6269 0.000833834
231784 0.000828925
52526 0.000828169
235992 0.000826516
480414 0.000824988
670111 0.000812393
223814 0.000807232
306942 0.000803242
218702 0.000802107
488319 0.000795455
449271 0.000790994
80510 0.000789944
908367 0.000786603
133082 0.000780164
746657 0.000773177
749701 0.000768442
677785 0.000766215
850711 0.000763377
78851 0.000761649
1143919 0.000758356
471641 0.000756493
701238 0.000745271
27326 0.000739964
1030671 0.000734071
921996 0.000733741
667150 0.000723495
1179829 0.000722237
906895 0.000721793
635785 0.0007213
1245752 0.000719206
876019 0.000713264
1193463 0.00070898
50612 0.00070388
732718 0.000694138
464593 0.000693217
781815 0.000692201
103481 0.000691722
691798 0.00069125
1007684 0.000689918
151036 0.000679144
1085584 0.00067336
944240 0.000670489
485172 0.000661168
844213 0.000661166
766882 0.000659073
491305 0.000656208
445013 0.000647767
834641 0.000644024
638431 0.000642639
703432 0.000641861
220904 0.000640259
834371 0.000628276
406972 0.000627968
1261951 0.000625371
1255217 0.000623221
294430 0.000615562
331148 0.000614896
51666 0.000614464
314507 0.000609488
945618 0.000599766
890241 0.000599277
1264808 0.000595687
157297 0.000593744
219985 0.000589293
633632 0.000586733
817676 0.000586168
838445 0.000584242
354354 0.000580902
236358 0.000573691
340430 0.000570414
259494 0.000569544
35029 0.000567007
899195 0.000561675
891244 0.000560243
781629 0.0005602
456372 0.000551341
875696 0.00054775
439305 0.00054657
889228 0.000545609
906876 0.000542939
824748 0.000542598
869872 0.000540311
521251 0.000538964
130767 0.000537901
915680 0.000537374
903075 0.000532666
240991 0.000531793
294899 0.000524895
324157 0.000522207
1328662 0.000522073
821097 0.00052195
1021300 0.00051887
296693 0.000518065
961854 0.000512897
786398 0.000510975
1261150 0.000510852
1094385 0.000510781
130982 0.000506391
722914 0.000505645
598001 0.000501999
1256364 0.000500312
337611 0.000497247
369175 0.000492023
1277137 0.000491628
37214 0.000489385
366181 0.000486366
1022395 0.000486061
263221 0.000485723
16944 0.000483993
894086 0.000482643
633492 0.00048061
967994 0.000477216
783461 0.000477215
629780 0.000476127
708807 0.000475966
891925 0.000473336
431410 0.000470155
677752 0.000467915
1230169 0.000467569
1031210 0.00046694
821145 0.000466866
127693 0.000466508
916903 0.000466408
715582 0.000465925
1236869 0.000465528
509100 0.000462274
726235 0.000460212
433158 0.000459305
452221 0.000458851
1170167 0.00045857
912467 0.000456905
820857 0.000456463
1073620 0.000456131
897159 0.000453644
727023 0.00045356
928982 0.000453448
490004 0.00045207
135127 0.000447685
337821 0.0004463
782548 0.00043816
420807 0.000437741
120528 0.00043736
227310 0.000436638
726932 0.000434992
867700 0.000434268
7027 0.000434231
259702 0.000433043
78681 0.000430829
235993 0.000420556
263077 0.000420051
94997 0.000419685
785312 0.000419138
941384 0.000417965
1059424 0.000417098
430894 0.00041701
1022914 0.000416602
416224 0.000414984
811493 0.000414422
424847 0.000413847
238560 0.000413806
18641 0.00041254
1139587 0.00040654
290577 0.000405213
529146 0.00040109
250445 0.000395085
102616 0.000394965
834235 0.000392714
456849 0.000391993
921628 0.000391703
38216 0.000391681
1033287 0.000390272
13834 0.000389667
816246 0.000389536
1082629 0.000388762
391873 0.000388509
169505 0.000386659
296628 0.000385556
1003910 0.00038497
965366 0.000384663
867453 0.000384172
1192580 0.00038357
303063 0.000383472
746613 0.000382664
295517 0.000380091
699537 0.000379944
831774 0.000379892
193491 0.000379225
151049 0.000377688
222653 0.000377299
233137 0.000376047
47922 0.000373113
494593 0.000373005
710584 0.00036832
602163 0.000368133
568289 0.000367576
882585 0.000367492
536723 0.000367104
81610 0.000365225
1114122 0.000365163
952378 0.000364452
836568 0.000363591
929624 0.000360934
1192953 0.00036075
652177 0.000360537
206546 0.000359498
76382 0.000357945
443331 0.000357784
1282869 0.000357265
763750 0.000355197
821325 0.00035382
1025065 0.000353025
1310412 0.000352664
242543 0.000352544
838758 0.000351313
20576 0.000351285
1057776 0.00035033
825123 0.000349879
21542 0.000348712
259627 0.000348538
470656 0.000344765
1007181 0.000342868
822759 0.000341448
289421 0.000339257
1084158 0.000338684
383017 0.000338533
846257 0.000338049
526817 0.000336624
550487 0.00033606
606902 0.000334771
510610 0.000333667
536446 0.000332816
752437 0.000331856
89388 0.000331814
833762 0.000331076
860131 0.000330838
570594 0.000329318
280461 0.000329203
265856 0.000328809
307473 0.00032855
617771 0.000328043
2108 0.000327721
1045418 0.000327157
469898 0.000326227
532442 0.00032519
1050703 0.000324892
251443 0.000324503
595058 0.000324349
904652 0.000324134
121237 0.000324042
900295 0.000323784
551471 0.000323055
468891 0.000322798
849424 0.000322414
1121844 0.000321058
867174 0.000320433
668853 0.000318452
106830 0.000317766
514024 0.000316908
495101 0.000315507
496388 0.000310847
537885 0.000309314
477563 0.000308486
1193272 0.000306693
936840 0.000306225
455641 0.000305318
919308 0.000304324
781628 0.000304164
204639 0.000303809
247721 0.000303357
746605 0.000301118
867534 0.000300487
812609 0.000298643
1152589 0.0002986
1183303 0.000298486
710449 0.000297927
1290107 0.000296089
387619 0.000295741
746284 0.000294905
1153119 0.000294736
1123438 0.000293216
1275641 0.000292081
398624 0.000291587
1127031 0.000290151
982944 0.00029008
103482 0.000289623
168839 0.000288198
17937 0.000287342
383952 0.00028698
206840 0.000286784
325221 0.000286591
769867 0.000286564
1048636 0.000286426
919919 0.000286366
1022646 0.000286324
482459 0.000286173
466696 0.000285153
1189411 0.000285139
230785 0.000282997
911224 0.000282126
60808 0.000281881
1152515 0.000281631
223031 0.000280992
174250 0.000280144
115926 0.000279878
1056294 0.000279843
1310707 0.000279787
503003 0.000278078
132806 0.000277832
455685 0.000276941
218180 0.000275363
315458 0.000274587
1271157 0.000273427
105779 0.000272803
727342 0.000270874
773685 0.000270548
1038182 0.000269862
840220 0.000268248
1038720 0.000267071
512213 0.00026322
430041 0.000262863
1060540 0.000262706
862894 0.000259928
29036 0.000259657
247638 0.000259614
1333678 0.000258785
1115152 0.000258766
930730 0.000258516
865601 0.000258222
425713 0.000257425
850026 0.000255932
1201110 0.000255614
987736 0.000254753
68389 0.000254609
136253 0.000254469
890072 0.000254459
528434 0.000254379
1095765 0.000254308
1166928 0.000253502
637112 0.000253096
436705 0.000251736
978893 0.00025161
399206 0.000251328
1025812 0.000250769
1087608 0.000250397
123342 0.000250017
502814 0.000248902
108221 0.000248543
24081 0.000248144
290474 0.000248067
417847 0.000247938
1343221 0.000247664
908575 0.000246285
1045114 0.000244555
1102373 0.000244537
621908 0.000244424
768365 0.000244285
1114646 0.000244267
890343 0.000243661
802737 0.000243557
379210 0.000243305
388012 0.000243044
164706 0.000242082
508346 0.000241472
148170 0.000241237
1094446 0.000239823
1218331 0.000239577
882161 0.000239503
377754 0.000238804
936882 0.000238795
909538 0.000237793
51187 0.000236808
1340906 0.000236573
543058 0.000236431
1171325 0.000236088
961575 0.000235945
930502 0.000235795
884856 0.000235562
1201128 0.000234185
1086862 0.000234183
645747 0.000234016
539431 0.000233985
1128598 0.000233949
562074 0.000232779
661995 0.000232151
780887 0.000229361
973047 0.000229206
1257504 0.00022869
280559 0.000227964
89237 0.000227928
493020 0.000226243
72541 0.000225747
122608 0.000224226
1003397 0.00022422
431473 0.000223579
364317 0.000223057
766268 0.00022238
1044911 0.000221758
783445 0.000221277
97851 0.000220955
455405 0.000220791
50655 0.000219897
547187 0.00021934
245029 0.000219313
1346110 0.000219298
1101514 0.000219235
1197550 0.000218655
661963 0.000218181
500756 0.000218032
167067 0.000217524
28163 0.000217519
677981 0.00021727
1277555 0.000217099
651431 0.000216931
822164 0.000216862
490459 0.000216238
545995 0.000215565
489558 0.000215267
857554 0.000214876
1264714 0.00021467
734657 0.000213103
526599 0.000212821
469930 0.000212674
16822 0.000212439
1217750 0.000212295
578691 0.000211044
288530 0.000209517
1227458 0.000209403
959599 0.000209257
1239176 0.000209079
370185 0.000208931
772050 0.000208892
1027381 0.000208347
234265 0.000207976
529172 0.00020753
865090 0.000207454
151156 0.000206955
215187 0.000206913
996580 0.000206864
27250 0.000206324
1282577 0.000206102
1339517 0.0002053
488143 0.000204685
1070281 0.000204582
901101 0.000204395
1138207 0.000204262
922814 0.000203458
1177220 0.000201828
710228 0.000201288
879762 0.000200823
258732 0.000200794
23073 0.000200602
1089661 0.000200087
1192107 0.000199675
839290 0.000199115
843523 0.000198683
913072 0.000197711
854699 0.000197072
921062 0.000196999
571921 0.000196798
1110729 0.000196715
401733 0.000195783
663349 0.000195431
485239 0.000194557
1259684 0.000193851
726280 0.000193782
867675 0.000192886
1172678 0.000191563
147960 0.000191133
471289 0.00019107
247480 0.000190416
250140 0.000190285
79493 0.000189739
67735 0.000189573
1039577 0.000189462
48513 0.000189421
1310784 0.000188529
4438 0.000188235
235878 0.000188065
495820 0.000188002
386463 0.000187683
1125806 0.00018754
95750 0.000186511
490685 0.000186244
851927 0.00018571
241326 0.000185402
781623 0.000185374
828606 0.000185282
162238 0.000184144
873953 0.000183842
512395 0.000183137
984500 0.000182585
1267128 0.000181575
290661 0.000180698
224623 0.000180554
631776 0.000180373
466726 0.000180363
50937 0.000178803
474796 0.000178089
1082504 0.000177962
1012800 0.000177652
781233 0.00017758
755853 0.000177543
777253 0.000177204
990467 0.000177142
198863 0.000176499
642582 0.00017629
72446 0.000176222
1131898 0.000175572
608659 0.000175272
1098622 0.000175186
953833 0.00017477
1016168 0.000174675
271211 0.000174506
990110 0.000174183
488355 0.000173856
268169 0.000172599
161846 0.00017252
850193 0.000172237
238446 0.000171534
933797 0.000171125
1200539 0.000170965
534254 0.000170942
440676 0.000170808
892438 0.00017074
175670 0.000170735
684376 0.000170508
788704 0.000170303
1081600 0.000169759
431950 0.000169678
236720 0.000169643
1307562 0.000169317
878200 0.000169176
420068 0.000168726
771611 0.000168711
433678 0.000168499
489431 0.000168113
1203172 0.000167445
382944 0.000166899
719652 0.000166356
776610 0.000166145
1020836 0.00016535
502737 0.000165127
256175 0.000164804
92500 0.000164759
118911 0.000164322
745255 0.000164112
159593 0.000163962
466554 0.000162806
571993 0.000162332
1142420 0.000162073
427314 0.000161984
800456 0.000161802
18704 0.000161557
517789 0.000161226
1143896 0.000161221
769889 0.000160887
234738 0.000160876
888909 0.000160411
1196845 0.000159111
263003 0.000159011
1050140 0.000158429
103777 0.000158217
1294495 0.000157868
776518 0.000157747
353703 0.00015753
409588 0.000157479
56650 0.00015743
844904 0.000157214
342902 0.000157185
882694 0.000156773
556938 0.000156001
918369 0.000155735
295414 0.000155618
795431 0.000155278
180459 0.000154765
1142401 0.000154743
505022 0.000154488
487194 0.00015441
1073466 0.000154055
12508 0.000154034
524019 0.000153905
263673 0.000153628
412204 0.000153447
1296039 0.000153417
462844 0.00015246
465532 0.000152457
1264729 0.000152109
892936 0.000152004
293064 0.000151756
675355 0.000151352
491313 0.000150985
844609 0.000150838
881262 0.000150512
236634 0.000150496
910713 0.000150248
1039089 0.000150121
990679 0.000149998
1263279 0.000149908
840206 0.000149895
1050829 0.000149867
219023 0.000149654
474470 0.000149573
235773 0.00014956
582332 0.000149225
688399 0.000148675
821088 0.000148513
433027 0.000148451
1203777 0.000148423
448479 0.000147837
866080 0.000147594
386469 0.000147571
87775 0.000147428
435229 0.000147345
181362 0.000147224
902509 0.000147039
640602 0.00014682
891111 0.000146796
62442 0.000146548
822530 0.000146476
781129 0.000146415
615382 0.000146354
1183357 0.000146251
491608 0.000146105
114097 0.000145865
215724 0.000145462
878501 0.000145141
925086 0.00014489
1160722 0.000144695
