519514 0.0370807
490872 0.0246795
1004172 0.0132962
482551 0.0115281
110361 0.00707264
244531 0.00705449
296675 0.00676817
980392 0.00670059
153610 0.00622213
821785 0.00621296
450459 0.00615348
836276 0.00600937
1597497 0.0054696
1484113 0.00527524
236648 0.00523558
908988 0.00496658
1645455 0.00488412
1285196 0.00466055
1476032 0.00456843
495028 0.00454685
1491540 0.00436353
148795 0.0043589
828102 0.00434135
66863 0.00432759
820273 0.00413664
491222 0.00406731
940496 0.00401162
874115 0.00387225
295508 0.00384192
1529457 0.00374628
1591363 0.00371083
1373835 0.00358594
491488 0.00345763
236744 0.00342922
332261 0.00340631
1023375 0.00339288
235238 0.0033726
431395 0.00332147
93726 0.00309363
554550 0.00308609
610570 0.00308175
535188 0.00300105
1610305 0.00297695
33743 0.0029752
1521599 0.00288886
974149 0.00287918
1491551 0.00285927
430030 0.00274122
1384408 0.00273933
840247 0.00267516
12503 0.00257086
382112 0.00250887
889270 0.00246639
158835 0.00245788
491496 0.00245559
1500650 0.002449
529122 0.00240868
295630 0.00239229
839263 0.00239205
820075 0.0023546
1513088 0.00232599
811424 0.00231675
153602 0.00231032
236257 0.00220988
679388 0.00218124
144948 0.00216174
431304 0.00213324
19281 0.00212806
608634 0.00212217
814042 0.00203589
939582 0.00201783
497197 0.00195836
529203 0.00192256
102261 0.00190602
1561612 0.00188633
507035 0.00186188
1353675 0.00184975
1436432 0.00183452
595921 0.00181967
820645 0.00179396
530006 0.00179124
69072 0.00178944
125533 0.00175251
463143 0.00172984
295535 0.00172141
268081 0.00170234
598128 0.00167736
1554943 0.00167489
1495173 0.00162548
235240 0.00158886
490869 0.00156835
1376265 0.00156108
1311190 0.00155851
820252 0.00155582
236740 0.00153907
999497 0.00152594
515208 0.00151847
1724455 0.00150353
288807 0.00148544
26416 0.00147764
1498417 0.00146368
