N,min_psi_emul,min_psi_model,kendall,mean_dist,common_users_prop
2,0.0246795,0.122545,1.0,1.0,1.0
3,0.0132962,0.0409036,1.0,3.3333333333333335,0.6666666666666666
4,0.0115281,0.022779,0.6666666666666669,3.0,0.75
5,0.00707264,0.0217305,0.6,2.6,0.6
6,0.00705449,0.0208342,0.4666666666666666,2.6666666666666665,0.6666666666666666
7,0.00676817,0.0205122,0.4285714285714286,2.5714285714285716,0.8571428571428571
8,0.00670059,0.0161976,0.5714285714285714,3.125,0.75
9,0.00622213,0.0148661,0.6666666666666666,5.222222222222222,0.6666666666666666
10,0.00621296,0.0145873,0.6888888888888888,6.2,0.6
11,0.00615348,0.0130376,0.7454545454545454,7.545454545454546,0.5454545454545454
12,0.00600937,0.0129211,0.5757575757575757,7.583333333333333,0.6666666666666666
13,0.0054696,0.0126794,0.564102564102564,7.230769230769231,0.6153846153846154
14,0.00527524,0.0119038,0.4945054945054945,7.214285714285714,0.6428571428571429
15,0.00523558,0.0115334,0.4666666666666667,6.933333333333334,0.6666666666666666
16,0.00496658,0.0103973,0.41666666666666663,6.9375,0.75
17,0.00488412,0.0102911,0.4411764705882352,6.882352941176471,0.7647058823529411
18,0.00466055,0.00986084,0.5032679738562092,37.833333333333336,0.7222222222222222
19,0.00456843,0.00892445,0.543859649122807,37.31578947368421,0.6842105263157895
20,0.00454685,0.00891463,0.5263157894736842,35.45,0.65
21,0.00436353,0.00890062,0.5047619047619049,33.95238095238095,0.7142857142857143
22,0.0043589,0.0082867,0.5324675324675324,33.40909090909091,0.6818181818181818
23,0.00434135,0.0077795,0.549407114624506,32.56521739130435,0.6521739130434783
24,0.00432759,0.00704321,0.5,31.666666666666668,0.7083333333333334
25,0.00413664,0.00666693,0.5333333333333332,33.48,0.68
26,0.00406731,0.0064927,0.5076923076923078,32.5,0.7307692307692307
27,0.00401162,0.0063368,0.49287749287749294,31.51851851851852,0.7407407407407407
28,0.00387225,0.00614256,0.4285714285714285,31.107142857142858,0.75
29,0.00384192,0.00566438,0.4482758620689654,30.379310344827587,0.7241379310344828
30,0.00374628,0.00555846,0.4666666666666667,29.766666666666666,0.7
31,0.00371083,0.00552673,0.4709677419354839,28.870967741935484,0.6774193548387096
32,0.00358594,0.00549353,0.5000000000000001,33.65625,0.6875
33,0.00345763,0.00498974,0.4848484848484849,32.90909090909091,0.7272727272727273
34,0.00342922,0.00498678,0.4581105169340464,32.38235294117647,0.7647058823529411
35,0.00340631,0.00492344,0.4789915966386554,32.34285714285714,0.7428571428571429
36,0.00339288,0.00488005,0.47936507936507944,31.47222222222222,0.75
37,0.0033726,0.00458988,0.4294294294294294,31.35135135135135,0.7567567567567568
38,0.00332147,0.00448319,0.44807965860597443,31.18421052631579,0.7631578947368421
39,0.00309363,0.00440954,0.46828609986504727,31.794871794871796,0.7435897435897436
40,0.00308609,0.00423256,0.4897435897435898,32.75,0.75
41,0.00308175,0.00402103,0.4902439024390244,31.975609756097562,0.7560975609756098
42,0.00300105,0.00360881,0.4518002322880372,31.88095238095238,0.7619047619047619
43,0.00297695,0.00350724,0.47065337763012177,32.627906976744185,0.7674418604651163
44,0.0029752,0.00320155,0.4566596194503171,32.27272727272727,0.7727272727272727
45,0.00288886,0.00311787,0.46868686868686865,32.28888888888889,0.7777777777777778
46,0.00287918,0.00297947,0.48212560386473435,32.65217391304348,0.7608695652173914
47,0.00285927,0.00288351,0.45975948196114713,32.48936170212766,0.7659574468085106
48,0.00274122,0.00278014,0.45921985815602845,31.958333333333332,0.7916666666666666
49,0.00273933,0.00272472,0.48129251700680264,46.69387755102041,0.7755102040816326
50,0.00267516,0.00267833,0.4873469387755102,46.14,0.76
51,0.00257086,0.00266879,0.4933333333333334,45.64705882352941,0.7450980392156863
52,0.00250887,0.00266161,0.493212669683258,44.82692307692308,0.7307692307692307
53,0.00246639,0.00264518,0.48040638606676345,44.339622641509436,0.7358490566037735
54,0.00245788,0.00262285,0.4926624737945492,44.48148148148148,0.7222222222222222
55,0.00245559,0.00257799,0.4814814814814815,44.018181818181816,0.7272727272727273
56,0.002449,0.00253354,0.4961038961038961,44.80357142857143,0.7321428571428571
57,0.00240868,0.0024806,0.4912280701754386,44.26315789473684,0.7368421052631579
58,0.00239229,0.00246745,0.49062310949788257,43.51724137931034,0.7413793103448276
59,0.00239205,0.00242838,0.5032144944476913,43.88135593220339,0.7288135593220338
60,0.0023546,0.00227893,0.5163841807909605,45.266666666666666,0.7166666666666667
61,0.00232599,0.00219205,0.5300546448087432,48.295081967213115,0.7049180327868853
62,0.00231675,0.00217597,0.5081967213114754,48.096774193548384,0.7096774193548387
63,0.00231032,0.0021027,0.5104966717869943,47.77777777777778,0.6984126984126984
64,0.00220988,0.00208636,0.49107142857142855,47.578125,0.71875
65,0.00218124,0.0020726,0.48653846153846164,47.01538461538462,0.7230769230769231
66,0.00216174,0.00198803,0.48904428904428904,46.621212121212125,0.7121212121212122
67,0.00213324,0.00198796,0.4871099050203529,45.97014925373134,0.7313432835820896
68,0.00212806,0.00197444,0.47497805092186124,45.73529411764706,0.7352941176470589
69,0.00212217,0.00185937,0.46888320545609546,45.405797101449274,0.7391304347826086
70,0.00203589,0.00180078,0.45010351966873713,45.357142857142854,0.7571428571428571
71,0.00201783,0.00177099,0.4462776659959759,45.014084507042256,0.7605633802816901
72,0.00195836,0.00175384,0.45383411580594674,44.833333333333336,0.75
73,0.00192256,0.00172275,0.4497716894977169,44.49315068493151,0.7671232876712328
74,0.00190602,0.00172141,0.4601999259533507,44.74324324324324,0.7567567567567568
75,0.00188633,0.00170451,0.47099099099099107,45.08,0.7466666666666667
76,0.00186188,0.00168323,0.48140350877192994,45.526315789473685,0.7368421052631579
77,0.00184975,0.00168179,0.4832535885167464,45.12987012987013,0.7272727272727273
78,0.00183452,0.00168016,0.4931734931734932,45.61538461538461,0.717948717948718
79,0.00181967,0.00164,0.49042518662771833,45.177215189873415,0.7341772151898734
80,0.00179396,0.00163545,0.4962025316455696,45.0625,0.725
81,0.00179124,0.00155869,0.5067901234567901,46.82716049382716,0.7160493827160493
82,0.00178944,0.00150229,0.4965371875940982,46.707317073170735,0.7195121951219512
83,0.00175251,0.00147225,0.49808992065824265,46.325301204819276,0.7108433734939759
84,0.00172984,0.00147151,0.5100401606425703,55.75,0.7023809523809523
85,0.00172141,0.00146248,0.5109243697478992,55.28235294117647,0.6941176470588235
86,0.00170234,0.00144637,0.5206566347469219,59.52325581395349,0.686046511627907
87,0.00167736,0.00141869,0.5188452285485164,58.9080459770115,0.6781609195402298
88,0.00167489,0.00139112,0.5088819226750262,58.68181818181818,0.6931818181818182
89,0.00162548,0.00136468,0.515832482124617,58.853932584269664,0.6853932584269663
90,0.00158886,0.00136467,0.5056179775280899,58.666666666666664,0.6888888888888889
91,0.00156835,0.0013382,0.5018315018315018,58.175824175824175,0.6923076923076923
92,0.00156108,0.00132959,0.5097945532728141,58.90217391304348,0.6956521739130435
93,0.00155851,0.00132796,0.5133239831697055,58.666666666666664,0.6989247311827957
94,0.00155582,0.00128989,0.5209334248455731,59.58510638297872,0.7021276595744681
95,0.00153907,0.00127068,0.5023516237402015,59.642105263157895,0.7157894736842105
96,0.00152594,0.00126078,0.5096491228070175,60.385416666666664,0.71875
97,0.00151847,0.00125161,0.5154639175257734,60.81443298969072,0.711340206185567
98,0.00150353,0.00124615,0.5181990321901957,60.63265306122449,0.7040816326530612
99,0.00148544,0.00123475,0.5102040816326532,60.39393939393939,0.7171717171717171
100,0.00147764,0.00121724,0.5151515151515152,60.56,0.71
101,0.00146368,0.00121637,0.506930693069307,60.386138613861384,0.7128712871287128
102,0.00146153,0.00120575,0.5103863327509222,60.245098039215684,0.7156862745098039
103,0.00144759,0.00119595,0.5023795926137445,60.067961165048544,0.7281553398058253
104,0.0014468,0.00113783,0.5078416728902166,60.33653846153846,0.7211538461538461
105,0.00142389,0.00111966,0.5025641025641024,60.05714285714286,0.7333333333333333
106,0.00138729,0.00111376,0.49685534591194974,59.820754716981135,0.7358490566037735
107,0.00136836,0.0011083,0.4886263445600424,59.700934579439256,0.7476635514018691
108,0.00132986,0.0011012,0.48978885427483554,59.28703703703704,0.75
109,0.00132788,0.00109752,0.48589874277947676,59.018348623853214,0.7522935779816514
110,0.00132235,0.00107021,0.47589658048373634,59.00909090909091,0.7545454545454545
111,0.00131379,0.00106952,0.4771498771498771,58.549549549549546,0.7567567567567568
112,0.00130761,0.00105436,0.4845559845559845,59.357142857142854,0.75
113,0.00129281,0.00105237,0.486409608091024,58.991150442477874,0.7433628318584071
114,0.00128483,0.00104379,0.48051544791181494,58.85964912280702,0.7456140350877193
115,0.00128386,0.00104129,0.488329519450801,60.721739130434784,0.7391304347826086
116,0.00126751,0.00103571,0.48425787106446777,60.5,0.7413793103448276
117,0.00126365,0.00101745,0.4842322428529325,60.02564102564103,0.7521367521367521
118,0.00126303,0.00101496,0.47732869766768077,59.94915254237288,0.7542372881355932
119,0.00123106,0.00100845,0.4846887907705456,61.403361344537814,0.7478991596638656
120,0.00122852,0.00100521,0.4896358543417366,61.59166666666667,0.75
121,0.00122364,0.000999362,0.49035812672176304,61.11570247933884,0.743801652892562
122,0.00121874,0.000991354,0.49817097954206746,65.09016393442623,0.7377049180327869
123,0.00121115,0.000989711,0.4938024790083966,64.83739837398375,0.7398373983739838
124,0.00120993,0.000974135,0.4891161814843954,64.64516129032258,0.75
125,0.00120899,0.000894406,0.4867096774193548,64.328,0.76
126,0.00120823,0.000885337,0.48800000000000004,63.8968253968254,0.7619047619047619
127,0.0012054,0.000862796,0.4913135858017747,63.71653543307087,0.7559055118110236
128,0.00119134,0.000849495,0.48056102362204733,63.8203125,0.7578125
129,0.00118926,0.00084262,0.47601744186046513,63.674418604651166,0.7596899224806202
130,0.00118845,0.000842349,0.48026237328562904,63.676923076923075,0.7538461538461538
131,0.00117857,0.000826616,0.4877275396359366,67.94656488549619,0.7557251908396947
132,0.00117835,0.00082353,0.4855424473745084,67.65151515151516,0.7651515151515151
133,0.00117434,0.000812187,0.48781043517885625,67.3157894736842,0.7593984962406015
134,0.00116566,0.000801423,0.48961957131635053,66.93283582089552,0.753731343283582
135,0.0011633,0.000800388,0.48745163073521286,66.65925925925926,0.7555555555555555
136,0.00115745,0.000796608,0.48082788671023957,66.63235294117646,0.7573529411764706
137,0.00115724,0.000795637,0.48518677544010297,66.68613138686132,0.7591240875912408
138,0.00114341,0.000791659,0.47953030783878137,66.6231884057971,0.7681159420289855
139,0.0011351,0.000765362,0.48472526326764676,66.94244604316546,0.762589928057554
140,0.00113401,0.000763304,0.4875642343268243,66.76428571428572,0.7571428571428571
141,0.00112973,0.000758359,0.4897669706180344,66.45390070921985,0.75177304964539
142,0.00112149,0.000755916,0.48916192188592544,66.08450704225352,0.7605633802816901
143,0.0011189,0.000749113,0.48251748251748244,66.0979020979021,0.7622377622377622
144,0.00111325,0.000729386,0.48387723387723386,65.6875,0.7569444444444444
145,0.00110987,0.000725073,0.4837164750957854,65.31724137931035,0.7655172413793103
146,0.00110276,0.000719388,0.48946622579121396,66.44520547945206,0.7671232876712328
147,0.00110062,0.000718438,0.49417575249277795,66.72108843537416,0.7619047619047619
148,0.00108819,0.000704989,0.4962309248023534,66.45270270270271,0.7567567567567568
149,0.00108719,0.000697441,0.49809541084708864,66.16107382550335,0.7583892617449665
150,0.00108576,0.000692194,0.5010290827740491,66.02666666666667,0.7533333333333333
151,0.00107561,0.000688883,0.5076379690949226,70.72185430463576,0.7549668874172185
152,0.00107552,0.000675766,0.5052283025444406,70.46710526315789,0.7631578947368421
153,0.00106154,0.000667695,0.5104919160646716,72.18954248366013,0.7581699346405228
154,0.00105626,0.000660992,0.5160003395297512,74.6948051948052,0.7532467532467533
155,0.00103519,0.000656991,0.5098449937159614,74.65806451612903,0.7548387096774194
156,0.00103281,0.000654928,0.5050454921422664,74.5576923076923,0.7628205128205128
157,0.00102408,0.000653617,0.5100440960313571,76.28025477707007,0.7643312101910829
158,0.00100552,0.000649816,0.5038297186164639,76.25949367088607,0.7658227848101266
159,0.00100456,0.000647881,0.4941485550513494,76.40880503144655,0.7672955974842768
160,0.00100321,0.000644028,0.494811320754717,75.94375,0.7625
161,0.00100116,0.000633984,0.499223602484472,76.73913043478261,0.7577639751552795
162,0.00099444,0.00063032,0.4893029675638372,76.91975308641975,0.7654320987654321
163,0.000980759,0.000617738,0.48663182610012873,76.74846625766871,0.7730061349693251
164,0.000978283,0.000604364,0.4928924135867126,81.33536585365853,0.774390243902439
165,0.000977609,0.000601995,0.4951958610495196,81.06060606060606,0.7757575757575758
166,0.00097205,0.000600742,0.5008397225264695,84.94578313253012,0.7710843373493976
167,0.000956764,0.000598504,0.503499026044297,84.74850299401197,0.7664670658682635
168,0.000953825,0.000596281,0.5071285999429712,85.03571428571429,0.7619047619047619
169,0.000950584,0.000593507,0.5040856579318118,84.83431952662721,0.7692307692307693
170,0.00094622,0.000588438,0.5050469892098852,84.41176470588235,0.7647058823529411
171,0.000946068,0.000574671,0.49638802889576883,84.53801169590643,0.7660818713450293
172,0.00094382,0.00056573,0.4943560451516388,84.29651162790698,0.7674418604651163
173,0.000942495,0.000561335,0.4996639333243716,87.59537572254335,0.7687861271676301
174,0.000934582,0.00055971,0.49930237193541954,87.17241379310344,0.7701149425287356
175,0.000931193,0.000555885,0.5025287356321839,87.24571428571429,0.7657142857142857
176,0.00093101,0.000551691,0.505064935064935,87.11363636363636,0.7670454545454546
177,0.000927031,0.000540603,0.5060349255264509,86.71186440677967,0.7627118644067796
178,0.000926127,0.000539996,0.5076493366342919,86.38202247191012,0.7640449438202247
179,0.000921083,0.000536923,0.5023539011989203,86.36312849162012,0.7653631284916201
180,0.000910944,0.000534145,0.5057728119180633,86.71666666666667,0.7611111111111111
181,0.00088815,0.000532305,0.5096378146101903,87.7513812154696,0.7569060773480663
182,0.000885398,0.000531755,0.5146621334466639,91.28021978021978,0.7527472527472527
183,0.000876208,0.000527315,0.518885486098601,93.14754098360656,0.7540983606557377
184,0.000872341,0.000522084,0.5136612021857924,93.10326086956522,0.7608695652173914
185,0.000869701,0.000513232,0.5153936545240894,92.85945945945946,0.7567567567567568
186,0.000866198,0.000512254,0.5138622493461202,92.54301075268818,0.7580645161290323
187,0.000856037,0.000494913,0.5161865332643322,92.45454545454545,0.7540106951871658
188,0.000854666,0.000480634,0.5122311980885198,92.35106382978724,0.7606382978723404
189,0.000854138,0.000477686,0.5145784081954294,92.27513227513228,0.7566137566137566
190,0.000851215,0.000476701,0.5173489278752436,92.48421052631579,0.7526315789473684
191,0.000845922,0.000475764,0.5175530449159548,92.02094240837697,0.7486910994764397
192,0.000842154,0.000463051,0.5208333333333334,92.90625,0.7447916666666666
193,0.000842133,0.000462463,0.5192141623488774,92.60103626943005,0.7512953367875648
194,0.000833834,0.000460749,0.5204316008760215,92.30927835051547,0.7525773195876289
195,0.000828925,0.000460042,0.5252445149352367,95.86666666666666,0.7538461538461538
196,0.000828169,0.000457833,0.5205651491365778,95.82142857142857,0.7602040816326531
197,0.000826516,0.000453382,0.5130011395421111,95.94923857868021,0.766497461928934
198,0.000824988,0.000452961,0.5143311285443266,95.64646464646465,0.7626262626262627
199,0.000812393,0.000449511,0.5184000812141516,98.07035175879398,0.7587939698492462
200,0.000807232,0.00044435,0.5230150753768844,101.415,0.76
201,0.000803242,0.000440107,0.5232835820895522,100.94029850746269,0.7562189054726368
202,0.000802107,0.000439681,0.5239643367321807,100.53465346534654,0.7574257425742574
203,0.000795455,0.000439523,0.522508901136419,100.22660098522168,0.7586206896551724
204,0.000790994,0.000428028,0.5260311020960109,101.76960784313725,0.7549019607843137
205,0.000789944,0.000427001,0.5296030607364896,103.78048780487805,0.7560975609756098
206,0.000786603,0.000425257,0.5320861946483543,104.33980582524272,0.7524271844660194
207,0.000780164,0.000424546,0.5249753763894752,104.43961352657004,0.7584541062801933
208,0.000778375,0.000420417,0.5204384986993683,104.39423076923077,0.7644230769230769
209,0.000773177,0.000419768,0.5193227824806773,104.02870813397129,0.7655502392344498
210,0.000768442,0.000412643,0.5211665527455001,103.93333333333334,0.7619047619047619
211,0.000766215,0.000411745,0.5147822162040171,104.01421800947867,0.7630331753554502
212,0.000763377,0.00041021,0.5133685057676831,103.71698113207547,0.7688679245283019
213,0.000761649,0.00040865,0.513065816281336,103.30046948356808,0.7699530516431925
214,0.000758356,0.000405353,0.5130533982712474,102.85981308411215,0.7710280373831776
215,0.000756493,0.000404654,0.5066289936970224,102.97209302325581,0.7767441860465116
216,0.000745271,0.000403463,0.50869939707149,102.93518518518519,0.7731481481481481
217,0.000740372,0.000401229,0.5112647209421403,103.3778801843318,0.7695852534562212
218,0.000739964,0.000396845,0.5107597344945674,103.0,0.7752293577981652
219,0.000737419,0.000396576,0.5138033597251896,103.9269406392694,0.771689497716895
220,0.000734071,0.000395749,0.5160647571606475,104.16818181818182,0.7727272727272727
221,0.000733741,0.000394471,0.5136157959687372,103.98642533936652,0.7737556561085973
222,0.00073246,0.00039296,0.5160409278056336,104.41441441441441,0.7747747747747747
223,0.000725859,0.000389887,0.519330990183008,105.87443946188341,0.7713004484304933
224,0.000723495,0.000385934,0.5176169122357464,105.625,0.7723214285714286
225,0.000722237,0.000385772,0.5210317460317461,107.37777777777778,0.7688888888888888
226,0.000721793,0.00038087,0.5241691248770896,108.81858407079646,0.7654867256637168
227,0.0007213,0.000379815,0.5221238938053097,108.59030837004406,0.7665198237885462
228,0.000719206,0.000379524,0.5199783599969086,108.38157894736842,0.7719298245614035
229,0.000713264,0.000376727,0.5240174672489083,111.17903930131004,0.7685589519650655
230,0.000711216,0.000376285,0.5275488893108031,113.45217391304348,0.7652173913043478
231,0.000711006,0.000373225,0.5261434217955957,113.14718614718615,0.7705627705627706
232,0.00070898,0.000372826,0.5215703836393492,113.15517241379311,0.771551724137931
233,0.000707524,0.000371462,0.5222731981648662,112.79399141630901,0.7682403433476395
234,0.000704368,0.000369067,0.523275008253549,112.51282051282051,0.7692307692307693
235,0.00070388,0.000364768,0.5191853064193489,112.49361702127659,0.774468085106383
236,0.000694138,0.000361285,0.5221781464118282,113.9322033898305,0.7711864406779662
237,0.000693217,0.000360874,0.5255667596367016,116.042194092827,0.7679324894514767
238,0.000692201,0.000358265,0.5265751870368399,115.79411764705883,0.7647058823529411
239,0.000691722,0.0003577,0.5229422312858197,115.73221757322176,0.7656903765690377
240,0.00069125,0.000357414,0.5227336122733612,115.3125,0.7708333333333334
241,0.000689918,0.0003571,0.5255878284923928,116.7883817427386,0.7717842323651453
242,0.000679767,0.000354084,0.5245704879805219,116.47933884297521,0.7727272727272727
243,0.000679144,0.00035243,0.527531204298881,117.99588477366255,0.7695473251028807
244,0.00067336,0.000350234,0.5296498684476826,118.67213114754098,0.7663934426229508
245,0.000670489,0.000349969,0.5322181331549013,119.9265306122449,0.763265306122449
246,0.000661168,0.00034939,0.52818981251037,119.90243902439025,0.7642276422764228
247,0.000661166,0.000345071,0.5314834929725816,122.0,0.7611336032388664
248,0.000659073,0.000342727,0.5327804623220582,122.10887096774194,0.7580645161290323
249,0.000656208,0.000342663,0.5348490737142115,123.08835341365462,0.7550200803212851
250,0.00065012,0.000342129,0.5338795180722893,122.764,0.756
251,0.000649862,0.000339156,0.5332589641434262,122.38645418326693,0.7609561752988048
252,0.000647767,0.000336538,0.5365205843293492,124.50396825396825,0.7579365079365079
253,0.000644024,0.000336094,0.536420101637493,124.03162055335969,0.7549407114624506
254,0.000642639,0.000335551,0.5391366593009865,125.54330708661418,0.7519685039370079
255,0.000641861,0.000330991,0.5392928825073335,125.11372549019607,0.7529411764705882
256,0.000640259,0.000330864,0.5356004901960785,125.04296875,0.75390625
257,0.000638296,0.000330185,0.5361746108949417,124.76264591439688,0.7509727626459144
258,0.000628276,0.000330118,0.5339788254456609,124.56589147286822,0.751937984496124
259,0.000627968,0.000328369,0.5305139026069259,124.4942084942085,0.7567567567567568
260,0.000625371,0.000327121,0.5313335313335312,124.34615384615384,0.7538461538461538
261,0.000624247,0.000325994,0.534335396404362,126.20306513409962,0.7509578544061303
262,0.000623221,0.000324736,0.5295838086046035,126.25954198473282,0.7557251908396947
263,0.000622274,0.000324444,0.5274722085159493,126.07604562737643,0.7604562737642585
264,0.000615562,0.000323961,0.5221223643276875,126.18939393939394,0.7651515151515151
265,0.000614896,0.000323944,0.5184676958261865,126.1622641509434,0.7660377358490567
266,0.000614464,0.00032288,0.5218612569158747,128.31578947368422,0.7631578947368421
267,0.000611802,0.000322187,0.5226831122750697,128.13483146067415,0.7602996254681648
268,0.000611759,0.000322161,0.5175247358712058,128.24253731343285,0.7649253731343284
269,0.000609488,0.000318449,0.519003495533485,128.47955390334573,0.7620817843866171
270,0.000599766,0.000317498,0.5165634035522512,128.36296296296297,0.7666666666666667
271,0.000599277,0.000313599,0.5195298619652863,130.15129151291512,0.7638376383763837
272,0.000595687,0.000312473,0.519155632732798,129.7610294117647,0.7683823529411765
273,0.000593744,0.000309828,0.520846800258565,130.26373626373626,0.7655677655677655
274,0.000589423,0.000304674,0.5218844415924708,130.27007299270073,0.7627737226277372
275,0.000589293,0.000301087,0.5186728599867286,130.22181818181818,0.7636363636363637
276,0.000586733,0.000295029,0.5194729907773387,130.08333333333334,0.7644927536231884
277,0.000586168,0.000292959,0.5206927222309423,130.24187725631768,0.7617328519855595
278,0.000584242,0.000291341,0.5211801677791341,130.01438848920864,0.7589928057553957
279,0.000583421,0.000290599,0.5214151259637452,129.6451612903226,0.7562724014336918
280,0.000580902,0.000290178,0.5227854582693293,129.8607142857143,0.7535714285714286
281,0.000573691,0.000289508,0.5183019827147941,129.95017793594306,0.7544483985765125
282,0.000570414,0.000289123,0.5167714091012341,129.77304964539007,0.7588652482269503
283,0.000569544,0.000286808,0.5161767285667745,129.46289752650176,0.7597173144876325
284,0.000567007,0.000284866,0.5188374060618126,130.94014084507043,0.7570422535211268
285,0.000564683,0.000282932,0.5187546330615271,130.50526315789475,0.7578947368421053
286,0.000561675,0.000279492,0.5162802110170531,130.4265734265734,0.7587412587412588
287,0.000560243,0.000279485,0.5155088813625399,130.14982578397212,0.759581881533101
288,0.0005602,0.000277837,0.5165505226480837,130.15625,0.7569444444444444
289,0.000555739,0.000275204,0.5171088043060361,129.91003460207614,0.754325259515571
290,0.000551383,0.000271974,0.5174800143181005,129.6448275862069,0.7517241379310344
291,0.000551341,0.000271136,0.5202275151084251,131.23367697594503,0.7491408934707904
292,0.000550386,0.00027004,0.5200772019018028,130.81164383561645,0.7534246575342466
293,0.00054775,0.000269009,0.523212866426668,132.6928327645051,0.7508532423208191
294,0.00054657,0.00026822,0.5233451742471733,132.31632653061226,0.7482993197278912
295,0.000545609,0.000266979,0.5225181598062955,132.02372881355933,0.752542372881356
296,0.000542939,0.000265323,0.5214841960604673,131.77364864864865,0.7567567567567568
297,0.000542598,0.000265177,0.5237965237965239,132.993265993266,0.7542087542087542
298,0.000540311,0.000265175,0.5219307165615892,132.86577181208054,0.7550335570469798
299,0.000538964,0.000264996,0.5188884649053894,132.8561872909699,0.7558528428093646
300,0.000537901,0.000262804,0.518706800445931,132.45,0.7566666666666667
301,0.000537374,0.000260806,0.5146843853820597,132.53488372093022,0.7574750830564784
302,0.000534581,0.000260323,0.5105058194539174,132.64900662251657,0.7615894039735099
303,0.000532666,0.000260046,0.513387100299434,134.24422442244224,0.759075907590759
304,0.000531793,0.000259081,0.5093798853569568,134.3421052631579,0.7598684210526315
305,0.000525547,0.000258685,0.5116479723899914,135.45901639344262,0.7573770491803279
306,0.000524895,0.000257928,0.511025393764063,135.16993464052288,0.7581699346405228
307,0.000522207,0.000251674,0.5139554193012711,136.83387622149837,0.758957654723127
308,0.000522073,0.000249154,0.5100046533271289,136.92857142857142,0.7597402597402597
309,0.00052195,0.000248055,0.5092674315975287,136.66990291262135,0.7605177993527508
310,0.00051887,0.000245581,0.5070049065664474,136.61290322580646,0.7612903225806451
311,0.000518065,0.000244835,0.5068976247277254,136.2411575562701,0.7652733118971061
312,0.000512897,0.000244207,0.5038750103058784,136.27243589743588,0.7692307692307693
313,0.000510975,0.000242867,0.5051609732120914,136.39936102236422,0.7667731629392971
314,0.000510852,0.000242318,0.503998697625201,136.22611464968153,0.767515923566879
315,0.000510781,0.000237847,0.5025781013042159,136.1015873015873,0.7682539682539683
316,0.000509189,0.00023717,0.5042796865581675,136.71835443037975,0.7658227848101266
317,0.000506391,0.000236932,0.506688495787246,138.00946372239747,0.7665615141955836
318,0.000505862,0.000235756,0.5084816379977383,138.7012578616352,0.7641509433962265
319,0.000505645,0.000232676,0.5091579424695885,138.52664576802508,0.7617554858934169
320,0.000501999,0.000232569,0.5112068965517241,139.48125,0.759375
321,0.000501113,0.000230236,0.5125389408099689,139.87227414330218,0.7570093457943925
322,0.000500312,0.000228889,0.5108840773204854,139.76708074534162,0.7577639751552795
323,0.000499103,0.00022568,0.5062207949541372,139.9566563467492,0.7616099071207431
324,0.000498214,0.000225563,0.5067461682528762,139.71913580246914,0.7592592592592593
325,0.000497665,0.000224855,0.5081101614434949,140.16307692307691,0.7569230769230769
326,0.000497247,0.000223962,0.5103728173666824,141.30674846625766,0.754601226993865
327,0.000494749,0.000222991,0.5127671150635073,142.55963302752295,0.7522935779816514
328,0.000493793,0.000222968,0.5132020586260909,142.3231707317073,0.75
329,0.000492023,0.000221086,0.510452961672474,142.34650455927053,0.7507598784194529
330,0.000491628,0.000220508,0.5116146265082435,142.63636363636363,0.7484848484848485
331,0.000491597,0.000219867,0.512478256889133,142.6404833836858,0.7492447129909365
332,0.000489385,0.000219339,0.5115932005969498,142.4277108433735,0.75
333,0.000486366,0.000217144,0.5108361373421615,142.20420420420422,0.7507507507507507
334,0.000486061,0.0002164,0.5114995234755713,142.12275449101796,0.7485029940119761
335,0.000485803,0.000214591,0.5096255250692645,142.07462686567163,0.7492537313432835
336,0.000485723,0.000214189,0.5098436389481166,141.76785714285714,0.7470238095238095
337,0.000483993,0.000213917,0.5108096651123357,141.8278931750742,0.744807121661721
338,0.000482643,0.000212573,0.5104384316892877,141.52366863905326,0.7455621301775148
339,0.00048061,0.000210226,0.5118605016494737,141.93510324483776,0.7433628318584071
340,0.000478541,0.000210001,0.5112614957487419,141.6764705882353,0.7441176470588236
341,0.000477714,0.000207687,0.5120924616180783,141.68035190615836,0.7419354838709677
342,0.000477216,0.000207404,0.5094236078955944,141.72222222222223,0.7426900584795322
343,0.000477215,0.000206636,0.5104086747480947,141.78134110787173,0.7405247813411079
344,0.000477001,0.000205234,0.5104413858566683,141.42732558139534,0.7412790697674418
345,0.000476127,0.000203905,0.5097404785979104,141.19710144927535,0.7420289855072464
346,0.000475966,0.000201696,0.5093909692552567,140.89884393063585,0.7456647398843931
347,0.000473336,0.000200529,0.5086205460512068,140.68876080691643,0.7492795389048992
348,0.000470155,0.000199401,0.5093577130742986,140.6264367816092,0.75
349,0.000467915,0.000199286,0.5097651747192307,140.40114613180515,0.7507163323782235
350,0.000467569,0.000198752,0.5095538272615636,140.02857142857144,0.7514285714285714
351,0.00046694,0.000197066,0.5106878306878306,140.17378917378917,0.7492877492877493
352,0.000466866,0.000195229,0.5118816368816369,140.4346590909091,0.7471590909090909
353,0.000466508,0.000193597,0.5104300798351791,140.3512747875354,0.7507082152974505
354,0.000466408,0.00019283,0.5118516028872777,140.74576271186442,0.748587570621469
355,0.000465925,0.00019236,0.5111005013129625,140.54084507042253,0.7492957746478873
356,0.000465528,0.000192018,0.5107770216806456,140.22752808988764,0.75
357,0.000464906,0.000191844,0.5089856167185977,140.19607843137254,0.7507002801120448
358,0.000462274,0.000191501,0.5089432421013098,139.8072625698324,0.7513966480446927
359,0.000460844,0.000190135,0.5074773190582157,139.7409470752089,0.7520891364902507
360,0.000460212,0.000188783,0.5061900340451873,139.64166666666668,0.7527777777777778
361,0.000459305,0.000187622,0.5067097568482609,139.49307479224376,0.7506925207756233
362,0.000458851,0.000187498,0.5075679894706233,139.46132596685084,0.7486187845303868
363,0.00045857,0.000187023,0.5054411518499915,139.4931129476584,0.7493112947658402
364,0.000456905,0.000183357,0.5077952350679624,140.59615384615384,0.7472527472527473
365,0.000456463,0.000182915,0.5035676652115008,140.84383561643835,0.7506849315068493
366,0.000456131,0.000180886,0.5042742720263492,140.74590163934425,0.7513661202185792
367,0.000453644,0.00018074,0.503461830526645,140.5858310626703,0.7520435967302452
368,0.00045356,0.000180671,0.5045610709631562,140.7336956521739,0.75
369,0.000453448,0.000180637,0.5018263226110522,140.83739837398375,0.7533875338753387
370,0.000452168,0.000180296,0.503464440049806,141.36756756756756,0.7513513513513513
371,0.00045207,0.000179483,0.5024404458366722,141.2479784366577,0.7520215633423181
372,0.000447685,0.00017721,0.5018983856476248,141.0483870967742,0.7526881720430108
373,0.000446712,0.000176873,0.49805413819942934,141.27613941018768,0.7533512064343163
374,0.0004463,0.000176395,0.500709667244914,142.54545454545453,0.7513368983957219
375,0.000442198,0.000175869,0.5015187165775401,142.48533333333333,0.7493333333333333
376,0.00043816,0.000175206,0.5015886524822694,142.12234042553192,0.75
377,0.000437741,0.000174967,0.4979400643377167,142.3368700265252,0.753315649867374
378,0.00043736,0.000174948,0.4975088768192216,142.12962962962962,0.7566137566137566
379,0.000437069,0.000174077,0.49974173193170557,143.10026385224273,0.7546174142480211
380,0.000436638,0.000173822,0.4983474517428134,143.05263157894737,0.7552631578947369
381,0.000434992,0.000173507,0.4987429202928581,142.79790026246718,0.7532808398950132
382,0.000434268,0.000173403,0.4983716040730511,142.5628272251309,0.7539267015706806
383,0.000434231,0.000173071,0.5008543737098956,143.72323759791124,0.7545691906005222
384,0.000433043,0.000172941,0.5012510879025239,143.515625,0.7526041666666666
385,0.000431119,0.000172435,0.5020021645021644,143.42597402597403,0.7506493506493507
386,0.000430829,0.000172056,0.502213848327838,143.13989637305698,0.7487046632124352
387,0.000424454,0.000171834,0.5047328326036603,144.31782945736435,0.7467700258397932
388,0.000423312,0.000170784,0.5063267535096831,144.8556701030928,0.7474226804123711
389,0.000422207,0.000170126,0.5062147192113006,144.50385604113112,0.7506426735218509
390,0.000420556,0.000169566,0.5074286467602663,144.74871794871794,0.7487179487179487
391,0.000420051,0.000169147,0.5068004459308808,144.55754475703324,0.7493606138107417
392,0.000419685,0.000168791,0.506446056683543,144.2984693877551,0.75
393,0.000419138,0.000168774,0.5066988627512073,144.06361323155215,0.7480916030534351
394,0.000418498,0.000167092,0.5085054442593094,144.8223350253807,0.748730964467005
395,0.000418286,0.000164391,0.5083724217695816,144.47848101265822,0.7493670886075949
396,0.000417965,0.000164131,0.5077867280398926,144.2752525252525,0.75
397,0.000417098,0.000163352,0.5096048647685928,145.04534005037783,0.7481108312342569
398,0.00041701,0.000162546,0.505537764388694,145.33165829145727,0.7512562814070352
399,0.000416602,0.000160321,0.5042127932897571,145.28571428571428,0.7518796992481203
400,0.000414984,0.000159469,0.5048370927318296,145.1525,0.75
401,0.000414422,0.000159261,0.5031421446384041,145.1645885286783,0.7506234413965087
402,0.000413847,0.000157854,0.5018920360789568,145.11691542288557,0.7512437810945274
403,0.000413806,0.000157324,0.5041171314642668,146.07940446650124,0.7518610421836228
404,0.00041254,0.000156734,0.5039677665036976,145.76732673267327,0.7524752475247525
405,0.00040654,0.00015667,0.50323921281017,145.62222222222223,0.7530864197530864
406,0.000405213,0.000156213,0.5045672930730402,145.95566502463055,0.7512315270935961
407,0.000403375,0.000155468,0.5025961922513645,146.014742014742,0.7542997542997543
408,0.00040109,0.000155384,0.5027942380883557,145.71813725490196,0.7524509803921569
409,0.000395144,0.000155179,0.5037633635361236,145.8117359413203,0.7506112469437652
410,0.000395085,0.000154581,0.5037032619714952,145.4780487804878,0.751219512195122
411,0.000394965,0.000154102,0.5036021601091922,145.1654501216545,0.7518248175182481
412,0.000393099,0.000152835,0.505161457964236,145.69417475728156,0.7524271844660194
413,0.000392714,0.000151998,0.5051129551705494,145.363196125908,0.7530266343825666
414,0.00039243,0.000151836,0.505234469125405,145.04106280193236,0.751207729468599
415,0.000391993,0.000149106,0.5051976020022118,144.70602409638553,0.7518072289156627
416,0.000391703,0.000148478,0.5033132530120481,144.76923076923077,0.7524038461538461
417,0.000391681,0.000146375,0.5056954436450839,145.82014388489208,0.7529976019184652
418,0.000390534,0.00014391,0.5049854852959738,145.66507177033492,0.7535885167464115
419,0.000390272,0.000143668,0.5025293761633417,145.8162291169451,0.7541766109785203
420,0.000389667,0.000143092,0.5032844641436527,145.72857142857143,0.7547619047619047
421,0.000389536,0.000142305,0.5027938016061532,145.5249406175772,0.7577197149643705
422,0.000388762,0.000141822,0.5044973038691448,146.18483412322274,0.7582938388625592
423,0.000388582,0.000141431,0.5060782270623956,146.7825059101655,0.7565011820330969
424,0.000388509,0.000141386,0.5065123332887284,146.58726415094338,0.7547169811320755
425,0.000386659,0.000141056,0.507369589345172,146.6305882352941,0.7529411764705882
426,0.000385556,0.000140962,0.5065451532725765,146.5093896713615,0.755868544600939
427,0.000385303,0.000140911,0.5054040087519653,146.46370023419203,0.7587822014051522
428,0.00038497,0.000139093,0.5056797040863227,146.2032710280374,0.7593457943925234
429,0.000384887,0.00013891,0.506459272814413,146.2027972027972,0.7575757575757576
430,0.000384663,0.000138038,0.5054371984604542,146.13488372093022,0.7581395348837209
431,0.000384172,0.000137808,0.5050558463281715,145.90719257540604,0.7587006960556845
432,0.00038357,0.000137721,0.501869038411962,146.16203703703704,0.7592592592592593
433,0.000383472,0.000136264,0.5006842870584209,146.13625866050808,0.7598152424942263
434,0.000382664,0.000135738,0.500090463064463,145.99078341013825,0.7626728110599078
435,0.000380091,0.00013523,0.4995709518512633,145.8206896551724,0.7632183908045977
436,0.000379944,0.000134595,0.5011494252873563,146.38073394495413,0.7614678899082569
437,0.000379892,0.000132571,0.49948565070434353,146.44164759725402,0.7620137299771167
438,0.000379225,0.000132538,0.4995977137602792,146.1118721461187,0.7625570776255708
439,0.000378989,0.00013234,0.49998439791556154,145.87927107061503,0.7608200455580866
440,0.000377688,0.000132122,0.5002692068751294,145.60681818181817,0.759090909090909
441,0.000377299,0.000132001,0.5003298289012574,145.2925170068027,0.7596371882086168
442,0.000376047,0.000131299,0.5023650485835359,146.10407239819006,0.7579185520361991
443,0.000373113,0.000131075,0.5001787483529616,146.24379232505643,0.7584650112866818
444,0.000373005,0.000130589,0.49773249547515913,146.43018018018017,0.759009009009009
445,0.00037047,0.000129772,0.4990788541350339,146.79101123595507,0.7573033707865169
446,0.00036832,0.000129189,0.5005391243009019,147.22645739910314,0.757847533632287
447,0.000368133,0.000128789,0.5000050160010433,147.06040268456377,0.7583892617449665
448,0.000367576,0.000128378,0.49896132949824223,147.02901785714286,0.7611607142857143
449,0.000367492,0.000128064,0.4996221762647152,146.88864142538975,0.7616926503340757
450,0.000367104,0.000128017,0.49772828507795097,147.0,0.7644444444444445
451,0.000365225,0.00012665,0.4964276915496428,147.02439024390245,0.7649667405764967
452,0.000365163,0.000126273,0.4959087965779095,146.88274336283186,0.7676991150442478
453,0.000364452,0.000125722,0.49620035554513675,146.5916114790287,0.7660044150110376
454,0.000363591,0.000125523,0.4980113000943296,147.2202643171806,0.76431718061674
455,0.000361542,0.000125096,0.4999661131819722,147.93846153846152,0.7648351648351648
456,0.000361279,0.000125079,0.5018893387314439,148.6469298245614,0.7653508771929824
457,0.000360934,0.000123857,0.5006526162232715,148.6586433260394,0.7658643326039387
458,0.00036075,0.000123389,0.49975633761096194,148.6004366812227,0.7663755458515283
459,0.000360537,0.000122899,0.49959566553453005,148.3681917211329,0.7668845315904139
460,0.000359498,0.000121523,0.5001420858198352,148.16304347826087,0.7652173913043478
461,0.000357945,0.000120748,0.49718004338394794,148.43167028199565,0.7657266811279827
462,0.000357784,0.000120557,0.4982674592219061,148.5909090909091,0.7662337662337663
463,0.000357265,0.000120403,0.4993127822501472,148.72570194384448,0.7645788336933045
464,0.000355197,0.000119934,0.4999441423996424,148.5926724137931,0.7650862068965517
465,0.00035382,0.000119655,0.5012791991101223,148.94623655913978,0.7634408602150538
466,0.000353025,0.000119586,0.49965388342793854,149.03218884120173,0.7639484978540773
467,0.000352664,0.000119482,0.5008592881234433,149.31905781584584,0.7644539614561028
468,0.000352544,0.000119478,0.500796134629111,149.0534188034188,0.7670940170940171
469,0.000351313,0.000119469,0.5007198440034261,148.79317697228146,0.7697228144989339
470,0.000351285,0.000119124,0.5017375130426892,148.91702127659573,0.7680851063829788
471,0.00035033,0.000118876,0.49929981478971863,149.13375796178343,0.7707006369426752
472,0.000349879,0.000118623,0.4982547050991399,149.1228813559322,0.7733050847457628
473,0.000348712,0.000117362,0.4996595836170137,149.51162790697674,0.7716701902748414
474,0.000348538,0.000117138,0.49929081810153353,149.34599156118142,0.7721518987341772
475,0.000344765,0.000117065,0.5012214079502554,150.04,0.7705263157894737
476,0.00034424,0.000116848,0.5022556390977444,150.19117647058823,0.7710084033613446
477,0.000342868,0.000116463,0.5011363035780351,150.1928721174004,0.7714884696016772
478,0.000341448,0.000115924,0.5012938256010807,149.89121338912133,0.7719665271966527
479,0.000339257,0.000115172,0.5018212629169906,149.7160751565762,0.7703549060542797
480,0.000338684,0.000115032,0.4994780793319415,149.92291666666668,0.7708333333333334
481,0.000338533,0.000114666,0.4999653499653501,149.7255717255717,0.7692307692307693
482,0.000338049,0.000113985,0.5020229294088215,150.4792531120332,0.7676348547717843
483,0.000336624,0.000113609,0.5016623282905079,150.31055900621118,0.7681159420289855
484,0.00033606,0.000113577,0.5014971852916517,150.09504132231405,0.7706611570247934
485,0.000334771,0.000112972,0.49994035954673266,150.1917525773196,0.7731958762886598
486,0.000333667,0.000112933,0.5009460778074752,150.30864197530863,0.7716049382716049
487,0.000332816,0.000112901,0.5020660633254748,150.5359342915811,0.7700205338809035
488,0.000331856,0.000112567,0.4996128858518195,150.77254098360655,0.7725409836065574
489,0.000331814,0.000112523,0.49817291897147065,150.85889570552146,0.7750511247443763
490,0.000331076,0.000111351,0.5001210300070948,151.54897959183674,0.7755102040816326
491,0.000330838,0.000110884,0.5012095265804897,151.75356415478615,0.7759674134419552
492,0.000329318,0.000110383,0.500455350785687,151.6890243902439,0.7764227642276422
493,0.000329203,0.000109648,0.5011131450056894,151.6267748478702,0.7768762677484787
494,0.000328809,0.000109612,0.5017204424698819,151.53238866396762,0.7753036437246964
495,0.00032855,0.000108547,0.500184026499816,151.63636363636363,0.7777777777777778
496,0.000328437,0.000107774,0.49900619094167487,151.67540322580646,0.780241935483871
497,0.000328043,0.000107445,0.49899396378269617,151.43661971830986,0.7806841046277666
498,0.000328036,0.000107229,0.4991313341898783,151.1586345381526,0.7811244979919679
499,0.000327721,0.000107188,0.4977907622473863,151.2364729458918,0.781563126252505
500,0.000327157,0.000106817,0.49861322645290573,151.258,0.782
501,0.00032651,0.000105063,0.49619161676646706,151.50499001996008,0.782435129740519
502,0.000326227,0.000104833,0.4967515168865457,151.36852589641435,0.7808764940239044
503,0.00032519,0.00010469,0.49712086049440407,151.12326043737573,0.7813121272365805
504,0.000324892,0.000104412,0.49892707248572066,151.73611111111111,0.7797619047619048
505,0.000324503,0.000104087,0.49886845827439885,151.5148514851485,0.7801980198019802
506,0.000324349,0.000103866,0.4985794231597073,151.35573122529644,0.782608695652174
507,0.000324134,0.000102592,0.49798473544292954,151.27810650887574,0.7850098619329389
508,0.000324042,0.000102471,0.4994176023855006,151.66338582677164,0.7834645669291339
509,0.000323949,0.000101881,0.49835248982875185,151.69351669941062,0.7838899803536346
510,0.000323949,0.00010127,0.49881928741572557,151.51372549019607,0.7823529411764706
511,0.000323784,0.000101016,0.49571580413934696,151.86301369863014,0.7827788649706457
512,0.000323055,0.000100612,0.49692123640145724,152.08984375,0.78125
513,0.000322869,0.000100366,0.4977860691818073,152.12670565302145,0.7797270955165692
514,0.000322798,9.94426e-05,0.49870866691549903,152.1828793774319,0.7782101167315175
515,0.000322414,9.94166e-05,0.4975728063682755,152.2388349514563,0.7805825242718447
516,0.000321058,9.91261e-05,0.4975935034034757,152.015503875969,0.7810077519379846
517,0.000320975,9.8149e-05,0.4966431883560464,152.036750483559,0.781431334622824
518,0.000320433,9.77298e-05,0.4979145273647976,152.3030888030888,0.7799227799227799
519,0.000318452,9.77008e-05,0.4992393273381981,152.6223506743738,0.7784200385356455
520,0.000317766,9.74362e-05,0.49944604804718157,152.34423076923076,0.7788461538461539
521,0.000316908,9.65411e-05,0.4975435462293832,152.53166986564298,0.7792706333973128
522,0.000315507,9.62162e-05,0.49858619434741247,152.68007662835248,0.7777777777777778
523,0.000310847,9.55678e-05,0.49900917565947117,152.49330783938814,0.7762906309751434
524,0.000309314,9.54129e-05,0.4968199349789143,152.7290076335878,0.7767175572519084
525,0.000308822,9.51277e-05,0.49595963635237295,152.73142857142858,0.7771428571428571
526,0.000308486,9.49394e-05,0.4961814093148931,152.4505703422053,0.779467680608365
527,0.000307427,9.48343e-05,0.49654943525057865,152.2258064516129,0.777988614800759
528,0.000307293,9.42284e-05,0.4974070546832718,152.24621212121212,0.7784090909090909
529,0.000306693,9.41671e-05,0.49641439112991836,152.2835538752363,0.77882797731569
530,0.000306225,9.38762e-05,0.4952616016780858,152.3566037735849,0.7811320754716982
531,0.000305318,9.31808e-05,0.49693528385803476,152.8418079096045,0.7796610169491526
532,0.000304324,9.31213e-05,0.49721230057198296,152.56578947368422,0.7800751879699248
533,0.000304164,9.28968e-05,0.4973779337372892,152.30769230769232,0.7804878048780488
534,0.000303809,9.21865e-05,0.4980939565277159,152.27715355805245,0.7808988764044944
535,0.000303357,9.18303e-05,0.49672195989649354,152.39439252336447,0.7813084112149533
536,0.000301118,9.12801e-05,0.49600535641728716,152.38059701492537,0.7817164179104478
537,0.000300487,9.039e-05,0.4969235419425399,152.42644320297953,0.7821229050279329
538,0.000299606,9.02823e-05,0.49469548813920206,152.68773234200742,0.7843866171003717
539,0.000299522,9.02794e-05,0.4956186784680878,152.73469387755102,0.7829313543599258
540,0.000298643,8.99751e-05,0.4969370471308349,153.01666666666668,0.7814814814814814
541,0.0002986,8.97941e-05,0.49633222541615285,152.97781885397413,0.7837338262476895
542,0.000298486,8.96935e-05,0.49696304153129356,152.90959409594095,0.7822878228782287
543,0.000297981,8.88133e-05,0.4962199079215203,152.9060773480663,0.7845303867403315
544,0.000297927,8.85567e-05,0.4946731620152182,153.06433823529412,0.7849264705882353
545,0.000296089,8.82917e-05,0.49478715187529115,152.84220183486238,0.7853211009174312
546,0.000295741,8.79982e-05,0.4943391280705672,152.76923076923077,0.7875457875457875
547,0.000294905,8.77837e-05,0.4942191983580962,152.62340036563072,0.7879341864716636
548,0.000294736,8.73001e-05,0.495624760223605,152.9470802919708,0.7864963503649635
549,0.00029375,8.67037e-05,0.493992042575298,153.12568306010928,0.7868852459016393
550,0.000293705,8.55873e-05,0.49324885990951045,153.13272727272727,0.7872727272727272
551,0.000293216,8.55667e-05,0.49128688760170985,153.3666061705989,0.7876588021778584
552,0.000292173,8.55321e-05,0.4903288169389745,153.42210144927537,0.7898550724637681
553,0.000292081,8.49064e-05,0.49172658924769597,153.73056057866185,0.7884267631103075
554,0.000291587,8.46704e-05,0.4907152020028688,153.79783393501805,0.7888086642599278
555,0.000290151,8.39484e-05,0.49076817500560405,153.62342342342342,0.7891891891891892
556,0.00029008,8.35845e-05,0.48895744688002835,153.83812949640287,0.789568345323741
557,0.000289623,8.32672e-05,0.49009496562958327,153.97845601436265,0.7881508078994613
558,0.000288198,8.32478e-05,0.4909444828776558,153.9784946236559,0.7867383512544803
559,0.000287342,8.23519e-05,0.48895713979111305,154.22540250447227,0.7871198568872988
560,0.00028698,8.21124e-05,0.4897345059266807,154.18214285714285,0.7857142857142857
561,0.000286784,8.19993e-05,0.4893382013591169,154.126559714795,0.7878787878787878
562,0.000286591,8.15467e-05,0.48965843168721407,153.8594306049822,0.7864768683274022
563,0.000286564,8.11457e-05,0.4911932491609684,154.22380106571936,0.7850799289520426
564,0.000286426,8.10742e-05,0.49219131360646684,154.29787234042553,0.7854609929078015
565,0.000286366,8.09938e-05,0.4937629252610933,154.6778761061947,0.784070796460177
566,0.000286324,8.09122e-05,0.4954892132023763,155.14134275618375,0.784452296819788
567,0.000286173,8.08547e-05,0.49517482495932486,155.05114638447972,0.7848324514991182
568,0.000285153,8.07545e-05,0.49331325394968517,155.28345070422534,0.7852112676056338
569,0.000285139,8.02187e-05,0.4933986404347996,155.09666080843584,0.7873462214411248
570,0.000283154,8.01996e-05,0.4928698944613643,155.0719298245614,0.7894736842105263
571,0.000282997,8.01802e-05,0.49325742236820647,154.83887915936953,0.7880910683012259
572,0.000282748,8.01465e-05,0.4928492916673182,154.78671328671328,0.7884615384615384
573,0.000282126,7.93284e-05,0.4916904395074067,154.90401396160559,0.7888307155322862
574,0.000282106,7.86791e-05,0.492999413199563,155.15331010452962,0.7874564459930313
575,0.000281881,7.8563e-05,0.49470230178170344,155.59652173913042,0.7860869565217391
576,0.000281631,7.8357e-05,0.49582879175585837,155.77256944444446,0.7864583333333334
577,0.000280992,7.8222e-05,0.49547015053586535,155.70363951473138,0.7868284228769498
578,0.000280144,7.79171e-05,0.49667621175318105,155.90657439446366,0.78719723183391
579,0.000279878,7.75197e-05,0.4971239552883149,155.7167530224525,0.7858376511226253
580,0.000279843,7.7335e-05,0.4961541782946728,155.7948275862069,0.7862068965517242
581,0.000279787,7.72174e-05,0.49708142050613696,155.8502581755594,0.7848537005163512
582,0.000278908,7.7121e-05,0.4983246633822484,156.0721649484536,0.7835051546391752
583,0.000278905,7.69488e-05,0.49912615493651874,156.08233276157804,0.7838765008576329
584,0.000278864,7.67053e-05,0.5006300096065016,156.42979452054794,0.7825342465753424
585,0.000278474,7.66936e-05,0.5011430193881068,156.3128205128205,0.7829059829059829
586,0.000278078,7.65597e-05,0.5020288265498637,156.36348122866895,0.7832764505119454
587,0.000277832,7.63794e-05,0.5032603544984505,156.5894378194208,0.7836456558773425
588,0.000276941,7.63303e-05,0.5017397980638462,156.77721088435374,0.7840136054421769
589,0.000276233,7.62438e-05,0.5030967484883719,157.0560271646859,0.7826825127334465
590,0.000275682,7.61769e-05,0.5030315761627001,156.91016949152544,0.7830508474576271
591,0.000275363,7.5141e-05,0.5034285566815182,156.75465313028764,0.7834179357021996
592,0.000274823,7.36998e-05,0.503391249919883,156.59966216216216,0.7837837837837838
593,0.000274587,7.33425e-05,0.5021606301027338,156.73524451939292,0.7858347386172007
594,0.000273427,7.24564e-05,0.502860257609744,156.6952861952862,0.7861952861952862
595,0.000272803,7.22336e-05,0.5035693166115752,156.67226890756302,0.7848739495798319
596,0.000270874,7.18509e-05,0.5030807711958731,156.64093959731542,0.785234899328859
597,0.000270548,7.163e-05,0.5038686268853635,156.64154103852596,0.7839195979899497
598,0.000269862,7.16175e-05,0.5042058234498289,156.45484949832775,0.782608695652174
599,0.000268248,7.16149e-05,0.5041191956491012,156.322203672788,0.7829716193656093
600,0.000267071,7.09973e-05,0.5041694606849251,156.13833333333332,0.785
601,0.000265974,7.06432e-05,0.5044994578484675,155.93843594009982,0.78369384359401
602,0.00026322,7.02447e-05,0.5037797021033558,155.96511627906978,0.7840531561461794
603,0.000262863,7.02171e-05,0.5035522926700559,155.87893864013267,0.7844112769485904
604,0.000262706,6.9712e-05,0.5041308472305671,155.7748344370861,0.7831125827814569
605,0.000259928,6.96439e-05,0.5026832211808576,155.96198347107438,0.7834710743801653
606,0.000259657,6.89474e-05,0.5029825791213623,155.74092409240924,0.7821782178217822
607,0.000259614,6.81988e-05,0.5027607036754559,155.65733113673807,0.7825370675453048
608,0.000258785,6.79303e-05,0.5037027001413947,155.72203947368422,0.78125
609,0.000258766,6.76159e-05,0.5037121459706004,155.56650246305418,0.7816091954022989
610,0.000258516,6.74804e-05,0.50297047826632,155.60491803278688,0.7836065573770492
611,0.000258222,6.74745e-05,0.5039427542685474,155.67921440261867,0.7823240589198036
612,0.000257425,6.69604e-05,0.5042160184651024,155.44771241830065,0.7810457516339869
613,0.000255932,6.68402e-05,0.5051298796515393,155.489396411093,0.7814029363784666
614,0.000255904,6.67068e-05,0.5049351587903501,155.39576547231272,0.7817589576547231
615,0.000255614,6.62696e-05,0.5053163457456499,155.2260162601626,0.7821138211382114
616,0.000255425,6.59035e-05,0.5044306420423076,155.2987012987013,0.7840909090909091
617,0.000254753,6.58377e-05,0.5047320105997669,155.08265802269042,0.7844408427876823
618,0.000254609,6.5716e-05,0.5041213726561704,155.09870550161813,0.7847896440129449
619,0.000254469,6.56544e-05,0.5040087206355888,154.9935379644588,0.7851373182552503
620,0.000254459,6.5296e-05,0.5025131651305952,155.20322580645163,0.7870967741935484
621,0.000254379,6.52397e-05,0.5040738249298207,155.54428341384863,0.7874396135265701
622,0.000254308,6.52145e-05,0.5042186500854414,155.33762057877814,0.7877813504823151
623,0.000253502,6.47844e-05,0.5051702558693483,155.3980738362761,0.7865168539325843
624,0.000253096,6.46465e-05,0.5064064143903201,155.57692307692307,0.7852564102564102
625,0.000251736,6.43501e-05,0.5069397613856701,155.448,0.7856
626,0.00025161,6.43281e-05,0.508014077992913,155.56869009584665,0.7859424920127795
627,0.000251328,6.39878e-05,0.508248386629964,155.33492822966508,0.784688995215311
628,0.000250769,6.32679e-05,0.5068888014136802,155.52229299363057,0.7866242038216561
629,0.000250397,6.31922e-05,0.5073630860928992,155.3751987281399,0.7853736089030207
630,0.000250017,6.31083e-05,0.5064135726000242,155.47142857142856,0.7857142857142857
631,0.000248902,6.20143e-05,0.5065391455733723,155.25198098256735,0.7876386687797148
632,0.000248543,6.19948e-05,0.5052120032815018,155.4367088607595,0.7879746835443038
633,0.000248144,6.18418e-05,0.5049355713605157,155.3791469194313,0.7883096366508688
634,0.000248067,6.15334e-05,0.5046334480394216,155.33123028391168,0.7886435331230284
635,0.000247938,6.14564e-05,0.5043853657219308,155.27244094488188,0.7905511811023622
636,0.000247664,6.12755e-05,0.5042799590961805,155.17924528301887,0.7924528301886793
637,0.000246285,6.11868e-05,0.5055204366010596,155.35949764521192,0.792778649921507
638,0.000244555,6.11189e-05,0.5055744885043787,155.19435736677116,0.7931034482758621
639,0.000244537,6.1108e-05,0.5061604538858097,155.0813771517997,0.7934272300469484
640,0.000244424,6.10876e-05,0.5049161407393341,155.2546875,0.79375
641,0.000244285,6.10677e-05,0.505973347245427,155.3556942277691,0.7925117004680188
642,0.000244267,6.09027e-05,0.5057433278025046,155.297507788162,0.7928348909657321
643,0.000243661,6.07722e-05,0.5062051089512315,155.13374805598755,0.7931570762052877
644,0.000243557,6.02448e-05,0.5074102069366702,155.29813664596273,0.7919254658385093
645,0.000243305,5.99135e-05,0.508013163883132,155.2062015503876,0.7906976744186046
646,0.000243044,5.97309e-05,0.5070883603066427,155.30959752321982,0.7910216718266254
647,0.000242262,5.96471e-05,0.5074540447568244,155.12210200927356,0.7897990726429676
648,0.000242082,5.85182e-05,0.5081632896461724,155.06172839506172,0.7901234567901234
649,0.000242022,5.82092e-05,0.5082142237222221,154.89214175654854,0.7904468412942989
650,0.0002419,5.81659e-05,0.5068259021607274,155.10153846153847,0.7907692307692308
651,0.000241472,5.80539e-05,0.5075658928665783,155.0522273425499,0.7895545314900153
652,0.000241237,5.73904e-05,0.5085958096472835,155.13650306748465,0.7883435582822086
653,0.000240829,5.73048e-05,0.5081748893156787,155.1271056661562,0.7886676875957122
654,0.000240565,5.72091e-05,0.5087610435057185,155.02599388379204,0.7889908256880734
655,0.000240473,5.71455e-05,0.509934192251529,155.16030534351145,0.7877862595419848
656,0.000239823,5.70821e-05,0.5093523304620257,155.1920731707317,0.7896341463414634
657,0.000239577,5.69072e-05,0.5102055495372105,155.20700152207002,0.7884322678843226
658,0.000239503,5.6907e-05,0.5109818299593828,155.17629179331308,0.7887537993920972
659,0.000238804,5.69023e-05,0.5102151417956886,155.25189681335357,0.7890743550834598
660,0.000238795,5.6877e-05,0.5104118048751359,155.02121212121213,0.7909090909090909
661,0.000237793,5.64564e-05,0.5117464625385071,155.23600605143722,0.789712556732224
662,0.000236808,5.59296e-05,0.5108814139566932,155.3368580060423,0.7900302114803626
663,0.000236573,5.57428e-05,0.5100420364328978,155.4313725490196,0.7918552036199095
664,0.000236501,5.56929e-05,0.5094552632608303,155.46987951807228,0.7921686746987951
665,0.000236431,5.56219e-05,0.5097529435490552,155.25714285714287,0.7909774436090226
666,0.000236188,5.551e-05,0.5085156777444779,155.44444444444446,0.7927927927927928
667,0.000236088,5.54548e-05,0.5089898946708348,155.28935532233882,0.7916041979010495
668,0.000235945,5.51923e-05,0.5101906610868973,155.4251497005988,0.7904191616766467
669,0.000235795,5.50072e-05,0.5076718931474745,155.85650224215246,0.7922272047832586
670,0.000235562,5.46682e-05,0.5063036974416308,156.07611940298509,0.7940298507462686
671,0.000234185,5.46128e-05,0.5069388681171606,155.97764530551416,0.7928464977645305
672,0.000234183,5.40879e-05,0.5069337408059731,155.84375,0.7946428571428571
673,0.000234016,5.32123e-05,0.5056041392589555,156.0594353640416,0.7964338781575037
674,0.000233985,5.28313e-05,0.5057484441184157,155.8753709198813,0.7967359050445104
675,0.000233949,5.27477e-05,0.5070282603117212,156.04,0.797037037037037
676,0.000232779,5.26226e-05,0.5054448946864969,156.30621301775147,0.7973372781065089
677,0.000232429,5.26106e-05,0.5035933495186292,156.6277695716396,0.7991137370753324
678,0.000232151,5.22768e-05,0.5036633587881366,156.47935103244836,0.8008849557522124
679,0.000231845,5.21431e-05,0.5046735062278258,156.52871870397644,0.801178203240059
680,0.000229361,5.21056e-05,0.505541249115907,156.5279411764706,0.8
681,0.000229206,5.20776e-05,0.5067860991332952,156.6725403817915,0.8002936857562408
682,0.00022869,5.19196e-05,0.5074831894698063,156.59384164222874,0.7991202346041055
683,0.000227964,5.1722e-05,0.5077489507423599,156.36603221083456,0.7994143484626647
684,0.000227928,5.09621e-05,0.5077926498017716,156.22076023391813,0.8011695906432749
685,0.000227812,5.08773e-05,0.5074284104429759,156.22919708029198,0.8029197080291971
686,0.000226939,5.02667e-05,0.5080728396360585,156.13119533527697,0.8017492711370262
687,0.000226243,5.02243e-05,0.5070520559932141,156.2882096069869,0.8020378457059679
688,0.000225868,5.00877e-05,0.5078249463150442,156.23837209302326,0.8023255813953488
689,0.000225747,5.00349e-05,0.5080975716789322,156.01596516690856,0.8040638606676342
690,0.000225031,4.96274e-05,0.5093046198126995,156.14202898550724,0.8043478260869565
691,0.000224469,4.90144e-05,0.509692966911012,155.9522431259045,0.804630969609262
692,0.000224226,4.87116e-05,0.5097214176529589,155.8135838150289,0.8063583815028902
693,0.00022422,4.87104e-05,0.5098601828789849,155.63059163059162,0.8080808080808081
694,0.000223579,4.85329e-05,0.5095094824532109,155.64121037463977,0.8097982708933718
695,0.000223481,4.79978e-05,0.5092374706901884,155.62446043165468,0.8115107913669065
696,0.000223057,4.79962e-05,0.5076542372752048,155.9051724137931,0.8117816091954023
697,0.00022238,4.76552e-05,0.5075663095673426,155.8106169296987,0.8134863701578192
698,0.000221866,4.76372e-05,0.5064285053607269,156.0028653295129,0.8137535816618912
699,0.000221758,4.73857e-05,0.5077423493711231,156.17453505007154,0.8140200286123033
700,0.000221277,4.72505e-05,0.5079797833237327,155.97571428571428,0.8157142857142857
701,0.000220955,4.72211e-05,0.5091716102957594,156.0870185449358,0.8145506419400856
702,0.000220791,4.71358e-05,0.5104561868407473,156.24643874643874,0.8133903133903134
703,0.000219897,4.69785e-05,0.5116787063971356,156.37411095305833,0.8122332859174964
704,0.000219854,4.65516e-05,0.5127022838460208,156.42329545454547,0.8110795454545454
705,0.00021934,4.62987e-05,0.5129241475754842,156.22695035460993,0.8113475177304964
706,0.000219313,4.60224e-05,0.511169732927986,156.54532577903683,0.8116147308781869
707,0.000219298,4.60082e-05,0.5121999595315013,156.5968882602546,0.8104667609618105
708,0.000219235,4.58911e-05,0.5114922436106141,156.6949152542373,0.8121468926553672
709,0.000219234,4.57023e-05,0.5105434377693303,156.851904090268,0.8124118476727785
710,0.000218873,4.56358e-05,0.5093635339677782,157.05915492957746,0.8126760563380282
711,0.000218655,4.55092e-05,0.510078069132098,156.9845288326301,0.8115330520393812
712,0.000218181,4.52116e-05,0.5095420865188092,157.04634831460675,0.8132022471910112
713,0.000218032,4.50751e-05,0.5106263111768876,157.109396914446,0.8134642356241234
714,0.000217559,4.50686e-05,0.5083120367888396,157.54341736694678,0.8151260504201681
715,0.000217524,4.45575e-05,0.5092564479774083,157.55804195804197,0.813986013986014
716,0.000217519,4.42125e-05,0.5104866009436643,157.67737430167597,0.8142458100558659
717,0.00021727,4.39447e-05,0.5096392277719162,157.82008368200837,0.8158995815899581
718,0.000217099,4.37973e-05,0.5092025135740612,157.86908077994428,0.8161559888579387
719,0.000216931,4.36021e-05,0.5092040345507102,157.76216968011127,0.8178025034770514
720,0.000216862,4.35704e-05,0.5074534605430974,158.09305555555557,0.8194444444444444
721,0.000216374,4.31923e-05,0.507486722698435,157.98058252427185,0.8196948682385575
722,0.000216238,4.31768e-05,0.5079750499950781,157.81301939058173,0.8199445983379502
723,0.00021616,4.31667e-05,0.5080870872893682,157.66666666666666,0.8201936376210235
724,0.000215565,4.24684e-05,0.507061788019288,157.8522099447514,0.8204419889502762
725,0.000215267,4.2362e-05,0.5057239583243285,158.1089655172414,0.8206896551724138
726,0.000214876,4.1886e-05,0.5067968211215019,158.1556473829201,0.8209366391184573
727,0.00021467,4.18736e-05,0.5064939247945339,158.17331499312243,0.8225584594222833
728,0.000213103,4.14521e-05,0.5061794409131293,158.19642857142858,0.8228021978021978
729,0.000212821,4.14043e-05,0.5062152470939493,158.08367626886147,0.8244170096021948
730,0.000212674,4.12072e-05,0.5051402843842362,158.28493150684932,0.8246575342465754
731,0.000212452,4.09391e-05,0.5063592870711195,158.38577291381668,0.8235294117647058
732,0.000212439,4.08061e-05,0.5071623331367447,158.3360655737705,0.8224043715846995
733,0.000212295,4.07806e-05,0.5077839177725922,158.20736698499317,0.8212824010914052
734,0.0002116,4.05811e-05,0.5078389133518432,158.0899182561308,0.8215258855585831
735,0.000211044,4.01303e-05,0.5089112104240711,158.13333333333333,0.8204081632653061
736,0.000209517,3.95725e-05,0.5088777522889356,158.04891304347825,0.8206521739130435
737,0.000209516,3.91613e-05,0.5093256100784607,157.86160108548168,0.819538670284939
738,0.000209403,3.90104e-05,0.50900065268837,157.8821138211382,0.8211382113821138
739,0.00020929,3.89851e-05,0.5086865879091247,157.90121786197565,0.8213802435723951
740,0.000209257,3.89215e-05,0.509999835424609,158.03243243243244,0.8202702702702702
741,0.000209128,3.85978e-05,0.5092214852499354,158.1740890688259,0.8218623481781376
742,0.000209079,3.82914e-05,0.5084636636295492,158.31266846361186,0.8234501347708895
743,0.000208931,3.78209e-05,0.5071530278166532,158.57469717362045,0.8250336473755047
744,0.000208892,3.76904e-05,0.505894632872926,158.8279569892473,0.8266129032258065
745,0.000208347,3.73972e-05,0.5055540621247712,158.86979865771812,0.8281879194630872
746,0.000207976,3.7325e-05,0.5067573038446835,158.95308310991956,0.8270777479892761
747,0.00020753,3.66178e-05,0.5055799706070471,159.18741633199465,0.8273092369477911
748,0.000207454,3.64633e-05,0.5062433445793828,159.07219251336898,0.8262032085561497
749,0.000206955,3.62874e-05,0.5071976667608851,159.064085447263,0.8264352469959947
750,0.000206913,3.61724e-05,0.5075149221457479,158.888,0.8266666666666667
751,0.000206864,3.61336e-05,0.5054176749545026,159.3115845539281,0.8282290279627164
752,0.000206324,3.59973e-05,0.5054014955271392,159.24202127659575,0.8297872340425532
753,0.000206106,3.58602e-05,0.5058816257700977,159.04913678618857,0.8300132802124834
754,0.000206102,3.49618e-05,0.5064736746631876,158.89655172413794,0.830238726790451
755,0.0002053,3.48799e-05,0.5071978273899431,158.80132450331126,0.8304635761589404
756,0.000205157,3.47897e-05,0.5047032213876862,159.30820105820106,0.8306878306878307
757,0.000204685,3.46392e-05,0.5037751773144085,159.5019815059445,0.8322324966974901
758,0.000204582,3.44807e-05,0.5041085386158003,159.32189973614777,0.8324538258575198
759,0.000204395,3.40882e-05,0.5024812235264081,159.66139657444006,0.83399209486166
760,0.000204262,3.40615e-05,0.501113828989431,159.95131578947368,0.8355263157894737
761,0.000203458,3.38312e-05,0.5022658936757866,159.9986859395532,0.835742444152431
762,0.000203315,3.37524e-05,0.5033584476822557,160.01968503937007,0.8346456692913385
763,0.000201828,3.34678e-05,0.5041855505206071,159.95543905635648,0.8348623853211009
764,0.000201288,3.33818e-05,0.5038709555683815,159.9960732984293,0.8363874345549738
765,0.000200823,3.30399e-05,0.5048942697442113,159.99738562091503,0.8366013071895425
766,0.000200794,3.21915e-05,0.5045691983986569,160.04177545691905,0.8368146214099217
767,0.000200602,3.18395e-05,0.5057249017489255,160.08996088657105,0.8370273794002607
768,0.000200457,3.17979e-05,0.5064213019165101,159.98307291666666,0.8359375
769,0.000200155,3.15951e-05,0.5071631636791442,159.89336801040312,0.8361508452535761
770,0.000200087,3.12857e-05,0.5080244338656423,159.83896103896103,0.8350649350649351
771,0.000199675,3.12214e-05,0.5082091198974985,159.71854734111542,0.8352788586251622
772,0.000199582,3.10899e-05,0.5088111610847706,159.58031088082902,0.8354922279792746
773,0.000199115,3.09342e-05,0.5087012257968953,159.54463130659767,0.8357050452781372
774,0.000198683,3.08689e-05,0.5081923647134547,159.6498708010336,0.8372093023255814
775,0.000198593,3.08424e-05,0.5090081003726342,159.5793548387097,0.8374193548387097
776,0.000198474,3.06699e-05,0.5087038721388344,159.61082474226805,0.8389175257731959
777,0.000197711,3.06356e-05,0.5090994127224637,159.41956241956242,0.8391248391248392
778,0.000197247,3.0439e-05,0.5087335919478264,159.47557840616966,0.8406169665809768
779,0.000197072,3.04296e-05,0.5083052696022666,159.55198973042363,0.8421052631578947
780,0.000196999,3.01939e-05,0.5088353063357445,159.37948717948717,0.8423076923076923
781,0.000196798,3.00589e-05,0.5097188182790582,159.32650448143406,0.8425096030729834
782,0.000196715,2.98142e-05,0.5092043926974231,159.43350383631713,0.8427109974424553
783,0.000195783,2.92515e-05,0.50969369840262,159.24521072796935,0.8416347381864623
784,0.000195756,2.9117e-05,0.5096412764252019,159.19897959183675,0.8418367346938775
785,0.000195431,2.91015e-05,0.5078293705800454,159.59108280254776,0.8433121019108281
786,0.000194973,2.90688e-05,0.5076230654664865,159.59541984732823,0.8435114503816794
787,0.000194557,2.88196e-05,0.5071284116395588,159.70139771283354,0.843710292249047
788,0.000193851,2.88145e-05,0.5067733066739906,159.76395939086294,0.8451776649746193
789,0.000193782,2.88123e-05,0.50694914681817,159.6615969581749,0.8466413181242078
790,0.000193758,2.86429e-05,0.5060026407454503,159.87721518987343,0.8468354430379746
791,0.000192886,2.85373e-05,0.5065155571636007,159.6864728192162,0.8457648546144121
792,0.000191563,2.85175e-05,0.5068550659175038,159.52777777777777,0.8472222222222222
793,0.000191133,2.84312e-05,0.5068632524228028,159.47667087011348,0.8486759142496847
794,0.00019107,2.82447e-05,0.5075082467634778,159.33501259445845,0.8488664987405542
795,0.000190416,2.8152e-05,0.5056738521208635,159.74088050314467,0.8503144654088051
796,0.000190285,2.79957e-05,0.5060309503987708,159.58291457286433,0.8505025125628141
797,0.000190027,2.72716e-05,0.5059275453931265,159.56838143036387,0.8519447929736512
798,0.000189739,2.72557e-05,0.5069834356654406,159.55137844611528,0.8521303258145363
799,0.000189573,2.71801e-05,0.5077219138621145,159.4380475594493,0.851063829787234
800,0.000189462,2.64213e-05,0.5080952880095205,159.27875,0.8525
801,0.000189421,2.62569e-05,0.5090738281432979,159.23970037453182,0.8514357053682896
802,0.000188529,2.55828e-05,0.5101299655517302,159.22568578553617,0.8503740648379052
803,0.000188235,2.53295e-05,0.5107724318916724,159.08592777085929,0.8505603985056039
804,0.000188233,2.53172e-05,0.5113326755591152,158.92039800995025,0.8507462686567164
805,0.000188065,2.50795e-05,0.5102476905041327,159.17391304347825,0.8521739130434782
806,0.000188002,2.50645e-05,0.5098045864170573,159.26799007444168,0.8523573200992556
807,0.000187683,2.45123e-05,0.5088855099853656,159.48822800495662,0.8537794299876085
808,0.00018754,2.43967e-05,0.5076657643916376,159.77227722772278,0.8551980198019802
809,0.000187389,2.41131e-05,0.5081791910615413,159.5797280593325,0.8541409147095179
810,0.000186511,2.38689e-05,0.5083741677342178,159.4814814814815,0.8555555555555555
811,0.000186244,2.35989e-05,0.5068281908154489,159.83970406905055,0.8557336621454994
812,0.00018571,2.34708e-05,0.5064089617654819,159.935960591133,0.8571428571428571
813,0.000185402,2.32271e-05,0.5042543039140535,160.42189421894219,0.8585485854858549
814,0.000185374,2.30728e-05,0.5039310587647284,160.48894348894348,0.8587223587223587
815,0.000185371,2.29672e-05,0.5038219258411926,160.4883435582822,0.8601226993865031
816,0.000185282,2.27756e-05,0.5039193190179506,160.43872549019608,0.8615196078431373
817,0.000184144,2.25002e-05,0.5042877221303735,160.2998776009792,0.8616891064871481
818,0.000183842,2.22337e-05,0.5034048825018168,160.5232273838631,0.8618581907090465
819,0.000183675,2.20517e-05,0.5029517524683149,160.63369963369962,0.8620268620268621
820,0.000183137,2.19222e-05,0.5033778602374028,160.4780487804878,0.8621951219512195
821,0.000183122,2.16347e-05,0.5042192807992265,160.373934226553,0.8623629719853837
822,0.000183111,2.13698e-05,0.5046905955454144,160.20437956204378,0.8637469586374696
823,0.000182585,2.13544e-05,0.504285999364931,160.30255164034023,0.8651275820170109
824,0.000181575,2.13363e-05,0.5051116934139629,160.19296116504853,0.8640776699029126
825,0.000180698,2.12603e-05,0.5050286923051835,160.19272727272727,0.8654545454545455
826,0.000180554,2.11833e-05,0.5049534154432254,160.19007263922518,0.8656174334140436
827,0.000180373,2.11668e-05,0.5051434560926857,160.11124546553808,0.8669891172914147
828,0.000180363,2.11004e-05,0.5063329219945377,160.1256038647343,0.8659420289855072
829,0.000180077,2.06048e-05,0.5057640393297432,160.27261761158022,0.8673100120627262
830,0.00017977,2.0171e-05,0.5044377816764984,160.5987951807229,0.8686746987951808
831,0.000179272,2.01522e-05,0.5056014753625939,160.59927797833936,0.8676293622141997
832,0.000178803,2.0145e-05,0.5057890542404597,160.5216346153846,0.8677884615384616
833,0.000178327,2.0054e-05,0.5059829306481666,160.44177671068428,0.8691476590636255
834,0.000178089,1.99088e-05,0.5064133659416723,160.29496402877697,0.8705035971223022
835,0.000177962,1.98854e-05,0.507250976107268,160.18562874251498,0.8694610778443114
836,0.000177652,1.98013e-05,0.508114643605145,160.08373205741626,0.8696172248803827
837,0.00017758,1.93764e-05,0.5082495987749052,160.0227001194743,0.8709677419354839
838,0.000177543,1.92759e-05,0.5089042707142988,159.8615751789976,0.8711217183770883
839,0.000177204,1.88864e-05,0.50952308482289,159.6901072705602,0.8700834326579261
840,0.000177199,1.88297e-05,0.5098735879930043,159.56666666666666,0.8714285714285714
841,0.000177142,1.87826e-05,0.5099520269978879,159.52318668252082,0.8727705112960761
842,0.000176499,1.86808e-05,0.5096078212626935,159.59976247030878,0.8741092636579573
843,0.00017629,1.86676e-05,0.5107036439590588,159.5741399762752,0.8730723606168446
844,0.000176222,1.85471e-05,0.5107387163019054,159.54502369668248,0.8732227488151659
845,0.000175989,1.84502e-05,0.5113358637878548,159.36568047337278,0.8733727810650888
846,0.000175814,1.81892e-05,0.5112265324141313,159.37825059101655,0.8747044917257684
847,0.000175572,1.7895e-05,0.5113535344518566,159.32467532467533,0.8760330578512396
848,0.000175332,1.78197e-05,0.5121774300218676,159.20754716981133,0.8761792452830188
849,0.000175272,1.75964e-05,0.51323215052185,159.1660777385159,0.8751472320376914
850,0.000175186,1.73963e-05,0.5126037727487396,159.3329411764706,0.8764705882352941
851,0.00017477,1.73784e-05,0.5123612530056089,159.3807285546416,0.8777908343125734
852,0.000174712,1.73617e-05,0.5119226095824335,159.49295774647888,0.8791079812206573
853,0.000174675,1.67962e-05,0.5130559817274777,159.47713950762017,0.8792497069167644
854,0.000174506,1.63286e-05,0.5117418777399906,159.80913348946135,0.8805620608899297
855,0.000174183,1.63069e-05,0.5124347924937251,159.65263157894736,0.8807017543859649
856,0.000173856,1.60125e-05,0.5115790998243556,159.88084112149534,0.8820093457943925
857,0.00017376,1.59133e-05,0.5116829404945655,159.84130688448076,0.8833138856476079
858,0.000173551,1.58935e-05,0.5111674747218468,159.9825174825175,0.8834498834498834
859,0.000172813,1.57857e-05,0.510536334786046,160.15599534342257,0.8835855646100116
860,0.000172599,1.57221e-05,0.5109761363625663,160.02325581395348,0.8848837209302326
861,0.00017252,1.53386e-05,0.5119284119719602,159.93844367015097,0.8850174216027874
862,0.000172237,1.52228e-05,0.512370971502026,159.8016241299304,0.8863109048723898
863,0.000172191,1.48084e-05,0.513398888299373,159.74275782155271,0.8864426419466975
864,0.000171768,1.47043e-05,0.5134148124210827,159.73032407407408,0.8877314814814815
865,0.000171534,1.46493e-05,0.514341835717967,159.6393063583815,0.8878612716763006
866,0.000171125,1.45553e-05,0.5150896622435303,159.49538106235565,0.8868360277136259
867,0.000170965,1.42138e-05,0.5155476471760158,159.35294117647058,0.8881199538638985
868,0.000170942,1.41377e-05,0.5164884958579017,159.26612903225808,0.8882488479262672
869,0.000170808,1.40556e-05,0.5174209953457525,159.1772151898734,0.8883774453394706
870,0.00017074,1.38123e-05,0.5173716881235272,159.183908045977,0.8885057471264368
871,0.000170735,1.36829e-05,0.5173133237178366,159.195177956372,0.8897818599311137
872,0.000170567,1.36534e-05,0.5177410202095043,159.0630733944954,0.8910550458715596
873,0.000170508,1.35786e-05,0.5174744336659067,159.12600229095074,0.8911798396334479
874,0.000170303,1.30145e-05,0.517551091021295,159.10068649885582,0.8924485125858124
875,0.000169759,1.27776e-05,0.5175711246439529,159.09028571428573,0.8925714285714286
876,0.000169678,1.27616e-05,0.5185890653482109,159.02397260273972,0.8926940639269406
877,0.000169643,1.27503e-05,0.5179322903586682,159.20524515393387,0.8939566704675028
878,0.000169551,1.25645e-05,0.5186563723616558,159.0523917995444,0.8940774487471527
879,0.000169317,1.24805e-05,0.5181707808509832,159.18316268486916,0.8953356086461889
880,0.000169176,1.22243e-05,0.5182781547710335,159.15454545454546,0.8965909090909091
881,0.000168726,1.21194e-05,0.517710398450537,159.3155505107832,0.8978433598183881
882,0.000168711,1.19615e-05,0.5185414926629788,159.19160997732428,0.8968253968253969
883,0.000168499,1.1705e-05,0.5185328805032491,159.19479048697622,0.8980747451868629
884,0.000168113,1.16077e-05,0.5180592156259095,159.3235294117647,0.8993212669683258
885,0.000167687,1.13405e-05,0.5178752433412255,159.37514124293784,0.9005649717514125
886,0.000167609,1.12285e-05,0.5156170889510626,159.93566591422123,0.9018058690744921
887,0.000167445,1.11186e-05,0.5165616677338283,159.83990980834272,0.9019165727170236
888,0.000166899,1.09737e-05,0.5164773917518811,159.8704954954955,0.9031531531531531
889,0.000166356,1.07504e-05,0.5160349669576275,159.99437570303712,0.9032620922384702
890,0.000166145,1.0697e-05,0.5165057525891722,159.86629213483147,0.9044943820224719
891,0.000165984,1.05248e-05,0.5155632675867194,160.1290684624018,0.9057239057239057
892,0.000165851,1.03046e-05,0.5163172788140544,159.9719730941704,0.9047085201793722
893,0.00016535,1.01727e-05,0.5173603831503472,159.9003359462486,0.9048152295632699
894,0.000165127,1.01142e-05,0.5174280163493095,159.89373601789708,0.9060402684563759
895,0.000164804,9.99293e-06,0.5176665262730429,159.84022346368715,0.9072625698324023
896,0.000164759,9.92522e-06,0.5184239305968847,159.68415178571428,0.9073660714285714
897,0.000164322,9.76613e-06,0.5187810046152445,159.5953177257525,0.907469342251951
898,0.000164112,9.37118e-06,0.5181842446667887,159.7706013363029,0.9086859688195991
899,0.000163962,9.2336e-06,0.5176805181714386,159.9154616240267,0.9098998887652948
900,0.000163495,9.1039e-06,0.5173285345802178,160.02,0.9111111111111111
901,0.000162806,8.98593e-06,0.5162048541190929,160.33296337402885,0.9123196448390677
902,0.000162332,8.95575e-06,0.5168395264683051,160.16962305986695,0.9135254988913526
903,0.000162073,8.94655e-06,0.5177328561522861,160.04761904761904,0.9136212624584718
904,0.000161984,8.93812e-06,0.517653198352487,160.08407079646017,0.9148230088495575
905,0.000161802,8.8337e-06,0.5172279338339729,160.2110497237569,0.9160220994475138
906,0.000161732,8.52864e-06,0.517552129514038,160.13907284768212,0.9172185430463576
907,0.000161557,8.49661e-06,0.518586756654853,160.05733186328555,0.9173098125689085
908,0.000161226,8.34762e-06,0.5192148672527217,159.8986784140969,0.9185022026431718
909,0.000161221,8.27424e-06,0.5184989538041851,160.1089108910891,0.9196919691969196
910,0.000160887,8.17144e-06,0.5181451881012843,160.21868131868132,0.9208791208791208
911,0.000160876,8.16588e-06,0.5188845959456567,160.04939626783755,0.9209659714599341
912,0.000160411,8.12597e-06,0.5181005523389376,160.2796052631579,0.9221491228070176
913,0.000160311,8.00558e-06,0.5179840390081258,160.3340635268346,0.9233296823658269
914,0.000160146,7.96032e-06,0.5173802639009277,160.51969365426694,0.9245076586433261
915,0.000159111,7.95371e-06,0.5165698324426843,160.75956284153006,0.9256830601092896
916,0.000159011,7.92806e-06,0.5166470000803067,160.7674672489083,0.9268558951965066
917,0.000158558,7.70235e-06,0.5163678269848689,160.8647764449291,0.9280261723009815
918,0.000158429,7.6216e-06,0.5159437161816649,160.99891067538127,0.9291938997821351
919,0.000158217,7.60161e-06,0.5162527662836514,160.94341675734495,0.9292709466811752
920,0.000158207,7.58391e-06,0.5153173526489775,161.21630434782608,0.9304347826086956
921,0.000157868,7.56535e-06,0.5161385499443594,161.06080347448426,0.9294245385450597
922,0.000157757,7.55424e-06,0.5170374051567422,160.92841648590021,0.9295010845986985
923,0.000157747,7.53631e-06,0.5163306913593966,161.14517876489708,0.9306608884073673
924,0.000157575,7.22411e-06,0.5158017051047632,161.31277056277057,0.9307359307359307
925,0.00015753,6.99627e-06,0.515968779652605,161.30486486486487,0.9318918918918919
926,0.000157517,6.87094e-06,0.5154170981465168,161.4816414686825,0.9330453563714903
927,0.000157479,6.64596e-06,0.5161550370983965,161.31391585760517,0.9341963322545846
928,0.00015743,6.43245e-06,0.5166351837540034,161.2144396551724,0.9353448275862069
929,0.000157214,6.19964e-06,0.5171422241454985,161.10871905274487,0.9364908503767492
930,0.000157185,6.19422e-06,0.5172037422642471,161.1290322580645,0.9376344086021505
931,0.000156773,6.18954e-06,0.5174093267842712,161.11170784103115,0.9377013963480129
932,0.000156102,5.97896e-06,0.5177810994931357,161.0461373390558,0.9388412017167382
933,0.000156001,5.63032e-06,0.5187319951012855,160.92175777063238,0.9389067524115756
934,0.000155735,5.48824e-06,0.5181422068096789,161.11134903640257,0.9400428265524625
935,0.000155652,5.415e-06,0.5175743654165991,161.2951871657754,0.9411764705882353
936,0.000155618,5.36213e-06,0.5161507794586981,161.69551282051282,0.9423076923076923
937,0.000155278,5.02312e-06,0.5151402858055116,161.9957310565635,0.9434364994663821
938,0.000154765,5.00048e-06,0.515018119137214,162.06929637526653,0.9445628997867804
939,0.000154743,4.86599e-06,0.5145478842076431,162.2321618743344,0.9456869009584664
940,0.000154637,4.84763e-06,0.5139402645872202,162.43297872340426,0.9457446808510638
941,0.000154488,4.83099e-06,0.5133860689017559,162.61955366631244,0.946865037194474
942,0.00015441,4.82146e-06,0.5137333163364697,162.57218683651806,0.9479830148619958
943,0.000154055,4.75089e-06,0.5142693106537612,162.47189819724284,0.9490986214209968
944,0.000154034,4.47053e-06,0.5134336339058566,162.73199152542372,0.9502118644067796
945,0.000153905,4.43737e-06,0.5142347258485943,162.56507936507936,0.9502645502645503
946,0.000153673,4.32314e-06,0.5147471556623192,162.47357293868922,0.9513742071881607
947,0.000153628,4.28651e-06,0.5133296348432251,162.87856388595566,0.9524815205913411
948,0.000153447,4.20531e-06,0.5134786216732694,162.89135021097047,0.9535864978902954
949,0.000153417,3.94895e-06,0.5137925706749457,162.8577449947313,0.9546891464699684
950,0.00015246,3.92852e-06,0.5138267581687573,162.9,0.9557894736842105
951,0.000152457,3.80939e-06,0.5128037111118434,163.21135646687696,0.9568874868559412
952,0.000152144,3.78537e-06,0.5121925087621075,163.42016806722688,0.957983193277311
953,0.000152109,3.67461e-06,0.5120611074067183,163.50786988457503,0.9590766002098636
954,0.000152004,3.49368e-06,0.5121381141517087,163.5440251572327,0.960167714884696
955,0.000151837,3.46341e-06,0.5130105403655284,163.3780104712042,0.9602094240837696
956,0.000151756,3.44294e-06,0.5139899165263183,163.2426778242678,0.9592050209205021
957,0.000151352,3.3864e-06,0.5148351005751302,163.07314524555903,0.9602925809822361
958,0.000151168,3.24964e-06,0.5153767704149532,162.982254697286,0.9613778705636743
959,0.000150985,3.21234e-06,0.5146110734382692,163.23149113660062,0.9624608967674662
960,0.000150838,3.20233e-06,0.5150531315752208,163.16770833333334,0.9635416666666666
961,0.000150512,2.97183e-06,0.5155551027091811,163.0894901144641,0.9646201873048907
962,0.000150496,2.73007e-06,0.5144984050513512,163.41372141372142,0.9656964656964657
963,0.000150248,2.64482e-06,0.5148504163948574,163.37694704049844,0.9667705088265836
964,0.000150121,2.60501e-06,0.515085675260524,163.3713692946058,0.9678423236514523
965,0.000150033,2.48135e-06,0.5153726005341275,163.35336787564768,0.9689119170984456
966,0.000149998,2.48053e-06,0.516105639521896,163.22049689440993,0.9699792960662525
967,0.000149908,2.44385e-06,0.5170507889237869,163.07135470527405,0.9700103412616339
968,0.000149895,2.42143e-06,0.516843561543153,163.1818181818182,0.9710743801652892
969,0.000149867,2.35531e-06,0.5167448301745704,163.26625386996903,0.9711042311661506
970,0.000149654,2.26768e-06,0.5168815942483688,163.29175257731958,0.9721649484536082
971,0.000149573,2.11652e-06,0.5177747648561263,163.12667353244078,0.972193614830072
972,0.00014956,2.0877e-06,0.5170124103239672,163.37962962962962,0.9732510288065843
973,0.000149225,2.02835e-06,0.5173115658920899,163.3627954779034,0.9743062692702981
974,0.000148675,2.02428e-06,0.517893301790621,163.2741273100616,0.9753593429158111
975,0.000148513,1.92412e-06,0.5185789697038306,163.15897435897435,0.9764102564102564
976,0.000148451,1.89035e-06,0.5193469097805619,163.0235655737705,0.9774590163934426
977,0.000148423,1.8793e-06,0.5188542615972004,163.20880245649948,0.9785056294779939
978,0.000147837,1.83392e-06,0.5184358009641722,163.37525562372187,0.9795501022494888
979,0.000147812,1.76883e-06,0.5194070567890193,163.22778345250256,0.9795709908069459
980,0.000147594,1.76344e-06,0.520387859736227,163.08367346938775,0.9795918367346939
981,0.000147571,1.62553e-06,0.5193768534576583,163.4026503567788,0.9806320081549439
982,0.000147428,1.56539e-06,0.5202851326791551,163.23828920570264,0.9806517311608961
983,0.000147345,1.52543e-06,0.5211285552237582,163.08646998982707,0.9816887080366226
984,0.000147224,1.52348e-06,0.5212954797572443,163.10569105691056,0.9827235772357723
985,0.000147196,1.36188e-06,0.5216112847298439,163.08832487309644,0.983756345177665
986,0.000147133,1.34737e-06,0.5217332211710028,163.1206896551724,0.9847870182555781
987,0.000147039,1.26366e-06,0.5207335531625336,163.4387031408308,0.9858156028368794
988,0.00014682,1.15764e-06,0.5198783783093627,163.72165991902833,0.9868421052631579
989,0.000146796,1.13525e-06,0.5192937282721208,163.93731041456016,0.9878665318503539
990,0.000146548,1.08506e-06,0.5202444263103145,163.77878787878788,0.9878787878787879
991,0.000146476,1.03956e-06,0.5203646152390509,163.81634712411704,0.9889001009081736
992,0.000146415,1.01498e-06,0.5205178466257927,163.84576612903226,0.9899193548387096
993,0.000146354,1.0051e-06,0.5200623315452071,164.02920443101712,0.9909365558912386
994,0.000146251,9.14532e-07,0.5194151002848546,164.2625754527163,0.9919517102615694
995,0.000146105,8.98416e-07,0.5176026183259153,164.78793969849247,0.992964824120603
996,0.000145865,7.14978e-07,0.5179375975639834,164.7761044176707,0.9939759036144579
997,0.000145784,6.08772e-07,0.5178371639390307,164.87462387161486,0.9949849548645938
998,0.000145462,5.5332e-07,0.5184697564336466,164.78857715430863,0.9959919839679359
999,0.00014545,4.86694e-07,0.5173395011642511,165.14614614614615,0.996996996996997
1000,0.000145141,4.1392e-07,0.5174079253335178,165.204,0.998
1001,0.00014489,3.38619e-07,0.5177607570040116,165.1908091908092,0.999000999000999
1002,0.000144695,7.56005e-08,0.5172357754381679,165.39820359281438,1.0
