N,min_psi_emul,min_psi_model,kendall,mean_dist,common_users_prop
2,0.0246795,0.0869796,-1.0,526.0,1.0
3,0.0132962,0.016985,0.33333333333333337,683.6666666666666,0.6666666666666666
4,0.0115281,0.0112008,0.3333333333333334,644.0,0.75
5,0.00707264,0.0105749,0.39999999999999997,620.6,0.6
6,0.00705449,0.00975349,0.4666666666666666,605.3333333333334,0.6666666666666666
7,0.00676817,0.00637761,0.33333333333333337,593.7142857142857,0.7142857142857143
8,0.00670059,0.00633617,0.4728054288446501,643.75,0.625
9,0.00622213,0.005269,0.4789207443461594,633.6666666666666,0.6666666666666666
10,0.00621296,0.00448152,0.5520524474738834,669.5,0.6
11,0.00615348,0.0042034,0.523570314404736,659.9090909090909,0.5454545454545454
12,0.00600937,0.00349434,0.5720775535473553,687.4166666666666,0.5
13,0.0054696,0.00281899,0.6041585400191986,710.6153846153846,0.46153846153846156
14,0.00527524,0.00277784,0.6252818913170463,730.4285714285714,0.42857142857142855
15,0.00523558,0.00173139,0.5143444998736397,716.5333333333333,0.4666666666666667
16,0.00496658,0.00165894,0.5413071845204606,733.375,0.4375
17,0.00488412,0.00162374,0.561083607686782,748.1764705882352,0.4117647058823529
18,0.00466055,0.0016224,0.5755089459746229,761.2777777777778,0.3888888888888889
19,0.00456843,0.00159684,0.5858887021745228,772.9473684210526,0.3684210526315789
20,0.00454685,0.00141224,0.4759554341717346,760.1,0.4
21,0.00436353,0.00135198,0.49330385597158705,770.6190476190476,0.38095238095238093
22,0.0043589,0.00127629,0.4364357804719848,761.0909090909091,0.36363636363636365
23,0.00434135,0.00126816,0.45514956368175624,770.5652173913044,0.34782608695652173
24,0.00432759,0.000852331,0.3572187635001126,759.7083333333334,0.375
25,0.00413664,0.000823196,0.37974228656314296,768.4,0.36
26,0.00406731,0.000693382,0.3211820274187865,758.5769230769231,0.38461538461538464
27,0.00401162,0.000689668,0.3442651863295482,766.5925925925926,0.37037037037037035
28,0.00387225,0.000651403,0.3642156795423418,774.0,0.35714285714285715
29,0.00384192,0.000628999,0.31180295974820277,765.6206896551724,0.3448275862068966
30,0.00374628,0.000562421,0.3322807683739742,772.5,0.3333333333333333
31,0.00371083,0.000558441,0.35026451515699003,778.9032258064516,0.3225806451612903
32,0.00358594,0.000523621,0.3660909972450776,784.875,0.3125
33,0.00345763,0.000499465,0.31237926960796886,776.5151515151515,0.3333333333333333
34,0.00342922,0.000493869,0.2341027473708664,768.2647058823529,0.38235294117647056
35,0.00340631,0.000482056,0.2144979113367575,763.2857142857143,0.37142857142857144
36,0.00339288,0.00046728,0.23617129091550407,768.9166666666666,0.3888888888888889
37,0.0033726,0.000462171,0.20028947413483014,761.8648648648649,0.40540540540540543
38,0.00332147,0.000456386,0.18314056261088002,756.5526315789474,0.39473684210526316
39,0.00309363,0.000455066,0.1723342073024338,753.5384615384615,0.38461538461538464
40,0.00308609,0.000431651,0.163954180894229,750.8,0.375
41,0.00308175,0.000413749,0.13570814683048216,745.0975609756098,0.3902439024390244
42,0.00300105,0.00040414,0.09081799692815395,739.047619047619,0.40476190476190477
43,0.00297695,0.000367978,0.11590290157822213,744.1627906976744,0.3953488372093023
44,0.0029752,0.000332368,0.09223338267183906,738.6818181818181,0.4090909090909091
45,0.00288886,0.000324232,0.11607408613981621,743.5333333333333,0.4
46,0.00287918,0.000305172,0.13812501743446734,748.1521739130435,0.391304347826087
47,0.00285927,0.000295886,0.15854890380205933,752.5531914893617,0.3829787234042553
48,0.00274122,0.000291218,0.1399124056555827,747.625,0.3958333333333333
49,0.00273933,0.000254839,0.1594112372287465,751.8163265306123,0.40816326530612246
50,0.00267516,0.000253455,0.17755090628978587,755.82,0.4
51,0.00257086,0.000229057,0.16233836761777676,751.4705882352941,0.39215686274509803
52,0.00250887,0.000217857,0.14403360784346358,746.9038461538462,0.40384615384615385
53,0.00246639,0.000217787,0.16188097705954405,750.7169811320755,0.39622641509433965
54,0.00245788,0.000212178,0.1557968566041554,748.7592592592592,0.3888888888888889
55,0.00245559,0.000199843,0.13104975865298174,744.1454545454545,0.4
56,0.002449,0.000199818,0.14854046177456667,747.75,0.39285714285714285
57,0.00240868,0.000196354,0.125566025282787,743.4035087719299,0.42105263157894735
58,0.00239229,0.000193546,0.10224670942920691,739.051724137931,0.43103448275862066
59,0.00239205,0.000190144,0.11985012612207074,742.5084745762712,0.4406779661016949
60,0.0023546,0.000181896,0.1364401042563084,745.8333333333334,0.43333333333333335
61,0.00232599,0.000181503,0.15208753637380623,749.0327868852459,0.4262295081967213
62,0.00231675,0.000177418,0.16685723232947067,752.1129032258065,0.41935483870967744
63,0.00231032,0.000168503,0.1560375236633709,748.8253968253969,0.4126984126984127
64,0.00220988,0.000162166,0.13402850804571434,744.78125,0.421875
65,0.00218124,0.000161893,0.11730608184293867,740.9538461538461,0.4307692307692308
66,0.00216174,0.000161288,0.10746372201097237,737.5757575757576,0.4393939393939394
67,0.00213324,0.000155596,0.10077404687908673,734.5820895522388,0.43283582089552236
68,0.00212806,0.000153102,0.07627038458056533,730.7205882352941,0.4411764705882353
69,0.00212217,0.00014753,0.05474436702898231,727.0144927536232,0.4492753623188406
70,0.00203589,0.000142893,0.07107148271253001,729.9428571428572,0.44285714285714284
71,0.00201783,0.000137579,0.08661134001624417,732.7746478873239,0.43661971830985913
72,0.00195836,0.000136274,0.07730334162156768,729.6388888888889,0.4583333333333333
73,0.00192256,0.000134031,0.06725657682477494,726.4520547945206,0.4657534246575342
74,0.00190602,0.000128405,0.06728146652484969,724.9054054054054,0.4594594594594595
75,0.00188633,0.000126698,0.08230190077491434,727.6,0.4533333333333333
76,0.00186188,0.00012376,0.08261085727123149,728.8157894736842,0.4473684210526316
77,0.00184975,0.000111138,0.09687511331748884,731.3636363636364,0.44155844155844154
78,0.00183452,0.000107574,0.11050844828602428,733.8333333333334,0.44871794871794873
79,0.00181967,0.000107511,0.09934480056507833,730.8101265822785,0.45569620253164556
80,0.00179396,0.000105752,0.11256291121659805,733.2,0.45
81,0.00179124,0.000104063,0.11080853214915048,732.4567901234568,0.4444444444444444
82,0.00178944,0.000103636,0.0899175698288977,729.1463414634146,0.4634146341463415
83,0.00175251,0.000103618,0.08421020994123701,726.6024096385543,0.46987951807228917
84,0.00172984,0.000103289,0.08483858005000283,728.1190476190476,0.4642857142857143
85,0.00172141,0.000101325,0.07391703586454829,725.2235294117647,0.47058823529411764
86,0.00170234,9.79535e-05,0.07412410049673453,725.2790697674419,0.46511627906976744
87,0.00167736,9.68598e-05,0.06633856974978053,722.6091954022988,0.47126436781609193
88,0.00167489,9.4461e-05,0.0795099935886035,724.7840909090909,0.4659090909090909
89,0.00162548,9.3427e-05,0.09217012035729646,726.8988764044943,0.4606741573033708
90,0.00158886,9.29428e-05,0.08020873419918158,724.1,0.4666666666666667
91,0.00156835,9.06593e-05,0.07177499227855691,721.4835164835165,0.4725274725274725
92,0.00156108,9.02522e-05,0.08421805091187157,723.5326086956521,0.4673913043478261
93,0.00155851,9.0061e-05,0.09619861944427886,725.5268817204301,0.46236559139784944
94,0.00155582,8.44822e-05,0.10773789586956772,727.468085106383,0.4574468085106383
95,0.00153907,8.38481e-05,0.08824703840467824,724.5052631578948,0.4631578947368421
96,0.00152594,8.19918e-05,0.09966656893091505,726.3958333333334,0.4583333333333333
97,0.00151847,8.03179e-05,0.09784249978257586,725.4845360824743,0.4536082474226804
98,0.00150353,7.72563e-05,0.10884428866946999,727.3061224489796,0.4489795918367347
99,0.00148544,7.6401e-05,0.09856690859493684,724.7272727272727,0.45454545454545453
100,0.00147764,6.74686e-05,0.09523930614069907,723.29,0.45
101,0.00146368,6.71088e-05,0.10600650874179865,725.049504950495,0.44554455445544555
102,0.00146153,6.5037e-05,0.10389638659834262,723.9803921568628,0.4411764705882353
103,0.00144759,6.29345e-05,0.11429448828363692,725.6796116504854,0.44660194174757284
104,0.0014468,6.23608e-05,0.11204083785256345,724.6153846153846,0.4423076923076923
105,0.00142389,6.1167e-05,0.10518106992152688,722.3428571428572,0.44761904761904764
106,0.00138729,5.97149e-05,0.1153073781045891,723.9811320754717,0.44339622641509435
107,0.00136836,5.80909e-05,0.10035379362733984,721.373831775701,0.4485981308411215
108,0.00132986,5.52212e-05,0.11035214609171155,722.9722222222222,0.4444444444444444
109,0.00132788,5.44847e-05,0.12003184891912681,724.5321100917431,0.44036697247706424
110,0.00132235,5.37741e-05,0.12940537368738952,726.0545454545454,0.43636363636363634
111,0.00131379,5.34898e-05,0.12421583088595188,724.1891891891892,0.44144144144144143
112,0.00130761,5.22337e-05,0.13334646545250123,725.6696428571429,0.4375
113,0.00129281,5.21305e-05,0.1421951907121483,727.1150442477876,0.4336283185840708
114,0.00128483,5.19187e-05,0.15077263960787005,728.5263157894736,0.4298245614035088
115,0.00128386,5.15816e-05,0.14814444292307818,727.8434782608696,0.4260869565217391
116,0.00126751,5.14224e-05,0.13801968048071903,725.5344827586207,0.43103448275862066
117,0.00126365,5.11286e-05,0.13073742066624583,723.4358974358975,0.4358974358974359
118,0.00126303,4.98183e-05,0.13927776327322636,724.7966101694915,0.4322033898305085
119,0.00123106,4.97779e-05,0.14756735739802085,726.1260504201681,0.42857142857142855
120,0.00122852,4.97686e-05,0.15561518703061672,727.425,0.425
121,0.00122364,4.91187e-05,0.14866173064431004,725.396694214876,0.4297520661157025
122,0.00121874,4.83228e-05,0.14696912466359408,726.1147540983607,0.4262295081967213
123,0.00121115,4.77713e-05,0.1391873617739646,724.0325203252032,0.43089430894308944
124,0.00120993,4.69119e-05,0.1471714215289903,725.2741935483871,0.4274193548387097
125,0.00120899,4.67106e-05,0.13900858924197762,723.168,0.432
126,0.00120823,4.55013e-05,0.1468597653763687,724.3809523809524,0.42857142857142855
127,0.0012054,4.48662e-05,0.1544945259889346,725.5669291338583,0.4251968503937008
128,0.00119134,4.48336e-05,0.13721948573676573,723.1015625,0.4296875
129,0.00118926,4.38519e-05,0.14485468663652498,724.2635658914729,0.4263565891472868
130,0.00118845,3.78531e-05,0.15228462578691823,725.4,0.4230769230769231
131,0.00117857,3.55647e-05,0.1595160290962199,726.5114503816794,0.4198473282442748
132,0.00117835,3.55081e-05,0.15034872046461206,724.4166666666666,0.42424242424242425
133,0.00117434,3.52564e-05,0.15749058257647053,725.5037593984962,0.42105263157894735
134,0.00116566,3.50133e-05,0.15163480348090203,723.7089552238806,0.4253731343283582
135,0.0011633,3.44508e-05,0.14558274416383765,721.837037037037,0.42962962962962964
136,0.00115745,3.12007e-05,0.1346809774457661,719.7132352941177,0.4338235294117647
137,0.00115724,3.05113e-05,0.13148788495168254,718.6496350364963,0.4306569343065693
138,0.00114341,2.94391e-05,0.1251771761728403,716.7898550724638,0.43478260869565216
139,0.0011351,2.9357e-05,0.12197721861931887,715.5755395683453,0.4316546762589928
140,0.00113401,2.92749e-05,0.1292771547755815,716.6214285714286,0.42857142857142855
141,0.00112973,2.82535e-05,0.13639670358426628,717.645390070922,0.425531914893617
142,0.00112149,2.80514e-05,0.14334132333687236,718.6478873239437,0.4225352112676056
143,0.0011189,2.69186e-05,0.12953395249727337,716.4405594405595,0.42657342657342656
144,0.00111325,2.6695e-05,0.1364567653700395,717.4236111111111,0.4236111111111111
145,0.00110987,2.6633e-05,0.14321315440712337,718.3862068965517,0.4206896551724138
146,0.00110276,2.64016e-05,0.14980800891489565,719.3287671232877,0.4178082191780822
147,0.00110062,2.47836e-05,0.14748439927447404,718.9183673469388,0.41496598639455784
148,0.00108819,2.4692e-05,0.15393727614521302,719.831081081081,0.41216216216216217
149,0.00108719,2.46062e-05,0.15096521298039953,718.993288590604,0.40939597315436244
150,0.00108576,2.46042e-05,0.14695642810163645,717.8333333333334,0.4066666666666667
151,0.00107561,2.40803e-05,0.15331340238457195,718.7152317880794,0.40397350993377484
152,0.00107552,2.35482e-05,0.14816213629358316,717.1842105263158,0.4144736842105263
153,0.00106154,2.31434e-05,0.14596194050370154,716.6209150326797,0.4117647058823529
154,0.00105626,2.3123e-05,0.15223084615148827,717.474025974026,0.4090909090909091
155,0.00103519,2.25259e-05,0.15835809477069665,718.3096774193548,0.4129032258064516
156,0.00103281,2.2285e-05,0.1523993034772697,716.6346153846154,0.4166666666666667
157,0.00102408,2.22783e-05,0.15056101652843215,716.343949044586,0.4140127388535032
158,0.00100552,2.2128e-05,0.1566134845701942,717.1518987341772,0.4177215189873418
159,0.00100456,2.19758e-05,0.14395009189919053,715.0880503144654,0.42138364779874216
160,0.00100321,2.16814e-05,0.13916192931054291,713.65,0.43125
161,0.00100116,2.1411e-05,0.135456955139495,712.5217391304348,0.43478260869565216
162,0.00099444,2.09895e-05,0.14156562804616477,713.3086419753087,0.43209876543209874
163,0.000980759,2.07941e-05,0.14754336385721714,714.079754601227,0.4294478527607362
164,0.000978283,2.05224e-05,0.15339359137303704,714.8353658536586,0.4268292682926829
165,0.000977609,2.03154e-05,0.14843899277518482,713.4787878787879,0.4303030303030303
166,0.00097205,1.9916e-05,0.14698381441303504,713.6686746987951,0.42771084337349397
167,0.000956764,1.87832e-05,0.14222615543620817,712.4311377245509,0.437125748502994
168,0.000953825,1.85584e-05,0.14803575085549436,713.1547619047619,0.43452380952380953
169,0.000950584,1.77557e-05,0.1408127921681269,711.4497041420118,0.4437869822485207
170,0.00094622,1.77323e-05,0.14656399201108736,712.1588235294117,0.4411764705882353
171,0.000946068,1.77226e-05,0.13547380251088598,710.2397660818714,0.4444444444444444
172,0.00094382,1.76719e-05,0.14120652505041673,710.9360465116279,0.4418604651162791
173,0.000942495,1.74351e-05,0.13965673761580716,710.8265895953757,0.44508670520231214
174,0.000934582,1.71528e-05,0.145279256335963,711.5,0.4425287356321839
175,0.000931193,1.70357e-05,0.15078943993905083,712.16,0.44
176,0.00093101,1.67529e-05,0.15619002856050584,712.8068181818181,0.4375
177,0.000927031,1.63886e-05,0.1512733726685317,711.4971751412429,0.4406779661016949
178,0.000926127,1.61528e-05,0.1566057161594534,712.129213483146,0.43820224719101125
179,0.000921083,1.60897e-05,0.16183364361572058,712.7486033519554,0.43575418994413406
180,0.000910944,1.58644e-05,0.1669596435751032,713.3555555555556,0.43333333333333335
181,0.00088815,1.58634e-05,0.17198613108662608,713.9502762430939,0.430939226519337
182,0.000885398,1.53651e-05,0.17691545032649542,714.532967032967,0.42857142857142855
183,0.000876208,1.52352e-05,0.1748300076421278,714.6229508196722,0.4262295081967213
184,0.000872341,1.49298e-05,0.1796781049894923,715.1847826086956,0.42391304347826086
185,0.000869701,1.45806e-05,0.18443378739249158,715.7351351351351,0.42702702702702705
186,0.000866198,1.45356e-05,0.18909918440935797,716.2741935483871,0.42473118279569894
187,0.000856037,1.45106e-05,0.1840030108252888,715.0909090909091,0.42780748663101603
188,0.000854666,1.43492e-05,0.18862144882047538,715.6170212765958,0.425531914893617
189,0.000854138,1.42837e-05,0.19315349942082546,716.1322751322751,0.42328042328042326
190,0.000851215,1.3938e-05,0.19760111031471742,716.6368421052632,0.42105263157894735
191,0.000845922,1.38572e-05,0.20196617491583208,717.130890052356,0.418848167539267
192,0.000842154,1.37245e-05,0.19895913590492892,716.9947916666666,0.421875
193,0.000842133,1.35101e-05,0.19210935188357253,715.4248704663213,0.43005181347150256
194,0.000833834,1.34567e-05,0.1860845080384774,713.9948453608248,0.4329896907216495
195,0.000828925,1.33406e-05,0.18412279196360418,714.3794871794872,0.4307692307692308
196,0.000828169,1.32854e-05,0.17615910872027418,712.7244897959183,0.4336734693877551
197,0.000826516,1.32379e-05,0.16571244766166662,710.9289340101523,0.4365482233502538
198,0.000824988,1.30501e-05,0.16162939047707714,709.8333333333334,0.4393939393939394
199,0.000812393,1.24939e-05,0.16011309009104222,710.0552763819095,0.4371859296482412
200,0.000807232,1.23143e-05,0.1586796134156149,710.29,0.435
201,0.000803242,1.2236e-05,0.15563408938962164,709.4776119402985,0.43283582089552236
202,0.000802107,1.21892e-05,0.15047365953747702,708.1336633663366,0.43564356435643564
203,0.000795455,1.20246e-05,0.14371119509097166,706.5812807881773,0.43842364532019706
204,0.000790994,1.20032e-05,0.14183580052224198,706.3921568627451,0.4362745098039216
205,0.000789944,1.18559e-05,0.14091118086919074,706.6682926829268,0.43414634146341463
206,0.000786603,1.16484e-05,0.14564229234415713,707.1019417475728,0.4320388349514563
207,0.000780164,1.16216e-05,0.1400232627629188,705.6280193236715,0.43478260869565216
208,0.000778375,1.1557e-05,0.14471352956376254,706.0528846153846,0.4326923076923077
209,0.000773177,1.15553e-05,0.13971444492479584,704.7081339712919,0.44019138755980863
210,0.000768442,1.09605e-05,0.13722910440233582,703.9619047619047,0.4380952380952381
211,0.000766215,1.08105e-05,0.1284417862150571,702.2938388625593,0.44075829383886256
212,0.000763377,1.04738e-05,0.13316384767642214,702.7075471698113,0.4386792452830189
213,0.000761649,1.01883e-05,0.1306500310668658,701.943661971831,0.43661971830985913
214,0.000758356,1.00397e-05,0.13530790914608753,702.3457943925233,0.43457943925233644
215,0.000756493,9.95557e-06,0.12585592904897402,700.6511627906976,0.4372093023255814
216,0.000745271,9.94644e-06,0.12381032489541638,700.0138888888889,0.4351851851851852
217,0.000740372,9.92322e-06,0.12846895276253878,700.405529953917,0.43317972350230416
218,0.000739964,9.91169e-06,0.126611284146868,699.9082568807339,0.43577981651376146
219,0.000737419,9.83476e-06,0.13120317210509314,700.2876712328767,0.4337899543378995
220,0.000734071,9.8111e-06,0.13572232580816132,700.6590909090909,0.4318181818181818
221,0.000733741,9.72291e-06,0.14017015828663568,701.0226244343892,0.4298642533936652
222,0.00073246,9.71497e-06,0.1445480484514341,701.3783783783783,0.43243243243243246
223,0.000725859,9.64271e-06,0.1488573420891315,701.7264573991031,0.4304932735426009
224,0.000723495,9.57274e-06,0.14539456914408122,700.7232142857143,0.4330357142857143
225,0.000722237,9.51522e-06,0.14965735727454305,701.0622222222222,0.4311111111111111
226,0.000721793,9.3671e-06,0.15385416289965745,701.3938053097345,0.42920353982300885
227,0.0007213,9.31349e-06,0.14718213568152214,699.9118942731277,0.43612334801762115
228,0.000719206,9.30914e-06,0.15135870526004255,700.2368421052631,0.43859649122807015
229,0.000713264,9.08918e-06,0.15547147102605238,700.5545851528384,0.4366812227074236
230,0.000711216,8.94884e-06,0.15952162194879566,700.8652173913043,0.43478260869565216
231,0.000711006,8.83901e-06,0.1635103195012074,701.1688311688312,0.4329004329004329
232,0.00070898,8.81039e-06,0.16743869842752382,701.4655172413793,0.4353448275862069
233,0.000707524,8.71472e-06,0.17130786748567767,701.755364806867,0.4334763948497854
234,0.000704368,8.68607e-06,0.17511891016543313,702.0384615384615,0.43162393162393164
235,0.00070388,8.46789e-06,0.16749848175022383,700.5106382978723,0.4340425531914894
236,0.000694138,8.43338e-06,0.16606991878759547,700.6610169491526,0.4322033898305085
237,0.000693217,8.42826e-06,0.16478473754041087,700.8691983122363,0.43037974683544306
238,0.000692201,8.38794e-06,0.16250873656525244,700.563025210084,0.42857142857142855
239,0.000691722,8.36776e-06,0.15583250902350393,699.0962343096235,0.4351464435146444
240,0.00069125,8.33893e-06,0.15121764054156894,697.875,0.4375
241,0.000689918,8.31815e-06,0.1551184341115076,698.1369294605809,0.43568464730290457
242,0.000679767,8.30984e-06,0.15896280338164612,698.3925619834711,0.43388429752066116
243,0.000679144,8.27053e-06,0.15653411653321903,697.8641975308642,0.43209876543209874
244,0.00067336,8.25136e-06,0.1603360866763834,698.110655737705,0.430327868852459
245,0.000670489,8.14928e-06,0.16408366091184995,698.3510204081633,0.42857142857142855
246,0.000661168,8.05272e-06,0.15880974582379695,697.0365853658536,0.43089430894308944
247,0.000661166,7.969e-06,0.16253632829250847,697.2712550607288,0.4291497975708502
248,0.000659073,7.82108e-06,0.15920822798681808,696.4032258064516,0.4314516129032258
249,0.000656208,7.74588e-06,0.1570042134849698,696.0080321285141,0.42971887550200805
250,0.00065012,7.65251e-06,0.16070851779960457,696.232,0.428
251,0.000649862,7.5432e-06,0.1643610877040491,696.4501992031873,0.4262948207171315
252,0.000647767,7.42448e-06,0.16318639514294472,696.6111111111111,0.4246031746031746
253,0.000644024,7.36858e-06,0.16679273060789568,696.8181818181819,0.4268774703557312
254,0.000642639,7.28911e-06,0.1646806180957141,696.511811023622,0.4251968503937008
255,0.000641861,7.26213e-06,0.15813784563603991,695.086274509804,0.42745098039215684
256,0.000640259,6.97161e-06,0.15306494081998226,693.80859375,0.4296875
257,0.000638296,6.84709e-06,0.1567017215990625,694.0077821011673,0.4280155642023346
258,0.000628276,6.74183e-06,0.16028914393593519,694.2015503875969,0.43023255813953487
259,0.000627968,6.70083e-06,0.1547117137439159,692.8571428571429,0.43243243243243246
260,0.000625371,6.62908e-06,0.15828342739205742,693.0461538461539,0.4307692307692308
261,0.000624247,6.62468e-06,0.16180721700666886,693.2298850574713,0.42911877394636017
262,0.000623221,6.57625e-06,0.16528386556084917,693.4083969465648,0.42748091603053434
263,0.000622274,6.47937e-06,0.1687141401549637,693.5817490494296,0.42585551330798477
264,0.000615562,6.40595e-06,0.16062463252528267,692.0719696969697,0.42803030303030304
265,0.000614896,6.27716e-06,0.15563961836069054,690.811320754717,0.43018867924528303
266,0.000614464,6.23828e-06,0.15400279519093674,690.7218045112782,0.42857142857142855
267,0.000611802,6.09058e-06,0.15747183746960325,690.8876404494382,0.42696629213483145
268,0.000611759,6.00638e-06,0.16089558318050717,691.0485074626865,0.4253731343283582
269,0.000609488,5.93666e-06,0.1581878105311437,690.3866171003717,0.4275092936802974
270,0.000599766,5.92144e-06,0.1615810560098901,690.5407407407407,0.42592592592592593
271,0.000599277,5.9061e-06,0.1649304381863747,690.690036900369,0.42435424354243545
272,0.000595687,5.89506e-06,0.16823664672497526,690.8345588235294,0.4227941176470588
273,0.000593744,5.89399e-06,0.1655186655846792,690.2271062271062,0.4249084249084249
274,0.000589423,5.88562e-06,0.16879662820552133,690.3649635036496,0.4233576642335766
275,0.000589293,5.75685e-06,0.16385498991119396,689.1381818181818,0.4254545454545455
276,0.000586733,5.74217e-06,0.16034659709831528,688.195652173913,0.427536231884058
277,0.000586168,5.7401e-06,0.16362914204285794,688.3285198555957,0.4259927797833935
278,0.000584242,5.59408e-06,0.1668703094251267,688.456834532374,0.4244604316546763
279,0.000583421,5.49368e-06,0.1700707332565269,688.5806451612904,0.4229390681003584
280,0.000580902,5.39278e-06,0.16810816835906914,688.325,0.425
281,0.000573691,5.35887e-06,0.1609065331748381,686.8967971530249,0.42704626334519574
282,0.000570414,5.3296e-06,0.15644422883474596,685.7269503546099,0.42907801418439717
283,0.000569544,5.25071e-06,0.15345272026263854,684.9363957597174,0.43109540636042404
284,0.000567007,5.2282e-06,0.15206695988808067,684.8661971830986,0.43309859154929575
285,0.000564683,5.1361e-06,0.15532201484213673,684.978947368421,0.43157894736842106
286,0.000561675,5.10647e-06,0.15853727943317963,685.0874125874126,0.43006993006993005
287,0.000560243,5.08921e-06,0.16171334637697926,685.1916376306621,0.43205574912891986
288,0.0005602,5.08715e-06,0.15911673287725642,684.5451388888889,0.4340277777777778
289,0.000555739,5.05301e-06,0.16226695809815156,684.643598615917,0.43252595155709345
290,0.000551383,4.96789e-06,0.1653791385555288,684.7379310344828,0.43448275862068964
291,0.000551341,4.92708e-06,0.16363146051090868,684.5567010309278,0.4329896907216495
292,0.000550386,4.86996e-06,0.16671407675956568,684.6438356164383,0.4315068493150685
293,0.00054775,4.85252e-06,0.16975979863657553,684.7269624573379,0.4300341296928328
294,0.00054657,4.8237e-06,0.16664023755563417,683.9455782312925,0.43197278911564624
295,0.000545609,4.76496e-06,0.16966537045594432,684.0237288135593,0.43050847457627117
296,0.000542939,4.68669e-06,0.1726546365689374,684.097972972973,0.42905405405405406
297,0.000542598,4.65629e-06,0.17560855190457095,684.1683501683501,0.4276094276094276
298,0.000540311,4.64899e-06,0.17852762326785457,684.2348993288591,0.4261744966442953
299,0.000538964,4.59699e-06,0.1717185902025498,682.8595317725752,0.4280936454849498
300,0.000537901,4.57358e-06,0.1684177722242005,682.05,0.43
301,0.000537374,4.56229e-06,0.17135548834698155,682.1129568106312,0.42857142857142855
302,0.000534581,4.45288e-06,0.17425906640364525,682.1721854304636,0.4304635761589404
303,0.000532666,4.22436e-06,0.1771289874349118,682.2277227722773,0.429042904290429
304,0.000531793,4.20615e-06,0.17249813053139068,681.0756578947369,0.4309210526315789
305,0.000525547,4.20467e-06,0.17535875404356263,681.127868852459,0.42950819672131146
306,0.000524895,3.99953e-06,0.17034868119028743,679.9281045751634,0.43137254901960786
307,0.000522207,3.97567e-06,0.1691084034970798,679.9478827361563,0.42996742671009774
308,0.000522073,3.91914e-06,0.17196710723986314,679.9935064935065,0.42857142857142855
309,0.00052195,3.85329e-06,0.17479334611860853,680.0355987055016,0.42718446601941745
310,0.00051887,3.7952e-06,0.177587567086541,680.0741935483871,0.4258064516129032
311,0.000518065,3.74717e-06,0.17329199771549447,678.9742765273312,0.42765273311897106
312,0.000512897,3.7333e-06,0.1760762764432836,679.0096153846154,0.42628205128205127
313,0.000510975,3.71603e-06,0.17391598134071304,678.6549520766773,0.4249201277955272
314,0.000510852,3.64718e-06,0.17667915337330056,678.6847133757962,0.42356687898089174
315,0.000510781,3.60926e-06,0.17941150497249897,678.7111111111111,0.4222222222222222
316,0.000509189,3.54795e-06,0.1821134522481493,678.7341772151899,0.4208860759493671
317,0.000506391,3.51142e-06,0.1801723374077531,678.5299684542587,0.4195583596214511
318,0.000505862,3.45193e-06,0.18285334034492653,678.5471698113207,0.41823899371069184
319,0.000505645,3.42898e-06,0.1786449725286987,677.5235109717868,0.4200626959247649
320,0.000501999,3.31124e-06,0.17732042147344215,677.5125,0.41875
321,0.000501113,3.27924e-06,0.17999834327634986,677.5233644859813,0.4205607476635514
322,0.000500312,3.26082e-06,0.18264701433364433,677.5310559006211,0.4192546583850932
323,0.000499103,3.10206e-06,0.18526682098932298,677.5356037151703,0.4179566563467492
324,0.000498214,2.99199e-06,0.18785814326566241,677.5370370370371,0.4166666666666667
325,0.000497665,2.91153e-06,0.19042135498803672,677.5353846153846,0.4153846153846154
326,0.000497247,2.8313e-06,0.188680770407068,677.4325153374233,0.41411042944785276
327,0.000494749,2.82071e-06,0.1912242775532213,677.4250764525993,0.41284403669724773
328,0.000493793,2.68646e-06,0.19374041351222887,677.4146341463414,0.4115853658536585
329,0.000492023,2.64854e-06,0.1878870109736251,676.1489361702128,0.4133738601823708
330,0.000491628,2.63636e-06,0.19040492435342096,676.1363636363636,0.4121212121212121
331,0.000491597,2.62508e-06,0.19289600301344886,676.1208459214502,0.4108761329305136
332,0.000489385,2.55474e-06,0.18850939817827345,675.0331325301205,0.4126506024096386
333,0.000486366,2.53308e-06,0.18390791425974504,673.9129129129129,0.4144144144144144
334,0.000486061,2.47488e-06,0.18641588223080613,673.8952095808384,0.41317365269461076
335,0.000485803,2.43057e-06,0.18889748369051187,673.8746268656716,0.41194029850746267
336,0.000485723,2.40562e-06,0.1854522485377115,673.0238095238095,0.41369047619047616
337,0.000483993,2.37962e-06,0.18293222040399437,672.4896142433234,0.41543026706231456
338,0.000482643,2.298e-06,0.18541568216439702,672.4644970414201,0.41420118343195267
339,0.00048061,2.2609e-06,0.18291807812073838,671.9351032448377,0.41887905604719766
340,0.000478541,2.25264e-06,0.18538718112746277,671.9058823529411,0.42058823529411765
341,0.000477714,2.25126e-06,0.18783079277295908,671.8739002932551,0.41935483870967744
342,0.000477216,2.22171e-06,0.19024923062735916,671.8391812865497,0.41812865497076024
343,0.000477215,2.2143e-06,0.1873602398712481,671.1720116618076,0.4198250728862974
344,0.000477001,2.14973e-06,0.18976713849425536,671.1337209302326,0.4186046511627907
345,0.000476127,2.14226e-06,0.18490991493730854,669.991304347826,0.42028985507246375
346,0.000475966,2.10702e-06,0.18153498857813705,669.1618497109827,0.42485549132947975
347,0.000473336,2.09924e-06,0.183955438956312,669.1210374639769,0.4265129682997118
348,0.000470155,2.05974e-06,0.1805801550204319,668.2844827586207,0.4281609195402299
349,0.000467915,2.04965e-06,0.17776250419065517,667.6074498567335,0.4297994269340974
350,0.000467569,2.02471e-06,0.1801864239905246,667.5628571428572,0.42857142857142855
351,0.00046694,2.0057e-06,0.18258608181179312,667.5156695156695,0.42735042735042733
352,0.000466866,1.96504e-06,0.18496177116422827,667.4659090909091,0.42613636363636365
353,0.000466508,1.96189e-06,0.18088757282300522,666.4702549575071,0.42776203966005666
354,0.000466408,1.93325e-06,0.1832580463334123,666.4180790960452,0.4265536723163842
355,0.000465925,1.90703e-06,0.1791232550551948,665.3802816901408,0.4309859154929577
356,0.000465528,1.88354e-06,0.18148887641353104,665.3258426966293,0.4297752808988764
357,0.000464906,1.76088e-06,0.1838312154696215,665.2689075630252,0.43137254901960786
358,0.000462274,1.70447e-06,0.18180421937430005,664.9385474860335,0.4301675977653631
359,0.000460844,1.66848e-06,0.18413229806709538,664.8774373259052,0.42896935933147634
360,0.000460212,1.66164e-06,0.17999569682302066,663.8361111111111,0.4305555555555556
361,0.000459305,1.65165e-06,0.1776082834651441,663.2936288088642,0.43213296398891965
362,0.000458851,1.64144e-06,0.17476916758515848,662.5690607734807,0.43370165745856354
363,0.00045857,1.63936e-06,0.1771154338682712,662.5041322314049,0.4325068870523416
364,0.000456905,1.59947e-06,0.1794390858429305,662.4368131868132,0.43131868131868134
365,0.000456463,1.56709e-06,0.18174038717469104,662.3671232876712,0.4301369863013699
366,0.000456131,1.54516e-06,0.1840195977199893,662.2950819672132,0.42896174863387976
367,0.000453644,1.5004e-06,0.18627697359255435,662.2207084468665,0.42779291553133514
368,0.00045356,1.37825e-06,0.1839624900205822,661.7336956521739,0.42934782608695654
369,0.000453448,1.31728e-06,0.1862081760270198,661.6558265582656,0.4281842818428184
370,0.000452168,1.30347e-06,0.1884325078742365,661.5756756756757,0.4297297297297297
371,0.00045207,1.28887e-06,0.18505970544680422,660.7466307277627,0.4339622641509434
372,0.000447685,1.28547e-06,0.18106829256990128,659.752688172043,0.43548387096774194
373,0.000446712,1.27174e-06,0.18330334898052045,659.6702412868633,0.4343163538873995
374,0.0004463,1.26399e-06,0.18176417689954516,659.5026737967914,0.43315508021390375
375,0.000442198,1.22922e-06,0.18398450437549854,659.416,0.432
376,0.00043816,1.1784e-06,0.17994026647070197,658.4042553191489,0.43351063829787234
377,0.000437741,1.14214e-06,0.1734318057469519,657.1193633952255,0.4350132625994695
378,0.00043736,1.09857e-06,0.1694650953172385,656.1058201058202,0.4365079365079365
379,0.000437069,1.08618e-06,0.17172667717521367,656.0184696569921,0.43799472295514513
380,0.000436638,9.91375e-07,0.16783898839052744,655.0131578947369,0.4394736842105263
381,0.000434992,9.66695e-07,0.1651356852072275,654.2782152230972,0.4409448818897638
382,0.000434268,9.23004e-07,0.16740370438869173,654.1884816753927,0.4397905759162304
383,0.000434231,9.17396e-07,0.16596426685120763,653.9947780678851,0.4386422976501306
384,0.000433043,8.8503e-07,0.1630409152327978,653.2135416666666,0.4401041666666667
385,0.000431119,8.70115e-07,0.16530554330745306,653.1194805194805,0.44155844155844154
386,0.000430829,8.18092e-07,0.16309834577043503,652.5466321243523,0.4430051813471503
387,0.000424454,7.77985e-07,0.16535117188024945,652.4496124031008,0.4418604651162791
388,0.000423312,7.68806e-07,0.16758371817305054,652.3505154639175,0.44329896907216493
389,0.000422207,7.50145e-07,0.169796206249566,652.2493573264782,0.442159383033419
390,0.000420556,7.05196e-07,0.16740897641257824,651.6384615384616,0.44358974358974357
391,0.000420051,7.00303e-07,0.16442351477185416,650.843989769821,0.44501278772378516
392,0.000419685,6.63117e-07,0.16118372091066288,649.9744897959183,0.44642857142857145
393,0.000419138,6.50501e-07,0.15850689759405934,649.234096692112,0.44783715012722647
394,0.000418498,6.46479e-07,0.1607443358175749,649.1294416243654,0.4467005076142132
395,0.000418286,6.41238e-07,0.16296201882898068,649.0227848101266,0.44556962025316454
396,0.000417965,6.26442e-07,0.16516015865553424,648.9141414141415,0.4444444444444444
397,0.000417098,5.94473e-07,0.16733896450089636,648.8035264483627,0.44584382871536526
398,0.00041701,5.40387e-07,0.16207015348505546,647.6331658291457,0.4472361809045226
399,0.000416602,5.33532e-07,0.16425109844440533,647.5213032581454,0.44611528822055135
400,0.000414984,4.90096e-07,0.16097051023375641,646.645,0.4475
401,0.000414422,4.76373e-07,0.1631453173844148,646.5311720698254,0.4463840399002494
402,0.000413847,4.66661e-07,0.15952427366939304,645.5796019900497,0.44776119402985076
403,0.000413806,4.30649e-07,0.15787814205130715,645.213399503722,0.4491315136476427
404,0.00041254,3.73934e-07,0.15600670021188673,644.75,0.4504950495049505
405,0.00040654,3.70167e-07,0.15818975262922816,644.6320987654321,0.45185185185185184
406,0.000405213,3.62656e-07,0.15624581132091575,644.1034482758621,0.45320197044334976
407,0.000403375,3.4895e-07,0.15841728634934552,643.982800982801,0.45454545454545453
408,0.00040109,3.48384e-07,0.15643076654049462,643.4411764705883,0.45588235294117646
409,0.000395144,3.39553e-07,0.1585909964886053,643.317848410758,0.4572127139364303
410,0.000395085,3.34806e-07,0.15614808830546953,642.6463414634146,0.4585365853658537
411,0.000394965,3.34087e-07,0.1531119482408804,641.8175182481751,0.45985401459854014
412,0.000393099,3.23683e-07,0.15527438625549306,641.6917475728155,0.46116504854368934
413,0.000392714,3.12583e-07,0.15741859907989242,641.5641646489104,0.4600484261501211
414,0.00039243,2.91406e-07,0.15954477372238507,641.4347826086956,0.45893719806763283
415,0.000391993,2.81912e-07,0.1560747574168582,640.5204819277109,0.4602409638554217
416,0.000391703,2.76679e-07,0.15819622442749248,640.3894230769231,0.45913461538461536
417,0.000391681,2.57585e-07,0.15698442354799458,640.1774580335731,0.4580335731414868
418,0.000390534,2.55764e-07,0.15909225783308897,640.0430622009569,0.4569377990430622
419,0.000390272,2.54543e-07,0.1611825641351997,639.9069212410501,0.45584725536992843
420,0.000389667,2.50748e-07,0.15873610548689943,639.2261904761905,0.45714285714285713
421,0.000389536,2.46638e-07,0.1608180436833036,639.0878859857482,0.45605700712589076
422,0.000388762,2.32918e-07,0.16288278468174844,638.9478672985782,0.4549763033175355
423,0.000388582,2.24769e-07,0.1649305011327942,638.806146572104,0.4562647754137116
424,0.000388509,2.11267e-07,0.16298983234469405,638.2924528301887,0.45754716981132076
425,0.000386659,1.96349e-07,0.16146859664088925,637.9576470588236,0.4588235294117647
426,0.000385556,1.91004e-07,0.1578962050266921,637.0211267605633,0.460093896713615
427,0.000385303,1.81504e-07,0.1599526105526627,636.8758782201405,0.4613583138173302
428,0.00038497,1.74438e-07,0.16199227281239822,636.7289719626168,0.4602803738317757
429,0.000384887,1.5387e-07,0.16401535753958257,636.5804195804196,0.4592074592074592
430,0.000384663,1.51482e-07,0.1660220284320961,636.4302325581396,0.45813953488372094
431,0.000384172,1.29125e-07,0.16801244718222133,636.2784222737819,0.4593967517401392
432,0.00038357,1.25641e-07,0.16998677350631977,636.125,0.4583333333333333
433,0.000383472,1.17639e-07,0.16564389552740252,635.0669745958429,0.45958429561200925
434,0.000382664,1.17145e-07,0.16220184107946117,634.1612903225806,0.4608294930875576
435,0.000380091,1.08745e-07,0.16013947264690354,633.5954022988506,0.46206896551724136
436,0.000379944,1.02362e-07,0.15864947950064745,633.2477064220184,0.463302752293578
437,0.000379892,1.00783e-07,0.16064894986915912,633.091533180778,0.4645308924485126
438,0.000379225,9.97615e-08,0.15884990647721808,632.6164383561644,0.4657534246575342
439,0.000378989,8.1938e-08,0.1608396806228779,632.4578587699317,0.4646924829157175
440,0.000377688,7.45426e-08,0.1592688954637465,632.0727272727273,0.4659090909090909
441,0.000377299,7.37409e-08,0.1569822497885984,631.4195011337869,0.4671201814058957
442,0.000376047,6.79191e-08,0.15549263236410038,631.0407239819004,0.47058823529411764
443,0.000373113,6.60025e-08,0.15213239666858697,630.1399548532731,0.47404063205417607
444,0.000373005,6.58032e-08,0.14775655099795304,629.0698198198198,0.4774774774774775
445,0.00037047,6.44426e-08,0.14977636701099792,628.9078651685393,0.4786516853932584
446,0.00036832,6.04142e-08,0.1484631980000188,628.5650224215246,0.4820627802690583
447,0.000368133,5.53175e-08,0.14580219987913712,627.7986577181208,0.48322147651006714
448,0.000367576,5.50369e-08,0.1426239176301873,626.9151785714286,0.484375
449,0.000367492,5.49229e-08,0.14465229845727282,626.750556792873,0.48329621380846327
450,0.000367104,4.73921e-08,0.14063393716945358,625.7288888888888,0.48444444444444446
451,0.000365225,4.42506e-08,0.13703187241208806,624.7627494456763,0.48558758314855877
452,0.000365163,3.40858e-08,0.13907111350214327,624.5973451327434,0.48451327433628316
453,0.000364452,3.36e-08,0.141094766685443,624.4304635761589,0.48344370860927155
454,0.000363591,3.1975e-08,0.1431029776854958,624.262114537445,0.48237885462555063
455,0.000361542,2.96938e-08,0.14509589053241403,624.0923076923077,0.48131868131868133
456,0.000361279,2.89242e-08,0.14707364758670374,623.921052631579,0.48026315789473684
457,0.000360934,2.52636e-08,0.14903638956266096,623.7483588621444,0.47921225382932164
458,0.00036075,2.23646e-08,0.15098425555138162,623.5742358078603,0.48034934497816595
459,0.000360537,2.20953e-08,0.14811074998250748,622.7472766884532,0.48148148148148145
460,0.000359498,1.97657e-08,0.14485805508952518,621.8565217391305,0.4826086956521739
461,0.000357945,1.92648e-08,0.14158220318288048,620.9566160520608,0.48590021691973967
462,0.000357784,1.73961e-08,0.14026503859235495,620.5800865800866,0.487012987012987
463,0.000357265,1.66308e-08,0.14223407095708998,620.4038876889849,0.48812095032397407
464,0.000355197,1.39883e-08,0.14029590702146058,619.8081896551724,0.4892241379310345
465,0.00035382,1.32024e-08,0.1422564458394462,619.6301075268817,0.4881720430107527
466,0.000353025,1.23468e-08,0.14420240913870147,619.450643776824,0.4871244635193133
467,0.000352664,1.23372e-08,0.14613392931529753,619.2698072805139,0.48822269807280516
468,0.000352544,1.17181e-08,0.14366904349599524,618.5299145299145,0.49145299145299143
469,0.000351313,9.85792e-09,0.1455943312183801,618.3475479744136,0.4904051172707889
470,0.000351285,5.26214e-09,0.14388738701133957,617.827659574468,0.49148936170212765
471,0.00035033,4.36552e-09,0.14580383936201202,617.6433121019109,0.49044585987261147
472,0.000349879,3.19557e-09,0.1477062128820214,617.457627118644,0.4894067796610169
473,0.000348712,1.92742e-09,0.14618147264370543,617.0084566596195,0.4904862579281184
474,0.000348538,1.17183e-09,0.1438936864942336,616.3037974683544,0.49156118143459915
475,0.000344765,5.95581e-10,0.14281208679142995,616.0021052631579,0.4926315789473684
476,0.00034424,0.0,0.14471570340438739,615.813025210084,0.49369747899159666
477,0.000342868,0.0,0.14660548424492204,615.622641509434,0.4947589098532495
478,0.000341448,0.0,0.1484815520998232,615.4309623430962,0.49581589958158995
479,0.000339257,0.0,0.14584555125049947,614.6638830897704,0.4989561586638831
480,0.000338684,0.0,0.1477165535067579,614.4708333333333,0.5
481,0.000338533,0.0,0.1460692480435569,613.977130977131,0.5031185031185031
482,0.000338049,0.0,0.14793183183985853,613.7821576763486,0.504149377593361
483,0.000336624,0.0,0.14595487912515784,613.1821946169772,0.5072463768115942
484,0.00033606,0.0,0.14301255221211912,612.3429752066115,0.5103305785123967
485,0.000334771,0.0,0.13929680177007733,611.3731958762886,0.51340206185567
486,0.000333667,0.0,0.13778908547736343,610.8930041152263,0.5164609053497943
487,0.000332816,0.0,0.13687203800902115,610.6221765913758,0.5195071868583162
488,0.000331856,0.0,0.13289413444124998,609.6045081967213,0.5225409836065574
489,0.000331814,0.0,0.12913718543130437,608.6175869120655,0.5255623721881391
490,0.000331076,0.0,0.13104584731325708,608.4204081632653,0.5265306122448979
491,0.000330838,0.0,0.13294108431952062,608.2219959266803,0.5274949083503055
492,0.000329318,0.0,0.1310343447824888,607.589430894309,0.5304878048780488
493,0.000329203,0.0,0.1297453212973075,607.1541582150102,0.5334685598377282
494,0.000328809,0.0,0.1282679579628415,606.665991902834,0.5364372469635628
495,0.00032855,0.0,0.12499889156819041,605.749494949495,0.5393939393939394
496,0.000328437,0.0,0.12690451263796007,605.5483870967741,0.5403225806451613
497,0.000328043,0.0,0.12540879987792203,605.0382293762575,0.5432595573440644
498,0.000328036,0.0,0.1273054054585884,604.8353413654619,0.5441767068273092
499,0.000327721,0.0,0.12392094836320862,603.8997995991984,0.5470941883767535
500,0.000327157,0.0,0.12581493679236647,603.696,0.548
501,0.00032651,0.0,0.12769588654076794,603.4910179640718,0.5489021956087824
502,0.000326227,0.0,0.1256585560844089,602.8227091633466,0.5517928286852589
503,0.00032519,0.0,0.12438007742250763,602.3658051689861,0.5546719681908548
504,0.000324892,0.0,0.12625753430508158,602.1587301587301,0.5555555555555556
505,0.000324503,0.0,0.12505671276710204,601.7247524752476,0.5584158415841585
506,0.000324349,0.0,0.12351351126108281,601.1897233201581,0.5612648221343873
507,0.000324134,0.0,0.12538561529214964,600.9802761341223,0.5621301775147929
508,0.000324042,0.0,0.12428103091211665,600.5767716535433,0.5649606299212598
509,0.000323949,0.0,0.12614326253977814,600.3654223968566,0.5658153241650294
510,0.000323949,0.0,0.12799338920880768,600.1549019607843,0.5666666666666667
511,0.000323784,0.0,0.12983053452018117,599.9432485322897,0.5675146771037182
512,0.000323055,0.0,0.12912330329003072,599.6796875,0.5703125
513,0.000322869,0.0,0.13094963575693636,599.4658869395712,0.571150097465887
514,0.000322798,0.0,0.1296794402126616,599.023346303502,0.5739299610894941
515,0.000322414,0.0,0.13149690019301538,598.8077669902913,0.574757281553398
516,0.000321058,0.0,0.1333021910140212,598.5910852713179,0.5755813953488372
517,0.000320975,0.0,0.13509541254434804,598.3733075435204,0.5764023210831721
518,0.000320433,0.0,0.13687666363305556,598.1544401544402,0.5772200772200772
519,0.000318452,0.0,0.13532875359210597,597.6473988439307,0.5799614643545279
520,0.000317766,0.0,0.13399090393528296,597.1903846153846,0.5826923076923077
521,0.000316908,0.0,0.13144301126245686,596.4203454894434,0.5854126679462572
522,0.000315507,0.0,0.12965631267711206,595.8333333333334,0.5881226053639846
523,0.000310847,0.0,0.1275544799514973,595.1472275334608,0.5908221797323135
524,0.000309314,0.0,0.12397922245238846,594.1851145038167,0.5935114503816794
525,0.000308822,0.0,0.12578564703305264,593.9638095238096,0.5942857142857143
526,0.000308486,0.0,0.12475130495331324,593.5608365019011,0.596958174904943
527,0.000307427,0.0,0.12654842927904963,593.337760910816,0.5977229601518027
528,0.000307293,0.0,0.1283338086470847,593.1136363636364,0.5984848484848485
529,0.000306693,0.0,0.13010753726454716,592.8884688090737,0.5992438563327032
530,0.000306225,0.0,0.13186970839812132,592.6622641509434,0.6
531,0.000305318,0.0,0.1309604118503708,592.3126177024482,0.6026365348399246
532,0.000304324,0.0,0.13271331514909143,592.0845864661654,0.6033834586466166
533,0.000304164,0.0,0.1306140083696867,591.4033771106942,0.6060037523452158
534,0.000303809,0.0,0.12904369118645867,590.874531835206,0.6086142322097379
535,0.000303357,0.0,0.12641060485562938,590.0728971962617,0.611214953271028
536,0.000301118,0.0,0.12348544981986992,589.2182835820895,0.6138059701492538
537,0.000300487,0.0,0.12525302754955667,588.9888268156425,0.6145251396648045
538,0.000299606,0.0,0.12700927290747352,588.7583643122676,0.6152416356877324
539,0.000299522,0.0,0.12875427509425194,588.5269016697588,0.6159554730983302
540,0.000298643,0.0,0.13048812243658534,588.2944444444445,0.6166666666666667
541,0.0002986,0.0,0.13221090239758945,588.0609981515712,0.6173752310536045
542,0.000298486,0.0,0.13392270158701783,587.8265682656827,0.6180811808118081
543,0.000297981,0.0,0.1356236057713349,587.5911602209944,0.6187845303867403
544,0.000297927,0.0,0.13242728621276653,586.6948529411765,0.6213235294117647
545,0.000296089,0.0,0.134126569729832,586.4587155963303,0.6220183486238532
546,0.000295741,0.0,0.13153422913595042,585.6648351648352,0.6245421245421245
547,0.000294905,0.0,0.12886227635591463,584.855575868373,0.6270566727605119
548,0.000294736,0.0,0.13056563954431874,584.6186131386861,0.6277372262773723
549,0.00029375,0.0,0.13225829202830633,584.3806921675774,0.6284153005464481
550,0.000293705,0.0,0.13394031636687984,584.1418181818182,0.6290909090909091
551,0.000293216,0.0,0.13561179432731646,583.9019963702359,0.6297640653357531
552,0.000292173,0.0,0.13727280689435317,583.661231884058,0.6304347826086957
553,0.000292081,0.0,0.1389234342792451,583.4195298372514,0.6311030741410488
554,0.000291587,0.0,0.1367345736533935,582.7220216606498,0.6335740072202166
555,0.000290151,0.0,0.13838095110795925,582.4792792792792,0.6342342342342342
556,0.00029008,0.0,0.14001708820538664,582.2356115107914,0.6348920863309353
557,0.000289623,0.0,0.1390059268871097,581.8527827648115,0.6373429084380611
558,0.000288198,0.0,0.13766597634137914,581.3835125448029,0.6397849462365591
559,0.000287342,0.0,0.13449812825092125,580.4937388193202,0.6422182468694096
560,0.00028698,0.0,0.1326675441992231,579.8696428571428,0.6446428571428572
561,0.000286784,0.0,0.13023878055101865,579.1105169340464,0.6470588235294118
562,0.000286591,0.0,0.1292182956121367,578.7010676156584,0.6494661921708185
563,0.000286564,0.0,0.12843225380015813,578.373001776199,0.6518650088809946
564,0.000286426,0.0,0.13008889107442348,578.1258865248227,0.6524822695035462
565,0.000286366,0.0,0.1317354076665752,577.8778761061947,0.6530973451327433
566,0.000286324,0.0,0.133371879382357,577.6289752650176,0.6537102473498233
567,0.000286173,0.0,0.13100011715108237,576.8871252204585,0.656084656084656
568,0.000285153,0.0,0.1287117417470007,576.1549295774648,0.6584507042253521
569,0.000285139,0.0,0.13035080700273036,575.9050966608085,0.6590509666080844
570,0.000283154,0.0,0.13197994758598133,575.6543859649123,0.6596491228070176
571,0.000282997,0.0,0.13034130626767634,575.0823117338003,0.6619964973730298
572,0.000282748,0.0,0.1319648323264208,574.8304195804196,0.6625874125874126
573,0.000282126,0.0,0.13357857558952158,574.5776614310646,0.6631762652705061
574,0.000282106,0.0,0.13518260829050877,574.3240418118467,0.6637630662020906
575,0.000281881,0.0,0.1345183545633761,574.0452173913044,0.6660869565217391
576,0.000281631,0.0,0.13611417185688193,573.7899305555555,0.6666666666666666
577,0.000280992,0.0,0.13454100014905684,573.2409012131716,0.6689774696707106
578,0.000280144,0.0,0.13393252179571005,572.9792387543253,0.671280276816609
579,0.000279878,0.0,0.132129729187707,572.3575129533679,0.6735751295336787
580,0.000279843,0.0,0.13372593921041348,572.1,0.6741379310344827
581,0.000279787,0.0,0.13531265750255436,571.84165232358,0.6746987951807228
582,0.000278908,0.0,0.13688995319949773,571.5824742268042,0.6752577319587629
583,0.000278905,0.0,0.13845789481019988,571.3224699828473,0.6758147512864494
584,0.000278864,0.0,0.14001655022407106,571.0616438356165,0.6763698630136986
585,0.000278474,0.0,0.14156598671775236,570.8,0.676923076923077
586,0.000278078,0.0,0.14057071071156574,570.4112627986348,0.6791808873720137
587,0.000277832,0.0,0.13950818643148633,570.0,0.6814310051107325
588,0.000276941,0.0,0.13703372587238022,569.2329931972789,0.6836734693877551
589,0.000276233,0.0,0.1385855047831466,568.9694397283531,0.6842105263157895
590,0.000275682,0.0,0.14012818607009575,568.7050847457627,0.6847457627118644
591,0.000275363,0.0,0.13890478619736782,568.2554991539763,0.6869712351945855
592,0.000274823,0.0,0.1404414362379903,567.9898648648649,0.6875
593,0.000274587,0.0,0.13861433428340955,567.3693086003373,0.6897133220910624
594,0.000273427,0.0,0.14014670025570236,567.1026936026936,0.6902356902356902
595,0.000272803,0.0,0.13848896882054693,566.5378151260504,0.692436974789916
596,0.000270874,0.0,0.1363261635999001,565.8406040268457,0.6946308724832215
597,0.000270548,0.0,0.13513819704467053,565.3835845896148,0.6968174204355109
598,0.000269862,0.0,0.13667427796651474,565.1153846153846,0.697324414715719
599,0.000268248,0.0,0.13820149273282709,564.8464106844741,0.6978297161936561
600,0.000267071,0.0,0.13971990397860928,564.5766666666667,0.6983333333333334
601,0.000265974,0.0,0.14122957378853063,564.30615640599,0.6988352745424293
602,0.00026322,0.0,0.1392839453281097,563.6661129568106,0.7009966777408638
603,0.000262863,0.0,0.1377557796769937,563.1260364842454,0.703150912106136
604,0.000262706,0.0,0.13926550878626026,562.8543046357615,0.7036423841059603
605,0.000259928,0.0,0.14076660515838038,562.5818181818182,0.7041322314049587
606,0.000259657,0.0,0.13878146231574784,561.9306930693069,0.7062706270627063
607,0.000259614,0.0,0.13700660164892192,561.3294892915981,0.7084019769357496
608,0.000258785,0.0,0.13850859108015356,561.0559210526316,0.7088815789473685
609,0.000258766,0.0,0.14000205058518053,560.7816091954023,0.7093596059113301
610,0.000258516,0.0,0.14148703942237426,560.5065573770491,0.7098360655737705
611,0.000258222,0.0,0.14296361633816887,560.2307692307693,0.7103109656301145
612,0.000257425,0.0,0.14152400421693515,559.7124183006536,0.7124183006535948
613,0.000255932,0.0,0.14299575242986126,559.4355628058728,0.7128874388254486
614,0.000255904,0.0,0.14445920123141387,559.157980456026,0.7133550488599348
615,0.000255614,0.0,0.1459144077993299,558.879674796748,0.7138211382113822
616,0.000255425,0.0,0.14736142882166567,558.6006493506494,0.7142857142857143
617,0.000254753,0.0,0.14880032050186826,558.3209076175041,0.7147487844408428
618,0.000254609,0.0,0.14558422253609757,557.4304207119741,0.7168284789644013
619,0.000254469,0.0,0.14377467670365274,556.8222940226171,0.7189014539579968
620,0.000254459,0.0,0.14521830486631976,556.5419354838709,0.7193548387096774
621,0.000254379,0.0,0.14447324770222075,556.2302737520129,0.7214170692431562
622,0.000254308,0.0,0.14591047213897368,555.9485530546624,0.7218649517684887
623,0.000253502,0.0,0.14733970401704546,555.6661316211878,0.7223113964686998
624,0.000253096,0.0,0.14657271879818573,555.3429487179487,0.7243589743589743
625,0.000251736,0.0,0.1446455310717467,554.7088,0.7264
626,0.00025161,0.0,0.14607331895586922,554.4249201277955,0.7268370607028753
627,0.000251328,0.0,0.14408734968829834,553.7799043062201,0.7288676236044657
628,0.000250769,0.0,0.14551216771994047,553.4952229299363,0.7292993630573248
629,0.000250397,0.0,0.14692913866928842,553.2098569157392,0.7297297297297297
630,0.000250017,0.0,0.14346669395385325,552.3857142857142,0.7317460317460317
631,0.000248902,0.0,0.1417818612329879,551.7987321711569,0.7337559429477021
632,0.000248543,0.0,0.1399978360658149,551.1882911392405,0.7357594936708861
633,0.000248144,0.0,0.137894674822304,550.5055292259084,0.7377567140600316
634,0.000248067,0.0,0.13556870013610386,549.7744479495268,0.7397476340694006
635,0.000247938,0.0,0.13279142998293084,548.9448818897638,0.7417322834645669
636,0.000247664,0.0,0.134235560841325,548.6588050314465,0.7421383647798742
637,0.000246285,0.0,0.13567186427880856,548.3720565149137,0.7425431711145997
638,0.000244555,0.0,0.13710039224775758,548.0846394984326,0.7429467084639498
639,0.000244537,0.0,0.1385211962716299,547.7965571205008,0.7433489827856025
640,0.000244424,0.0,0.13568259773069669,546.959375,0.7453125
641,0.000244285,0.0,0.13484392546371093,546.585023400936,0.7472698907956318
642,0.000244267,0.0,0.13626586329344506,546.2959501557632,0.7476635514018691
643,0.000243661,0.0,0.1376801627436852,546.0062208398134,0.7480559875583204
644,0.000243557,0.0,0.13908687403007972,545.7158385093168,0.7484472049689441
645,0.000243305,0.0,0.13829821632928216,545.3658914728683,0.7503875968992249
646,0.000243044,0.0,0.13614551113453016,544.6671826625387,0.7523219814241486
647,0.000242262,0.0,0.13755155015969728,544.3755795981452,0.7527047913446677
648,0.000242082,0.0,0.1363685195640885,543.9012345679013,0.7546296296296297
649,0.000242022,0.0,0.13776974071059234,543.6086286594762,0.7550077041602465
650,0.0002419,0.0,0.13916351282118383,543.3153846153846,0.7553846153846154
651,0.000241472,0.0,0.13770186256154948,542.7711213517665,0.7572964669738863
652,0.000241237,0.0,0.13678209673294572,542.3604294478528,0.75920245398773
653,0.000240829,0.0,0.13817385160266668,542.0658499234303,0.7595712098009189
654,0.000240565,0.0,0.13955825183138396,541.7706422018349,0.7599388379204893
655,0.000240473,0.0,0.14093534495964355,541.4748091603053,0.7603053435114504
656,0.000239823,0.0,0.1423051781458457,541.1783536585366,0.760670731707317
657,0.000239577,0.0,0.1436677981699607,540.8812785388128,0.76103500761035
658,0.000239503,0.0,0.14502325143720124,540.5835866261398,0.7613981762917933
659,0.000238804,0.0,0.14287779459801023,539.8907435508346,0.7632776934749621
660,0.000238795,0.0,0.1442312350386564,539.5924242424243,0.7636363636363637
661,0.000237793,0.0,0.1455775888081797,539.2934947049924,0.7639939485627837
662,0.000236808,0.0,0.14359024809505427,538.6283987915408,0.7658610271903323
663,0.000236573,0.0,0.14493425630478682,538.3288084464555,0.7662141779788839
664,0.000236501,0.0,0.1462712581567279,538.0286144578313,0.766566265060241
665,0.000236431,0.0,0.1449785986013467,537.5368421052632,0.7684210526315789
666,0.000236188,0.0,0.14631158961741272,537.2357357357357,0.7687687687687688
667,0.000236088,0.0,0.14763766037873738,536.9340329835082,0.7691154422788605
668,0.000235945,0.0,0.14895685472531403,536.6317365269462,0.7694610778443114
669,0.000235795,0.0,0.15026921615200545,536.3288490284006,0.7698056801195815
670,0.000235562,0.0,0.1515747878118289,536.0253731343283,0.7701492537313432
671,0.000234185,0.0,0.15287361251920414,535.7213114754098,0.7704918032786885
672,0.000234183,0.0,0.1541657327531655,535.4166666666666,0.7708333333333334
673,0.000234016,0.0,0.15142508728504828,534.6329866270431,0.7726597325408618
674,0.000233985,0.0,0.14904892240766301,533.8976261127597,0.7744807121661721
675,0.000233949,0.0,0.15034652360850606,533.5925925925926,0.7748148148148148
676,0.000232779,0.0,0.1479456619256391,532.8461538461538,0.7766272189349113
677,0.000232429,0.0,0.14924226469831264,532.5406203840473,0.7769571639586411
678,0.000232151,0.0,0.1483886456446169,532.1740412979351,0.7787610619469026
679,0.000231845,0.0,0.14968047942653007,531.8674521354934,0.7790868924889544
680,0.000229361,0.0,0.14863611922361053,531.4338235294117,0.7808823529411765
681,0.000229206,0.0,0.14992368723689692,531.1262848751835,0.7812041116005873
682,0.00022869,0.0,0.15120471316406425,530.8181818181819,0.781524926686217
683,0.000227964,0.0,0.14947232848525843,530.2152269399708,0.7833089311859444
684,0.000227928,0.0,0.1475156472161833,529.5555555555555,0.7850877192982456
685,0.000227812,0.0,0.14879866636854294,529.2467153284672,0.7854014598540145
686,0.000226939,0.0,0.15007520711070194,528.9373177842566,0.7857142857142857
687,0.000226243,0.0,0.1481352983700595,528.2809315866084,0.7874818049490538
688,0.000225868,0.0,0.1494098580121057,527.9709302325581,0.7877906976744186
689,0.000225747,0.0,0.1480948781827989,527.4687953555878,0.7895500725689405
690,0.000225031,0.0,0.14936597074416957,527.1579710144928,0.7898550724637681
691,0.000224469,0.0,0.15063069089320505,526.8465991316932,0.7901591895803184
692,0.000224226,0.0,0.14911910162701947,526.2919075144508,0.791907514450867
693,0.00022422,0.0,0.15038089519348777,525.979797979798,0.7922077922077922
694,0.000223579,0.0,0.14845837831269368,525.3314121037464,0.7939481268011528
695,0.000223481,0.0,0.1497182484567299,525.0187050359713,0.7942446043165468
696,0.000223057,0.0,0.14703248808258504,524.3132183908046,0.7959770114942529
697,0.00022238,0.0,0.14565345534933427,523.7847919655667,0.7977044476327116
698,0.000221866,0.0,0.14691628597610942,523.471346704871,0.7979942693409742
699,0.000221758,0.0,0.14817286344043984,523.1573676680973,0.7982832618025751
700,0.000221277,0.0,0.1468133488916686,522.6328571428571,0.8
701,0.000220955,0.0,0.14617351394460606,522.3152639087018,0.8017118402282454
702,0.000220791,0.0,0.14526619876751368,521.903133903134,0.8034188034188035
703,0.000219897,0.0,0.14439752126011468,521.4992887624467,0.8051209103840683
704,0.000219854,0.0,0.1456559034720047,521.1832386363636,0.8053977272727273
705,0.00021934,0.0,0.14397874183837486,520.5829787234043,0.8070921985815603
706,0.000219313,0.0,0.14142427810215158,519.8923512747875,0.8087818696883853
707,0.000219298,0.0,0.1426859470356421,519.5756718528996,0.809052333804809
708,0.000219235,0.0,0.14394145464040337,519.2584745762712,0.809322033898305
709,0.000219234,0.0,0.145190837666545,518.9407616361071,0.8095909732016925
710,0.000218873,0.0,0.14643413259170418,518.6225352112676,0.8098591549295775
711,0.000218655,0.0,0.1476713756234887,518.3037974683544,0.810126582278481
712,0.000218181,0.0,0.14568463689053562,517.6376404494382,0.8117977528089888
713,0.000218032,0.0,0.14470210788684856,517.203366058906,0.8134642356241234
714,0.000217559,0.0,0.14593980833727438,516.8837535014005,0.8137254901960784
715,0.000217524,0.0,0.14530000472736565,516.5538461538462,0.8153846153846154
716,0.000217519,0.0,0.144439811628511,516.1494413407821,0.8170391061452514
717,0.00021727,0.0,0.14280557955149922,515.5536959553696,0.8186889818688982
718,0.000217099,0.0,0.14404386879128317,515.2325905292479,0.8189415041782729
719,0.000216931,0.0,0.14221035644360797,514.595271210014,0.8205841446453408
720,0.000216862,0.0,0.1434466840583911,514.2736111111111,0.8208333333333333
721,0.000216374,0.0,0.14467708169805374,513.9514563106796,0.8210818307905686
722,0.000216238,0.0,0.14349669100369947,513.4626038781164,0.8227146814404432
723,0.00021616,0.0,0.1447236796557698,513.1396957123098,0.8229598893499308
724,0.000215565,0.0,0.1419928437173149,512.5400552486187,0.824585635359116
725,0.000215267,0.0,0.1390787352510464,511.9793103448276,0.8262068965517242
726,0.000214876,0.0,0.1403123149966839,511.6556473829201,0.8264462809917356
727,0.00021467,0.0,0.14154003323634207,511.3314993122421,0.8266850068775791
728,0.000213103,0.0,0.13916540227539523,510.6826923076923,0.8282967032967034
729,0.000212821,0.0,0.13764719369465805,510.1001371742112,0.8299039780521262
730,0.000212674,0.0,0.1353784294171311,509.44109589041096,0.8315068493150685
731,0.000212452,0.0,0.13661361354649834,509.1162790697674,0.8317373461012312
732,0.000212439,0.0,0.13574841662468723,508.6912568306011,0.8333333333333334
733,0.000212295,0.0,0.13697949056637684,508.3656207366985,0.8335607094133697
734,0.0002116,0.0,0.1382047765898733,508.03950953678475,0.8337874659400545
735,0.000211044,0.0,0.13755168293518114,507.6829931972789,0.8353741496598639
736,0.000209517,0.0,0.13628443151422245,507.1616847826087,0.8369565217391305
737,0.000209516,0.0,0.13750780955868408,506.83446404341925,0.8371777476255088
738,0.000209403,0.0,0.13872546584492845,506.50677506775065,0.8373983739837398
739,0.00020929,0.0,0.1399374331047893,506.1786197564276,0.8376184032476319
740,0.000209257,0.0,0.14114374383725478,505.85,0.8378378378378378
741,0.000209128,0.0,0.14234443031047117,505.5209176788124,0.8380566801619433
742,0.000209079,0.0,0.1435395245637258,505.1913746630728,0.8382749326145552
743,0.000208931,0.0,0.14099093436196175,504.62180349932703,0.8398384925975774
744,0.000208892,0.0,0.1399276275476862,504.1518817204301,0.8413978494623656
745,0.000208347,0.0,0.14112478911057882,503.8214765100671,0.8416107382550335
746,0.000207976,0.0,0.14050368145938083,503.47587131367294,0.8431635388739946
747,0.00020753,0.0,0.13761428143699542,502.9839357429719,0.8447121820615796
748,0.000207454,0.0,0.13881325428979793,502.6524064171123,0.8449197860962567
749,0.000206955,0.0,0.13773106130213728,502.17222963951934,0.8464619492656876
750,0.000206913,0.0,0.13624298540354343,501.5933333333333,0.848
751,0.000206864,0.0,0.1374416642543863,501.26098535286286,0.848202396804261
752,0.000206324,0.0,0.13547267085046374,500.6050531914894,0.8497340425531915
753,0.000206106,0.0,0.13666995990867276,500.2722443559097,0.849933598937583
754,0.000206102,0.0,0.1378617706884323,499.9389920424403,0.850132625994695
755,0.0002053,0.0,0.13904813385405085,499.60529801324503,0.8503311258278146
756,0.000205157,0.0,0.14022907985638705,499.271164021164,0.8505291005291006
757,0.000204685,0.0,0.13738385725743713,498.80184940554824,0.8520475561426685
758,0.000204582,0.0,0.13856543300431864,498.467018469657,0.8522427440633246
759,0.000204395,0.0,0.13974163631473177,498.1317523056654,0.852437417654809
760,0.000204262,0.0,0.14091249705359893,497.79605263157896,0.8526315789473684
761,0.000203458,0.0,0.1420780448794264,497.4599211563732,0.8528252299605782
762,0.000203315,0.0,0.14323830924602995,497.12335958005247,0.8530183727034121
763,0.000201828,0.0,0.14439331940424302,496.786369593709,0.8532110091743119
764,0.000201288,0.0,0.14304624130001706,496.2473821989529,0.8547120418848168
765,0.000200823,0.0,0.14419876665541548,495.90980392156865,0.8549019607843137
766,0.000200794,0.0,0.1417768937635749,495.3864229765013,0.856396866840731
767,0.000200602,0.0,0.14112217369466895,495.02607561929597,0.8578878748370273
768,0.000200457,0.0,0.14227578039959643,494.6875,0.8580729166666666
769,0.000200155,0.0,0.1434242054353483,494.3485045513654,0.8582574772431729
770,0.000200087,0.0,0.1445674772256528,494.0090909090909,0.8584415584415584
771,0.000199675,0.0,0.14570562400044026,493.6692607003891,0.8586251621271076
772,0.000199582,0.0,0.14683867379744037,493.32901554404145,0.8588082901554405
773,0.000199115,0.0,0.1479666544637649,492.9883570504528,0.8589909443725744
774,0.000198683,0.0,0.14908959365747423,492.64728682170545,0.8591731266149871
775,0.000198593,0.0,0.15020751884912933,492.3058064516129,0.8593548387096774
776,0.000198474,0.0,0.15132045732332816,491.9639175257732,0.8595360824742269
777,0.000197711,0.0,0.15242843618022786,491.6216216216216,0.8597168597168597
778,0.000197247,0.0,0.1535314823370516,491.2789203084833,0.8598971722365039
779,0.000197072,0.0,0.15462962252958143,490.93581514762514,0.8600770218228498
780,0.000196999,0.0,0.15572288331363648,490.5923076923077,0.8602564102564103
781,0.000196798,0.0,0.1550449928716903,490.2407170294494,0.8617157490396927
782,0.000196715,0.0,0.15613472422591904,489.89641943734017,0.8618925831202046
783,0.000195783,0.0,0.15498803983851153,489.41507024265644,0.8633461047254151
784,0.000195756,0.0,0.15607525542769304,489.0701530612245,0.8635204081632653
785,0.000195431,0.0,0.15337798232049257,488.63949044585985,0.8649681528662421
786,0.000194973,0.0,0.15446596243592597,488.293893129771,0.8651399491094147
787,0.000194557,0.0,0.15331845550252898,487.80813214739516,0.866581956797967
788,0.000193851,0.0,0.15440394108387975,487.46192893401013,0.866751269035533
789,0.000193782,0.0,0.15273043550755572,486.851711026616,0.8681875792141952
790,0.000193758,0.0,0.15381454499700428,486.50506329113927,0.8683544303797468
791,0.000192886,0.0,0.15489390606997167,486.15802781289506,0.8685208596713021
792,0.000191563,0.0,0.15596854403539617,485.81060606060606,0.8686868686868687
793,0.000191133,0.0,0.1544161027425997,485.22698612862547,0.8701134930643127
794,0.00019107,0.0,0.15358786292045667,484.8287153652393,0.871536523929471
795,0.000190416,0.0,0.15128152430687053,484.3559748427673,0.8729559748427673
796,0.000190285,0.0,0.15063782652873228,484.00251256281405,0.8743718592964824
797,0.000190027,0.0,0.1517184047244089,483.6537013801757,0.8745294855708908
798,0.000189739,0.0,0.15091994605857012,483.2581453634085,0.8759398496240601
799,0.000189573,0.0,0.15007032645888316,482.8435544430538,0.8773466833541927
800,0.000189462,0.0,0.15114938101981068,482.49375,0.8775
801,0.000189421,0.0,0.15026549486378163,482.0674157303371,0.8789013732833958
802,0.000188529,0.0,0.15134158473457576,481.71695760598504,0.8790523690773068
803,0.000188235,0.0,0.1498462271172421,481.14196762141967,0.8804483188044832
804,0.000188233,0.0,0.15092063103006703,480.7910447761194,0.8805970149253731
805,0.000188065,0.0,0.1492364693366994,480.2136645962733,0.8819875776397516
806,0.000188002,0.0,0.1471664076650299,479.72084367245657,0.8833746898263027
807,0.000187683,0.0,0.1450755132337679,479.23915737298637,0.8847583643122676
808,0.00018754,0.0,0.14615689022126865,478.88737623762376,0.8849009900990099
809,0.000187389,0.0,0.14723364682628132,478.5352286773795,0.8850432632880099
810,0.000186511,0.0,0.145791196226113,477.9654320987654,0.8864197530864197
811,0.000186244,0.0,0.14372299701233715,477.49075215782983,0.8877928483353884
812,0.00018571,0.0,0.14480204260666976,477.13793103448273,0.8879310344827587
813,0.000185402,0.0,0.1421046927452493,476.79335793357933,0.8892988929889298
814,0.000185374,0.0,0.14052025792005599,476.2285012285012,0.8906633906633906
815,0.000185371,0.0,0.14160312974219774,475.87484662576685,0.8907975460122699
816,0.000185282,0.0,0.1426814214474422,475.5208333333333,0.8909313725490197
817,0.000184144,0.0,0.1409389951494954,474.99755201958385,0.8922888616891065
818,0.000183842,0.0,0.14201611087265395,474.64303178484107,0.8924205378973105
819,0.000183675,0.0,0.1430886872718831,474.2881562881563,0.8925518925518926
820,0.000183137,0.0,0.14167438932893928,473.71585365853656,0.8939024390243903
821,0.000183122,0.0,0.14274515957176492,473.3605359317905,0.8940316686967114
822,0.000183111,0.0,0.1438114329337152,473.0048661800487,0.8941605839416058
823,0.000182585,0.0,0.14487323247020678,472.64884568651274,0.8942891859052248
824,0.000181575,0.0,0.14593058108974996,472.29247572815535,0.8944174757281553
825,0.000180698,0.0,0.14399075865661423,471.82666666666665,0.8957575757575758
826,0.000180554,0.0,0.1428113560914065,471.31113801452784,0.8970944309927361
827,0.000180373,0.0,0.1418553085572831,470.84643288996375,0.898428053204353
828,0.000180363,0.0,0.141189397468965,470.46014492753625,0.8997584541062802
829,0.000180077,0.0,0.14225126378074074,470.102533172497,0.8998793727382388
830,0.00017977,0.0,0.14330871415759242,469.744578313253,0.9
831,0.000179272,0.0,0.1443617710223738,469.3862815884477,0.9001203369434416
832,0.000178803,0.0,0.14311375105513738,468.85216346153845,0.9014423076923077
833,0.000178327,0.0,0.14416478472322625,468.4933973589436,0.9015606242496998
834,0.000178089,0.0,0.14284106613616854,467.9412470023981,0.9028776978417267
835,0.000177962,0.0,0.14389023979285456,467.58203592814374,0.9029940119760479
836,0.000177652,0.0,0.14493507981739712,467.2224880382775,0.90311004784689
837,0.00017758,0.0,0.1434988842336137,466.68339307048984,0.9044205495818399
838,0.000177543,0.0,0.1426307773688187,466.23747016706443,0.905727923627685
839,0.000177204,0.0,0.14187756530216444,465.82598331346844,0.9070321811680572
840,0.000177199,0.0,0.14292373081613963,465.4654761904762,0.9071428571428571
841,0.000177142,0.0,0.14396560171647332,465.10463733650414,0.9072532699167658
842,0.000176499,0.0,0.14223182814922974,464.64014251781475,0.9085510688836105
843,0.00017629,0.0,0.14145852588845337,464.2182680901542,0.9098457888493475
844,0.000176222,0.0,0.14069905597474483,463.79976303317534,0.9111374407582938
845,0.000175989,0.0,0.14174265504969066,463.4378698224852,0.9112426035502958
846,0.000175814,0.0,0.1427819965930669,463.0756501182033,0.9113475177304965
847,0.000175572,0.0,0.1438171018168131,462.71310507674144,0.911452184179457
848,0.000175332,0.0,0.14484799180150756,462.3502358490566,0.9115566037735849
849,0.000175272,0.0,0.14416636200589525,461.9540636042403,0.9128386336866903
850,0.000175186,0.0,0.14519425964505175,461.5905882352941,0.9129411764705883
851,0.00017477,0.0,0.14621798440628114,461.2267920094007,0.9130434782608695
852,0.000174712,0.0,0.14723755695663007,460.86267605633805,0.9131455399061033
853,0.000174675,0.0,0.14825299783595175,460.4982415005862,0.9132473622508792
854,0.000174506,0.0,0.14571276451295745,460.2248243559719,0.914519906323185
855,0.000174183,0.0,0.1467288985870553,459.859649122807,0.9146198830409357
856,0.000173856,0.0,0.14482218065118982,459.4602803738318,0.9158878504672897
857,0.00017376,0.0,0.1458377800171023,459.09451575262545,0.9159859976662778
858,0.000173551,0.0,0.14684929025525978,458.7284382284382,0.916083916083916
859,0.000172813,0.0,0.14785673144615422,458.36204889406287,0.9161816065192084
860,0.000172599,0.0,0.14705304034218827,457.9372093023256,0.9174418604651163
861,0.00017252,0.0,0.14640936171095673,457.55168408826944,0.9186991869918699
862,0.000172237,0.0,0.14741531761646673,457.1844547563805,0.9187935034802784
863,0.000172191,0.0,0.14841724460687578,456.81691772885284,0.9188876013904983
864,0.000171768,0.0,0.14941516235380634,456.4490740740741,0.9189814814814815
865,0.000171534,0.0,0.14862959270147055,456.0300578034682,0.9202312138728324
866,0.000171125,0.0,0.14962492103493852,455.661662817552,0.9203233256351039
867,0.000170965,0.0,0.15061627883777598,455.29296424452133,0.9204152249134948
868,0.000170942,0.0,0.1498718694432302,454.8836405529954,0.9216589861751152
869,0.000170808,0.0,0.14890281776578237,454.41887226697355,0.9228998849252014
870,0.00017074,0.0,0.1498932892018992,454.0494252873563,0.9229885057471264
871,0.000170735,0.0,0.14887170355153823,453.5717566016074,0.9242250287026407
872,0.000170567,0.0,0.14986008050590316,453.20183486238534,0.9243119266055045
873,0.000170508,0.0,0.14865027901095054,452.68843069874,0.9255441008018328
874,0.000170303,0.0,0.14739412550123146,452.18878718535467,0.9267734553775744
875,0.000169759,0.0,0.14838304889136272,451.8182857142857,0.9268571428571428
876,0.000169678,0.0,0.14754463119148084,451.3835616438356,0.928082191780822
877,0.000169643,0.0,0.14611223123312977,450.93158494868874,0.9293044469783353
878,0.000169551,0.0,0.14710132168545176,450.5603644646925,0.929384965831435
879,0.000169317,0.0,0.14808652292001398,450.18885096700797,0.9294653014789533
880,0.000169176,0.0,0.149067853583193,449.81704545454545,0.9295454545454546
881,0.000168726,0.0,0.1469417963630943,449.522133938706,0.9307604994324631
882,0.000168711,0.0,0.14638299655326176,449.14852607709753,0.9319727891156463
883,0.000168499,0.0,0.14442609983611343,448.82219705549267,0.9331823329558324
884,0.000168113,0.0,0.14330905179519424,448.3178733031674,0.9343891402714932
885,0.000167687,0.0,0.1442968883206598,447.9446327683616,0.9344632768361582
886,0.000167609,0.0,0.14528087469560572,447.5711060948081,0.9345372460496614
887,0.000167445,0.0,0.14626102923167983,447.19729425028186,0.9346110484780158
888,0.000166899,0.0,0.14424883439468744,446.89414414414415,0.9358108108108109
889,0.000166356,0.0,0.14272747633291105,446.4904386951631,0.937007874015748
890,0.000166145,0.0,0.1418001641508312,446.0202247191011,0.9382022471910112
891,0.000165984,0.0,0.1427844662139077,445.645342312009,0.9382716049382716
892,0.000165851,0.0,0.14376495969628986,445.27017937219733,0.9383408071748879
893,0.00016535,0.0,0.14474166258816926,444.89473684210526,0.9384098544232923
894,0.000165127,0.0,0.14318907397254416,444.5089485458613,0.9395973154362416
895,0.000164804,0.0,0.1421242037685623,444.0201117318436,0.9407821229050279
896,0.000164759,0.0,0.14109690108703704,443.52566964285717,0.9419642857142857
897,0.000164322,0.0,0.1399077597969175,443.0702341137124,0.9431438127090301
898,0.000164112,0.0,0.13793311277141604,442.7850779510022,0.9443207126948775
899,0.000163962,0.0,0.13668214431253944,442.3503893214683,0.9454949944382648
900,0.000163495,0.0,0.13766922327810496,441.97333333333336,0.9455555555555556
901,0.000162806,0.0,0.13603519948540854,441.62597114317424,0.946725860155383
902,0.000162332,0.0,0.13527411863983435,441.1829268292683,0.9478935698447893
903,0.000162073,0.0,0.13626155225369943,440.8050941306755,0.9479512735326688
904,0.000161984,0.0,0.13429903766427181,440.5342920353982,0.9491150442477876
905,0.000161802,0.0,0.13280878021055417,440.167955801105,0.9502762430939227
906,0.000161732,0.0,0.13379849264011717,439.78918322295806,0.9503311258278145
907,0.000161557,0.0,0.1332244695946191,439.38699007717753,0.9514884233737596
908,0.000161226,0.0,0.132393629657486,438.92180616740086,0.9526431718061674
909,0.000161221,0.0,0.1333818645227799,438.54235423542355,0.9526952695269527
910,0.000160887,0.0,0.13197445885540154,438.1703296703297,0.9538461538461539
911,0.000160876,0.0,0.13102985904745093,437.7014270032931,0.9549945115257958
912,0.000160411,0.0,0.13201834263504722,437.32127192982455,0.9550438596491229
913,0.000160311,0.0,0.13300310064922238,436.9408543263965,0.9550930996714129
914,0.000160146,0.0,0.13398415028484403,436.5601750547046,0.9551422319474836
915,0.000159111,0.0,0.1349615086380581,436.1792349726776,0.9551912568306011
916,0.000159011,0.0,0.1338510819515895,435.7532751091703,0.9563318777292577
917,0.000158558,0.0,0.13482663744382656,435.3718647764449,0.9563794983642312
918,0.000158429,0.0,0.13579853355420174,434.9901960784314,0.9564270152505446
919,0.000158217,0.0,0.13468328976909907,434.5712731229597,0.9575625680087051
920,0.000158207,0.0,0.13565342056542778,434.1891304347826,0.9576086956521739
921,0.000157868,0.0,0.13661992343438142,433.8067318132465,0.9576547231270358
922,0.000157757,0.0,0.13758281497239785,433.4240780911063,0.9577006507592191
923,0.000157747,0.0,0.13540893367068907,433.2361863488624,0.9588299024918743
924,0.000157575,0.0,0.1363720026587643,432.8528138528139,0.9588744588744589
925,0.00015753,0.0,0.13547580713049445,432.3978378378378,0.96
926,0.000157517,0.0,0.1364367680310669,432.01403887688986,0.9600431965442765
927,0.000157479,0.0,0.13569150535806998,431.5685005393743,0.9611650485436893
928,0.00015743,0.0,0.13474475172547795,431.1303879310345,0.9622844827586207
929,0.000157214,0.0,0.13570490847819985,430.74596340150697,0.9623250807319699
930,0.000157185,0.0,0.1344948271845902,430.3677419354839,0.9634408602150538
931,0.000156773,0.0,0.13545345398928693,429.9828141783029,0.9634801288936627
932,0.000156102,0.0,0.13640853860474753,429.5976394849785,0.9635193133047211
933,0.000156001,0.0,0.13571944056836496,429.16184351554125,0.9646302250803859
934,0.000155735,0.0,0.13667209776247247,428.7762312633833,0.9646680942184154
935,0.000155652,0.0,0.13762124489009817,428.3903743315508,0.9647058823529412
936,0.000155618,0.0,0.13500485526589046,428.31944444444446,0.9658119658119658
937,0.000155278,0.0,0.1337661061660337,427.9615795090715,0.9669156883671292
938,0.000154765,0.0,0.13197972166960217,427.7249466950959,0.9680170575692963
939,0.000154743,0.0,0.13293496244524175,427.33759318423853,0.9680511182108626
940,0.000154637,0.0,0.13388670657099688,426.95,0.9680851063829787
941,0.000154488,0.0,0.13232502499719398,426.6695005313496,0.9691817215727949
942,0.00015441,0.0,0.13174397327363815,426.25053078556266,0.970276008492569
943,0.000154055,0.0,0.1326957463496683,425.8621420996819,0.9703075291622482
944,0.000154034,0.0,0.13093277538798773,425.6324152542373,0.9713983050847458
945,0.000153905,0.0,0.13043450444435534,425.23280423280426,0.9724867724867725
946,0.000153673,0.0,0.1313865081751182,424.84355179704016,0.9725158562367865
947,0.000153628,0.0,0.12912114377084447,424.727560718057,0.9736008447729673
948,0.000153447,0.0,0.12807786572369548,424.3565400843882,0.9746835443037974
949,0.000153417,0.0,0.1290319209624855,423.9662802950474,0.9747102212855637
950,0.00015246,0.0,0.12779466976825335,423.64,0.9757894736842105
951,0.000152457,0.0,0.12585921792969057,423.4637223974763,0.9768664563617245
952,0.000152144,0.0,0.12681506687210245,423.07247899159665,0.976890756302521
953,0.000152109,0.0,0.12776747073735745,422.6810073452256,0.9769150052465897
954,0.000152004,0.0,0.1287164447506759,422.28930817610063,0.9769392033542977
955,0.000151837,0.0,0.12966200405354644,421.89738219895287,0.9769633507853404
956,0.000151756,0.0,0.12911526222230402,421.4811715481172,0.9780334728033473
957,0.000151352,0.0,0.12865050563154848,421.0835945663532,0.9791013584117032
958,0.000151168,0.0,0.1295941498561033,420.6910229645094,0.9791231732776617
959,0.000150985,0.0,0.12802000999996782,420.45255474452557,0.9801876955161627
960,0.000150838,0.0,0.12896285496011956,420.059375,0.9802083333333333
961,0.000150512,0.0,0.1299023280441549,419.6659729448491,0.9802289281997919
962,0.000150496,0.0,0.1279062333066381,419.52286902286903,0.9812889812889813
963,0.000150248,0.0,0.1288456521343011,419.128764278297,0.9813084112149533
964,0.000150121,0.0,0.1297817222282207,418.7344398340249,0.9813278008298755
965,0.000150033,0.0,0.13071445821710925,418.339896373057,0.9813471502590674
966,0.000149998,0.0,0.13164387465016897,417.94513457556934,0.9813664596273292
967,0.000149908,0.0,0.13256998599761508,417.5501551189245,0.9813857290589452
968,0.000149895,0.0,0.13349280665119448,417.15495867768595,0.981404958677686
969,0.000149867,0.0,0.13441235092470052,416.75954592363263,0.9814241486068112
970,0.000149654,0.0,0.1336584417376896,416.36082474226805,0.9824742268041237
971,0.000149573,0.0,0.13314029049724338,415.9526261585994,0.9835221421215242
972,0.00014956,0.0,0.13105158537442552,415.84567901234567,0.9845679012345679
973,0.000149225,0.0,0.13013394990699725,415.49229188078107,0.9856115107913669
974,0.000148675,0.0,0.1295950231475578,415.07494866529777,0.9866529774127311
975,0.000148513,0.0,0.1305189135753426,414.6779487179487,0.9866666666666667
976,0.000148451,0.0,0.1297336179347025,414.30225409836066,0.9877049180327869
977,0.000148423,0.0,0.13065546182703905,413.9048106448311,0.9877175025588536
978,0.000147837,0.0,0.12900654302430933,413.71676891615544,0.9887525562372188
979,0.000147812,0.0,0.12992781252433397,413.31869254341166,0.9887640449438202
980,0.000147594,0.0,0.13084585076029118,412.9204081632653,0.9887755102040816
981,0.000147571,0.0,0.12901183796865767,412.77675840978594,0.9898063200815495
982,0.000147428,0.0,0.12844773992120614,412.36252545824846,0.9908350305498982
983,0.000147345,0.0,0.12774248087492399,411.98168870803664,0.9918616480162767
984,0.000147224,0.0,0.1267902604587068,411.6575203252033,0.9928861788617886
985,0.000147196,0.0,0.12771141159751492,411.25786802030456,0.9928934010152284
986,0.000147133,0.0,0.12862935327832825,410.8580121703854,0.9929006085192698
987,0.000147039,0.0,0.1295440992094601,410.4579533941236,0.9929078014184397
988,0.00014682,0.0,0.12828968639724958,410.2044534412955,0.9939271255060729
989,0.000146796,0.0,0.12920322797622702,409.80384226491407,0.993933265925177
990,0.000146548,0.0,0.12857333251796477,409.4191919191919,0.9949494949494949
991,0.000146476,0.0,0.12948463278094494,409.01816347124117,0.9949545913218971
992,0.000146415,0.0,0.12828232900388925,408.7600806451613,0.9959677419354839
993,0.000146354,0.0,0.1267731151514541,408.56998992950656,0.9969788519637462
994,0.000146251,0.0,0.12768553061139332,408.1680080482897,0.9969818913480886
995,0.000146105,0.0,0.12576051358483795,408.07035175879395,0.9979899497487437
996,0.000145865,0.0,0.12502190935333612,407.7238955823293,0.998995983935743
997,0.000145784,0.0,0.12593534750122162,407.320962888666,0.9989969909729187
998,0.000145462,0.0,0.12521286934680956,406.9739478957916,1.0
999,0.00014545,0.0,0.1261242337228139,406.57057057057057,1.0
1000,0.000145141,0.0,0.12703246869408258,406.167,1.0
1001,0.00014489,0.0,0.12793758743916037,405.76323676323676,1.0
1002,0.000144695,0.0,0.1288396030675255,405.35928143712573,1.0
