N,min_psi_emul,min_psi_model,kendall,mean_dist,common_users_prop
2,0.0246795,0.0638813,-1.0,1.0,1.0
3,0.0132962,0.0475634,0.33333333333333337,7.0,0.6666666666666666
4,0.0115281,0.0180051,0.3333333333333334,5.75,0.75
5,0.00707264,0.0131892,0.39999999999999997,4.8,0.8
6,0.00705449,0.0128141,0.4666666666666666,4.0,0.6666666666666666
7,0.00676817,0.0123262,0.5238095238095238,4.714285714285714,0.7142857142857143
8,0.00670059,0.0119415,0.6428571428571428,6.375,0.625
9,0.00622213,0.0118157,0.7222222222222222,10.555555555555555,0.5555555555555556
10,0.00621296,0.0116374,0.6,9.5,0.5
11,0.00615348,0.0113183,0.6363636363636364,11.636363636363637,0.5454545454545454
12,0.00600937,0.0111508,0.5454545454545454,10.75,0.5
13,0.0054696,0.0101271,0.564102564102564,11.0,0.46153846153846156
14,0.00527524,0.00950504,0.45054945054945056,10.642857142857142,0.5714285714285714
15,0.00523558,0.00942349,0.37142857142857144,10.333333333333334,0.6
16,0.00496658,0.00909739,0.2833333333333333,10.25,0.625
17,0.00488412,0.00829476,0.3529411764705882,11.470588235294118,0.6470588235294118
18,0.00466055,0.00808714,0.4248366013071896,58.72222222222222,0.6111111111111112
19,0.00456843,0.00763326,0.47368421052631576,57.68421052631579,0.5789473684210527
20,0.00454685,0.00715972,0.35789473684210527,55.65,0.6
21,0.00436353,0.00714569,0.34285714285714286,53.142857142857146,0.6190476190476191
22,0.0043589,0.00713148,0.3939393939393939,53.22727272727273,0.5909090909090909
23,0.00434135,0.00705145,0.35968379446640314,51.26086956521739,0.6521739130434783
24,0.00432759,0.00702477,0.34057971014492755,49.416666666666664,0.6666666666666666
25,0.00413664,0.0065104,0.3866666666666666,51.32,0.64
26,0.00406731,0.00618393,0.37230769230769234,49.53846153846154,0.6538461538461539
27,0.00401162,0.00593685,0.36752136752136755,47.81481481481482,0.7037037037037037
28,0.00387225,0.0059285,0.328042328042328,46.607142857142854,0.75
29,0.00384192,0.00571765,0.3596059113300492,46.3448275862069,0.7241379310344828
30,0.00374628,0.00548902,0.3977011494252874,48.2,0.7
31,0.00371083,0.00537636,0.41935483870967744,47.903225806451616,0.6774193548387096
32,0.00358594,0.00537172,0.4516129032258065,58.6875,0.65625
33,0.00345763,0.00519538,0.4242424242424242,57.303030303030305,0.6666666666666666
34,0.00342922,0.00478939,0.358288770053476,56.470588235294116,0.6764705882352942
35,0.00340631,0.00478932,0.35798319327731093,54.885714285714286,0.6571428571428571
36,0.00339288,0.00469038,0.38095238095238104,54.861111111111114,0.6388888888888888
37,0.0033726,0.00467287,0.37537537537537535,53.62162162162162,0.6756756756756757
38,0.00332147,0.00463547,0.3712660028449502,52.421052631578945,0.6842105263157895
39,0.00309363,0.0045329,0.4008097165991903,61.87179487179487,0.6666666666666666
40,0.00308609,0.00436811,0.4230769230769231,64.5,0.65
41,0.00308175,0.00423173,0.4341463414634146,63.829268292682926,0.6341463414634146
42,0.00300105,0.00415115,0.41231126596980255,62.76190476190476,0.6428571428571429
43,0.00297695,0.0039726,0.43300110741971204,66.30232558139535,0.627906976744186
44,0.0029752,0.0037785,0.4334038054968287,65.22727272727273,0.6136363636363636
45,0.00288886,0.00355073,0.45050505050505046,68.22222222222223,0.6222222222222222
46,0.00287918,0.00341774,0.4628019323671498,70.0,0.6086956521739131
47,0.00285927,0.00336646,0.42090656799259946,69.27659574468085,0.6170212765957447
48,0.00274122,0.00333355,0.4024822695035461,68.3125,0.625
49,0.00273933,0.0032094,0.42517006802721086,83.3061224489796,0.6326530612244898
50,0.00267516,0.00313039,0.39755102040816326,82.26,0.64
51,0.00257086,0.00306514,0.3976470588235295,80.96078431372548,0.6274509803921569
52,0.00250887,0.00304048,0.40874811463046756,81.6923076923077,0.6153846153846154
53,0.00246639,0.00295174,0.4005805515239478,80.28301886792453,0.6226415094339622
54,0.00245788,0.0029307,0.41998602375960864,86.35185185185185,0.6296296296296297
55,0.00245559,0.00289957,0.4154882154882156,84.9090909090909,0.6181818181818182
56,0.002449,0.00283941,0.4311688311688312,90.08928571428571,0.6071428571428571
57,0.00240868,0.0026669,0.43358395989974946,89.0,0.5964912280701754
58,0.00239229,0.00257786,0.4240774349667271,87.58620689655173,0.603448275862069
59,0.00239205,0.00256785,0.42372881355932196,86.38983050847457,0.6101694915254238
60,0.0023546,0.00256557,0.43163841807909603,86.95,0.6
61,0.00232599,0.0025345,0.448087431693989,95.55737704918033,0.5901639344262295
62,0.00231675,0.00240223,0.41406663141195144,94.8225806451613,0.5967741935483871
63,0.00231032,0.00240063,0.4234511008704557,95.66666666666667,0.6031746031746031
64,0.00220988,0.0023412,0.4097222222222222,94.59375,0.625
65,0.00218124,0.00231348,0.41250000000000003,93.96923076923076,0.6153846153846154
66,0.00216174,0.00225992,0.4219114219114219,94.83333333333333,0.6060606060606061
67,0.00213324,0.00216765,0.41564902758932615,93.43283582089552,0.6119402985074627
68,0.00212806,0.00216672,0.4003511852502194,92.57352941176471,0.6323529411764706
69,0.00212217,0.00211844,0.39471440750213127,91.30434782608695,0.6521739130434783
70,0.00203589,0.00209652,0.3805383022774327,90.5,0.6571428571428571
71,0.00201783,0.00209066,0.38350100603621734,89.52112676056338,0.6619718309859155
72,0.00195836,0.00203694,0.3818466353677621,88.29166666666667,0.6527777777777778
73,0.00192256,0.00200708,0.3873668188736682,88.24657534246575,0.6438356164383562
74,0.00190602,0.00198392,0.3898556090336912,87.36486486486487,0.6486486486486487
75,0.00188633,0.00195753,0.38162162162162167,86.4,0.6533333333333333
76,0.00186188,0.00190474,0.3964912280701755,94.09210526315789,0.6447368421052632
77,0.00184975,0.00189327,0.40054682159945315,93.9090909090909,0.6493506493506493
78,0.00183452,0.00186911,0.4105894105894106,96.2051282051282,0.6538461538461539
79,0.00181967,0.00185785,0.4086335605322947,95.0126582278481,0.6582278481012658
80,0.00179396,0.00184072,0.3949367088607595,94.325,0.6625
81,0.00179124,0.00182963,0.4074074074074074,99.5679012345679,0.654320987654321
82,0.00178944,0.00182649,0.39716952725082805,98.6829268292683,0.6707317073170732
83,0.00175251,0.00179822,0.40875697913605635,102.39759036144578,0.6626506024096386
84,0.00172984,0.00178474,0.42283419391853133,111.55952380952381,0.6547619047619048
85,0.00172141,0.00177598,0.42913165266106446,112.2,0.6470588235294118
86,0.00170234,0.00177145,0.4331053351573187,112.31395348837209,0.6511627906976745
87,0.00167736,0.00173354,0.43811815022721196,112.60919540229885,0.6436781609195402
88,0.00167489,0.0017295,0.43416927899686525,111.375,0.6477272727272727
89,0.00162548,0.00172638,0.44075587334014305,112.04494382022472,0.6404494382022472
90,0.00158886,0.00168638,0.42621722846441945,111.33333333333333,0.6444444444444445
91,0.00156835,0.00166094,0.4256410256410256,110.53846153846153,0.6483516483516484
92,0.00156108,0.00163035,0.4352603917821309,114.6195652173913,0.6413043478260869
93,0.00155851,0.00157088,0.4394576905095839,114.87096774193549,0.6451612903225806
94,0.00155582,0.00156055,0.44314802104781514,115.08510638297872,0.6382978723404256
95,0.00153907,0.00155674,0.4262038073908174,114.53684210526316,0.6421052631578947
96,0.00152594,0.00155588,0.43245614035087715,115.42708333333333,0.6354166666666666
97,0.00151847,0.00155028,0.42525773195876293,114.50515463917526,0.6391752577319587
98,0.00150353,0.00152578,0.43151693667157587,115.84693877551021,0.6428571428571429
99,0.00148544,0.00151941,0.424860853432282,114.92929292929293,0.6464646464646465
100,0.00147764,0.00151066,0.412929292929293,114.26,0.65
101,0.00146368,0.00139061,0.4087128712871288,113.3069306930693,0.6534653465346535
102,0.00146153,0.00137796,0.4090467870316443,112.79411764705883,0.6470588235294118
103,0.00144759,0.00135495,0.39272796497239676,112.41747572815534,0.6504854368932039
104,0.0014468,0.00135318,0.39917849141150114,113.47115384615384,0.6442307692307693
105,0.00142389,0.0013517,0.3967032967032966,112.47619047619048,0.6476190476190476
106,0.00138729,0.00134226,0.386522911051213,111.88679245283019,0.6509433962264151
107,0.00136836,0.00133298,0.382119555633927,111.10280373831776,0.6542056074766355
108,0.00132986,0.00132405,0.3828314295604015,110.56481481481481,0.6481481481481481
109,0.00132788,0.00131886,0.3788651036357459,109.79816513761467,0.6513761467889908
110,0.00132235,0.00128699,0.36413678065054206,109.51818181818182,0.6545454545454545
111,0.00131379,0.00128144,0.3667485667485667,109.36936936936937,0.6486486486486487
112,0.00130761,0.00127477,0.37612612612612606,112.63392857142857,0.6428571428571429
113,0.00129281,0.00127341,0.38084702907711754,112.82300884955752,0.6371681415929203
114,0.00128483,0.00126092,0.37897841950007766,111.94736842105263,0.6403508771929824
115,0.00128386,0.00125819,0.3858123569794051,113.13913043478261,0.6347826086956522
116,0.00126751,0.00124644,0.3895052473763118,113.24137931034483,0.6293103448275862
117,0.00126365,0.00124269,0.3890362511052166,112.63247863247864,0.6239316239316239
118,0.00126303,0.00120506,0.3901202375778647,112.37288135593221,0.6186440677966102
119,0.00123106,0.00118186,0.3986611593790059,115.36974789915966,0.6134453781512605
120,0.00122852,0.00118181,0.4047619047619047,116.74166666666666,0.6166666666666667
121,0.00122364,0.00117027,0.4066115702479338,116.62809917355372,0.6115702479338843
122,0.00121874,0.00113961,0.41525538544912616,120.52459016393442,0.6065573770491803
123,0.00121115,0.00113809,0.41063574570171923,119.8048780487805,0.6178861788617886
124,0.00120993,0.00112861,0.4065040650406504,119.08064516129032,0.6209677419354839
125,0.00120899,0.001128,0.4033548387096774,118.288,0.624
126,0.00120823,0.00111286,0.4003809523809524,117.45238095238095,0.626984126984127
127,0.0012054,0.00110344,0.3895763029621297,117.10236220472441,0.6299212598425197
128,0.00119134,0.00110336,0.37795275590551186,116.8203125,0.6328125
129,0.00118926,0.00109141,0.37669573643410853,116.02325581395348,0.627906976744186
130,0.00118845,0.00108202,0.38246869409660106,116.94615384615385,0.6230769230769231
131,0.00117857,0.00105527,0.39095713446858493,120.54198473282443,0.6259541984732825
132,0.00117835,0.00101441,0.38908165625722874,119.6590909090909,0.6212121212121212
133,0.00117434,0.00101267,0.37799043062200965,119.39097744360902,0.631578947368421
134,0.00116566,0.00100386,0.38166311300639655,119.3955223880597,0.6268656716417911
135,0.0011633,0.000988013,0.37888336097291325,118.65925925925926,0.6296296296296297
136,0.00115745,0.000982626,0.37494553376906314,118.08823529411765,0.6323529411764706
137,0.00115724,0.000980344,0.37977672820953196,118.77372262773723,0.635036496350365
138,0.00114341,0.00097805,0.3676081667195599,118.6376811594203,0.6376811594202898
139,0.0011351,0.000973723,0.3694088207694714,118.35251798561151,0.6330935251798561
140,0.00113401,0.000963403,0.3751284686536485,119.46428571428571,0.6285714285714286
141,0.00112973,0.000961318,0.37021276595744684,118.99290780141844,0.6312056737588653
142,0.00112149,0.000954902,0.3698931175706722,118.33098591549296,0.6267605633802817
143,0.0011189,0.000953878,0.3631438983551659,117.97902097902097,0.6293706293706294
144,0.00111325,0.000950307,0.3669386169386169,117.95833333333333,0.6319444444444444
145,0.00110987,0.000938397,0.3653256704980843,117.17241379310344,0.6344827586206897
146,0.00110276,0.000912284,0.37269721303731695,119.5,0.6301369863013698
147,0.00110062,0.000895114,0.37247227658186566,118.9047619047619,0.6258503401360545
148,0.00108819,0.000870014,0.37488508917080343,118.73648648648648,0.6216216216216216
149,0.00108719,0.000864978,0.3810992200253945,120.46308724832215,0.6174496644295302
150,0.00108576,0.000862097,0.37718120805369126,120.0,0.62
151,0.00107561,0.000837697,0.3852538631346578,124.45695364238411,0.6158940397350994
152,0.00107552,0.000836468,0.3823631927500872,123.80263157894737,0.618421052631579
153,0.00106154,0.000835238,0.3890608875128999,126.25490196078431,0.6143790849673203
154,0.00105626,0.000832945,0.3966556319497495,130.25974025974025,0.6103896103896104
155,0.00103519,0.000824613,0.3937159614578969,129.5741935483871,0.6129032258064516
156,0.00103281,0.000824587,0.3915632754342432,128.76282051282053,0.6153846153846154
157,0.00102408,0.000812285,0.3976808753878817,131.01273885350318,0.6114649681528662
158,0.00100552,0.000811401,0.3885350318471338,130.79746835443038,0.620253164556962
159,0.00100456,0.000802303,0.3791895549717379,130.61635220125785,0.6289308176100629
160,0.00100321,0.000784543,0.38443396226415094,132.29375,0.63125
161,0.00100116,0.000782268,0.3892857142857143,133.59006211180125,0.6273291925465838
162,0.00099444,0.000778812,0.37842190016103067,133.48765432098764,0.6358024691358025
163,0.000980759,0.000778035,0.37635385897144585,132.74846625766872,0.6380368098159509
164,0.000978283,0.000777991,0.3839592997156966,136.7987804878049,0.6402439024390244
165,0.000977609,0.000756274,0.38595713229859574,136.5151515151515,0.6363636363636364
166,0.00097205,0.000750134,0.39277108433734936,140.06024096385542,0.6325301204819277
167,0.000956764,0.000735855,0.39629175384171417,140.7425149700599,0.6287425149700598
168,0.000953825,0.000726701,0.39962931280296554,141.38095238095238,0.6309523809523809
169,0.000950584,0.000725689,0.3958861651169344,140.81656804733728,0.6331360946745562
170,0.00094622,0.000722493,0.39784197702749746,140.61176470588236,0.6294117647058823
171,0.000946068,0.000711334,0.38685930512555905,140.54970760233917,0.631578947368421
172,0.00094382,0.000705233,0.3858289133686931,139.82558139534885,0.6337209302325582
173,0.000942495,0.000700777,0.3888963570372362,140.21387283236993,0.630057803468208
174,0.000934582,0.000698029,0.38914357849976744,139.71264367816093,0.6264367816091954
175,0.000931193,0.000686846,0.39362889983579635,140.93142857142857,0.6228571428571429
176,0.00093101,0.00067814,0.3955844155844156,140.94886363636363,0.6193181818181818
177,0.000927031,0.000671579,0.39676425269645604,140.6045197740113,0.615819209039548
178,0.000926127,0.000669675,0.3996064241731734,140.98876404494382,0.6123595505617978
179,0.000921083,0.000665476,0.39576925491180714,140.4804469273743,0.6145251396648045
180,0.000910944,0.000662091,0.40012414649286154,141.6611111111111,0.6166666666666667
181,0.00088815,0.000661989,0.40552486187845305,143.81767955801104,0.6187845303867403
182,0.000885398,0.000661943,0.41169327909659403,146.9945054945055,0.6153846153846154
183,0.000876208,0.000658654,0.41319882303488864,146.97814207650273,0.6120218579234973
184,0.000872341,0.000653048,0.4082917557614636,146.60326086956522,0.6141304347826086
185,0.000869701,0.000643516,0.400117508813161,146.45945945945945,0.6162162162162163
186,0.000866198,0.00064223,0.3984306887532693,145.68817204301075,0.6129032258064516
187,0.000856037,0.000627951,0.4019895348168593,146.53475935828877,0.6096256684491979
188,0.000854666,0.000621784,0.3945841392649903,146.37234042553192,0.6117021276595744
189,0.000854138,0.000611453,0.39130924237307213,145.85714285714286,0.6190476190476191
190,0.000851215,0.000609735,0.38713450292397655,145.45263157894738,0.6263157894736842
191,0.000845922,0.000608124,0.39057591623036647,146.17801047120417,0.6230366492146597
192,0.000842154,0.000602506,0.39288830715532286,146.41666666666666,0.6197916666666666
193,0.000842133,0.000591208,0.39399827288428324,146.11917098445596,0.616580310880829
194,0.000833834,0.000588981,0.3958656054697932,146.20103092783506,0.6134020618556701
195,0.000828925,0.00058754,0.40206185567010316,149.5076923076923,0.6102564102564103
196,0.000828169,0.000575691,0.39979068550497127,148.8673469387755,0.6122448979591837
197,0.000826516,0.000569235,0.39500673365793015,148.55837563451777,0.6192893401015228
198,0.000824988,0.00056663,0.39055529918474086,148.21212121212122,0.6212121212121212
199,0.000812393,0.000561289,0.39607126541799914,150.96482412060303,0.6180904522613065
200,0.000807232,0.00055778,0.40201005025125625,154.09,0.615
201,0.000803242,0.000555918,0.3959203980099502,153.8955223880597,0.6218905472636815
202,0.000802107,0.000552956,0.3929363085562288,153.38118811881188,0.6237623762376238
203,0.000795455,0.000548508,0.3895527483782861,152.94581280788177,0.625615763546798
204,0.000790994,0.00054775,0.3921568627450981,153.26960784313727,0.6225490196078431
205,0.000789944,0.000544915,0.39703491152558573,155.2341463414634,0.624390243902439
206,0.000786603,0.000544074,0.4018470281790197,157.35922330097088,0.6213592233009708
207,0.000780164,0.000539855,0.3986210778106093,156.88888888888889,0.6231884057971014
208,0.000778375,0.000534303,0.3963210702341138,156.3221153846154,0.6298076923076923
209,0.000773177,0.000531392,0.39446080235553926,155.69856459330143,0.6363636363636364
210,0.000768442,0.00052868,0.3970380496696286,156.13809523809525,0.6333333333333333
211,0.000766215,0.000524823,0.3913789212367411,155.95734597156397,0.6350710900473934
212,0.000763377,0.000523289,0.38701600643834394,155.6556603773585,0.6415094339622641
213,0.000761649,0.000521324,0.3810789263885198,155.51643192488262,0.6431924882629108
214,0.000758356,0.0005203,0.3820367689000044,155.2710280373832,0.6401869158878505
215,0.000756493,0.000507721,0.37743968702455993,155.0279069767442,0.641860465116279
216,0.000745271,0.000505944,0.3810508182601205,155.97685185185185,0.6388888888888888
217,0.000740372,0.000505039,0.38163509131251067,155.46082949308754,0.6359447004608295
218,0.000739964,0.000500936,0.3835877055764597,155.5321100917431,0.6376146788990825
219,0.000737419,0.000495798,0.38804407021071596,157.12328767123287,0.639269406392694
220,0.000734071,0.000495599,0.38937318389373177,157.04545454545453,0.6363636363636364
221,0.000733741,0.000495544,0.39095022624434395,157.06787330316743,0.6334841628959276
222,0.00073246,0.000493902,0.39537727773021886,158.74324324324326,0.6306306306306306
223,0.000725859,0.000488624,0.399911121884216,160.65470852017938,0.6278026905829597
224,0.000723495,0.00048198,0.4026265214606022,161.27232142857142,0.625
225,0.000722237,0.000476526,0.40706349206349207,163.32888888888888,0.6266666666666667
226,0.000721793,0.000473895,0.4115240904621436,165.3849557522124,0.6283185840707964
227,0.0007213,0.000471061,0.40922381193715635,164.84140969162996,0.6299559471365639
228,0.000719206,0.000470299,0.40714120102017154,164.2719298245614,0.6359649122807017
229,0.000713264,0.000469565,0.4120125641614954,166.72489082969432,0.6331877729257642
230,0.000711216,0.000468884,0.4164419973419403,168.88260869565218,0.6347826086956522
231,0.000711006,0.000466299,0.4152456239412762,168.17748917748918,0.6320346320346321
232,0.00070898,0.000466044,0.4113300492610837,167.85344827586206,0.6379310344827587
233,0.000707524,0.000465208,0.4127571407429333,167.92703862660943,0.6351931330472103
234,0.000704368,0.00046373,0.4102197278162943,167.43162393162393,0.6367521367521367
235,0.00070388,0.000463235,0.40614657210401883,167.1531914893617,0.6382978723404256
236,0.000694138,0.000462316,0.4100973674720519,168.95338983050848,0.635593220338983
237,0.000693217,0.000455391,0.41500393334763636,171.36708860759492,0.6329113924050633
238,0.000692201,0.000454122,0.41743786122043747,172.0,0.634453781512605
239,0.000691722,0.000453118,0.41563236173130336,171.38493723849373,0.6359832635983264
240,0.00069125,0.000451749,0.4154811715481172,170.93333333333334,0.6333333333333333
241,0.000689918,0.000448505,0.419225449515906,172.66390041493776,0.6307053941908713
242,0.000679767,0.000442162,0.42141901855217584,173.24380165289256,0.6322314049586777
243,0.000679144,0.000441984,0.42298404924667554,173.4814814814815,0.6337448559670782
244,0.00067336,0.000440286,0.4268366727383121,175.327868852459,0.6311475409836066
245,0.000670489,0.000437088,0.42857142857142855,175.73061224489797,0.6285714285714286
246,0.000661168,0.000434902,0.42432387589182013,175.45934959349594,0.6341463414634146
247,0.000661166,0.000426761,0.42819525361245525,177.31983805668017,0.631578947368421
248,0.000659073,0.000422748,0.43032519263419095,177.89112903225808,0.6330645161290323
249,0.000656208,0.000420509,0.4334758388392278,179.24899598393574,0.6305220883534136
250,0.00065012,0.000416967,0.43286746987951813,178.748,0.628
251,0.000649862,0.00041602,0.4302470119521912,178.26294820717132,0.6294820717131474
252,0.000647767,0.000414354,0.43400999177891597,180.0873015873016,0.6309523809523809
253,0.000644024,0.000407937,0.4332141288663028,179.52964426877472,0.6284584980237155
254,0.000642639,0.000401153,0.4376770097413712,181.71653543307087,0.6259842519685039
255,0.000641861,0.000397661,0.43727034120734903,181.29019607843136,0.6274509803921569
256,0.000640259,0.000393486,0.4368872549019608,180.921875,0.62890625
257,0.000638296,0.000390763,0.43932392996108943,181.8443579766537,0.6264591439688716
258,0.000628276,0.000383153,0.4386028413718215,181.37209302325581,0.627906976744186
259,0.000627968,0.000382573,0.43473706264403944,181.0733590733591,0.6332046332046332
260,0.000625371,0.000380048,0.43480843480843473,180.80384615384617,0.6346153846153846
261,0.000624247,0.000373634,0.4390215148835838,182.88505747126436,0.6360153256704981
262,0.000623221,0.000371918,0.43025942499488173,183.0381679389313,0.6412213740458015
263,0.000622274,0.000370517,0.4268713900095783,182.70342205323195,0.6425855513307985
264,0.000615562,0.000367957,0.4208434151399931,182.67424242424244,0.6439393939393939
265,0.000614896,0.000366237,0.41440823327615783,182.68301886792452,0.6452830188679245
266,0.000614464,0.000365831,0.4183004681515109,184.4624060150376,0.6428571428571429
267,0.000611802,0.000362774,0.413364872856298,184.3370786516854,0.6441947565543071
268,0.000611759,0.000362223,0.4064508916093689,184.3917910447761,0.6455223880597015
269,0.000609488,0.000361736,0.40864450979304223,184.91078066914497,0.6431226765799256
270,0.000599766,0.000360691,0.40085364174583504,185.04074074074074,0.6444444444444445
271,0.000599277,0.000354024,0.40472871395380616,186.74538745387454,0.6420664206642066
272,0.000595687,0.000353376,0.40405904059040587,186.1691176470588,0.6397058823529411
273,0.000593744,0.000349722,0.40632406808877397,186.72527472527472,0.6373626373626373
274,0.000589423,0.000348498,0.4075024731959039,186.82481751824818,0.635036496350365
275,0.000589293,0.000348156,0.4083609820836098,186.79272727272726,0.6327272727272727
276,0.000586733,0.000345842,0.40880105401844535,186.59420289855072,0.6304347826086957
277,0.000586168,0.000345251,0.407837597446764,185.9494584837545,0.631768953068592
278,0.000584242,0.000343819,0.40487754200971354,185.6474820143885,0.6330935251798561
279,0.000583421,0.000340505,0.4071323586292257,186.2688172043011,0.6308243727598566
280,0.000580902,0.000339829,0.4094726062467998,186.95357142857142,0.6285714285714286
281,0.000573691,0.000338782,0.40233858668022365,187.07829181494662,0.6298932384341637
282,0.000570414,0.000333082,0.40218570959844524,186.6631205673759,0.6276595744680851
283,0.000569544,0.000327404,0.4037541037014761,186.89752650176678,0.6289752650176679
284,0.000567007,0.000323386,0.40740556412681034,188.45070422535213,0.6267605633802817
285,0.000564683,0.000320667,0.40948851000741293,188.96491228070175,0.624561403508772
286,0.000561675,0.000319587,0.4013004539320329,189.1853146853147,0.6293706293706294
287,0.000560243,0.000315296,0.40113544991593775,188.77351916376307,0.627177700348432
288,0.0005602,0.0003125,0.402632597754549,189.03472222222223,0.625
289,0.000555739,0.000312246,0.4041714725105729,189.3044982698962,0.6228373702422145
290,0.000551383,0.000310582,0.4014556735473094,189.0103448275862,0.6241379310344828
291,0.000551341,0.000302504,0.40457400165896434,190.3024054982818,0.6219931271477663
292,0.000550386,0.00029931,0.40399190321517675,189.8013698630137,0.6198630136986302
293,0.00054775,0.000298689,0.40801346486511764,191.52559726962457,0.621160409556314
294,0.00054657,0.000296822,0.4073970885282441,191.0374149659864,0.6190476190476191
295,0.000545609,0.000293674,0.4048195549406204,190.72881355932202,0.6203389830508474
296,0.000542939,0.000293361,0.4037104901511681,190.08783783783784,0.6216216216216216
297,0.000542598,0.000293273,0.4061334061334062,190.87878787878788,0.622895622895623
298,0.000540311,0.000291841,0.4027975504485572,190.68120805369128,0.6241610738255033
299,0.000538964,0.0002885,0.3953446611748334,190.89966555183946,0.6254180602006689
300,0.000537901,0.000287512,0.3976365663322185,191.54666666666665,0.6233333333333333
301,0.000537374,0.000283584,0.3963676633444075,191.03654485049833,0.6245847176079734
302,0.000534581,0.000283287,0.39174055576334954,191.02649006622516,0.6258278145695364
303,0.000532666,0.00027662,0.3952746268004284,192.42904290429044,0.6270627062706271
304,0.000531793,0.000276051,0.39108910891089105,192.375,0.631578947368421
305,0.000525547,0.000275758,0.39443485763589303,193.69508196721313,0.6327868852459017
306,0.000524895,0.000273692,0.39496410586092356,193.4640522875817,0.630718954248366
307,0.000522207,0.000273092,0.3986502309935918,194.97068403908796,0.6286644951140065
308,0.000522073,0.000264782,0.39498286729557086,194.87012987012986,0.6298701298701299
309,0.00052195,0.000263312,0.39372924809818016,194.3495145631068,0.6310679611650486
310,0.00051887,0.000262168,0.39108466436997597,194.11935483870968,0.632258064516129
311,0.000518065,0.000259792,0.39081008194170724,193.63022508038586,0.6302250803858521
312,0.000512897,0.00025977,0.3884491714073708,193.37820512820514,0.6314102564102564
313,0.000510975,0.000258055,0.3896944376177603,193.4696485623003,0.6293929712460063
314,0.000510852,0.000256988,0.38861643027207426,192.9299363057325,0.6305732484076433
315,0.000510781,0.000255682,0.3873622485087453,192.47301587301587,0.6317460317460317
316,0.000509189,0.000255529,0.38838657825999595,192.48101265822785,0.629746835443038
317,0.000506391,0.000254772,0.3915665056103502,193.70977917981074,0.6277602523659306
318,0.000505862,0.000254089,0.3936868837172391,194.31132075471697,0.6289308176100629
319,0.000505645,0.000253844,0.3937816683425011,193.94670846394985,0.6300940438871473
320,0.000501999,0.00025016,0.39713949843260193,195.24375,0.628125
321,0.000501113,0.000248199,0.3995327102803738,196.0311526479751,0.6292834890965732
322,0.000500312,0.000248147,0.4002825022735628,195.95652173913044,0.6273291925465838
323,0.000499103,0.000246156,0.39718862373324615,195.8111455108359,0.628482972136223
324,0.000498214,0.000246003,0.39758437488055653,195.5648148148148,0.6265432098765432
325,0.000497665,0.000245271,0.39954415954415956,196.10461538461539,0.6246153846153846
326,0.000497247,0.000240777,0.4019820670127418,197.01226993865032,0.6226993865030674
327,0.000494749,0.000239986,0.4044014183598807,197.93577981651376,0.6238532110091743
328,0.000493793,0.000237596,0.40575818602222724,198.1280487804878,0.625
329,0.000492023,0.000237479,0.4048854622284825,197.56231003039514,0.6261398176291794
330,0.000491628,0.000231934,0.40650271714101505,197.9030303030303,0.6242424242424243
331,0.000491597,0.000230371,0.40844090451341203,198.46827794561935,0.622356495468278
332,0.000489385,0.000229131,0.4036690568922215,198.54819277108433,0.6234939759036144
333,0.000486366,0.000228988,0.40327074062013823,198.0900900900901,0.6216216216216216
334,0.000486061,0.000227079,0.4038949128769488,198.00598802395209,0.6197604790419161
335,0.000485803,0.000226222,0.4025918312628475,197.52537313432836,0.6208955223880597
336,0.000485723,0.00022527,0.4010660980810235,197.10416666666666,0.6220238095238095
337,0.000483993,0.000225063,0.4027483396919599,197.47774480712167,0.6231454005934718
338,0.000482643,0.000224874,0.40442118940178745,197.87278106508876,0.621301775147929
339,0.00048061,0.000224612,0.40608472534953133,198.2684365781711,0.6194690265486725
340,0.000478541,0.000223914,0.40617733819191393,197.96470588235294,0.6176470588235294
341,0.000477714,0.000223497,0.40755563222356395,198.23460410557186,0.6158357771260997
342,0.000477216,0.000223212,0.40350877192982454,198.26315789473685,0.6198830409356725
343,0.000477215,0.00022125,0.40442944094931205,198.30903790087464,0.6209912536443148
344,0.000477001,0.000221209,0.4041968947047258,197.92732558139534,0.622093023255814
345,0.000476127,0.0002202,0.399561846983485,198.031884057971,0.6260869565217392
346,0.000475966,0.000219727,0.4000502638853983,197.90462427745663,0.6242774566473989
347,0.000473336,0.000217236,0.39974346587596404,197.4841498559078,0.622478386167147
348,0.000470155,0.000216175,0.3953426744840836,197.58045977011494,0.6235632183908046
349,0.000467915,0.000215465,0.3957448209992425,197.41547277936962,0.6217765042979942
350,0.000467569,0.000212678,0.39566107245190335,197.05142857142857,0.6228571428571429
351,0.00046694,0.00021241,0.3978021978021978,197.64387464387465,0.6210826210826211
352,0.000466866,0.000207628,0.3998316498316498,198.1590909090909,0.6221590909090909
353,0.000466508,0.00020678,0.3988861704867371,197.61756373937678,0.6260623229461756
354,0.000466408,0.00020637,0.39860117475712614,197.21751412429379,0.6271186440677966
355,0.000465925,0.000206033,0.3987109095249462,196.93521126760564,0.6253521126760564
356,0.000465528,0.000202867,0.3987972780503244,196.6376404494382,0.6235955056179775
357,0.000464906,0.000199931,0.39700374531835203,196.34733893557424,0.6274509803921569
358,0.000462274,0.000197964,0.39480149601740144,196.1340782122905,0.6284916201117319
359,0.000460844,0.000197622,0.39241530632887756,195.9693593314763,0.6323119777158774
360,0.000460212,0.000195689,0.39040544722995973,195.73055555555555,0.6333333333333333
361,0.000459305,0.000194886,0.3892582333025546,195.29916897506925,0.6371191135734072
362,0.000458851,0.000194497,0.39122449916591423,195.74861878453038,0.6353591160220995
363,0.00045857,0.000193456,0.39007351262499423,195.3168044077135,0.6363636363636364
364,0.000456905,0.000192794,0.39306148397057494,196.32142857142858,0.6346153846153846
365,0.000456463,0.000192094,0.38840885142255,196.5095890410959,0.6383561643835617
366,0.000456131,0.000191764,0.3869002170821169,196.1912568306011,0.639344262295082
367,0.000453644,0.000190815,0.3855362487157725,195.8474114441417,0.6430517711171662
368,0.00045356,0.000190663,0.3877502665560953,196.42934782608697,0.6413043478260869
369,0.000453448,0.000190375,0.38553081182985743,196.26558265582656,0.6422764227642277
370,0.000452168,0.000189343,0.38779755365121216,196.93783783783783,0.6405405405405405
371,0.00045207,0.000188992,0.3864646317476506,196.5956873315364,0.6415094339622641
372,0.000447685,0.000187604,0.38425644146885773,196.43279569892474,0.6451612903225806
373,0.000446712,0.0001861,0.38072587852056855,196.50938337801608,0.646112600536193
374,0.0004463,0.000184074,0.3834640363579016,197.3850267379679,0.6443850267379679
375,0.000442198,0.000183011,0.3831301247771836,196.912,0.6426666666666667
376,0.00043816,0.000180397,0.38317730496453895,196.52659574468086,0.6409574468085106
377,0.000437741,0.000177523,0.37916925334386825,196.6737400530504,0.6419098143236074
378,0.00043736,0.000176817,0.3773174462829635,196.47619047619048,0.6428571428571429
379,0.000437069,0.00017646,0.37982158562633495,197.26912928759896,0.6411609498680739
380,0.000436638,0.000176317,0.37536453270379105,197.47894736842105,0.6447368421052632
381,0.000434992,0.00017294,0.37728968089515125,197.86876640419948,0.6456692913385826
382,0.000434268,0.000171052,0.3775542455098872,197.54712041884818,0.643979057591623
383,0.000434231,0.000171037,0.3804765354804314,198.45430809399477,0.6422976501305483
384,0.000433043,0.000169475,0.379868363794604,197.98697916666666,0.6458333333333334
385,0.000431119,0.000167887,0.38160173160173155,198.33506493506493,0.6467532467532467
386,0.000430829,0.000167331,0.3817374335509051,197.98704663212436,0.6450777202072538
387,0.000424454,0.000166616,0.38482548098164426,199.01291989664082,0.6434108527131783
388,0.000423312,0.000165889,0.38669117451184093,199.4278350515464,0.6443298969072165
389,0.000422207,0.000165515,0.3863196671348687,198.94858611825194,0.6426735218508998
390,0.000420556,0.000165467,0.38319161558236114,199.0025641025641,0.6461538461538462
391,0.000420051,0.000163304,0.38285789232080797,198.5242966751918,0.6445012787723785
392,0.000419685,0.000162415,0.38261391513126997,198.06887755102042,0.6428571428571429
393,0.000419138,0.000162316,0.3833670872929324,197.93129770992365,0.6412213740458015
394,0.000418498,0.000160951,0.38631637411038344,198.87563451776649,0.6395939086294417
395,0.000418286,0.000160241,0.38497718948788795,198.59493670886076,0.640506329113924
396,0.000417965,0.000159134,0.3862421685206496,198.7171717171717,0.6414141414141414
397,0.000417098,0.000158614,0.3885454036587538,199.43073047858942,0.6397984886649875
398,0.00041701,0.000158581,0.3840487070111261,199.68341708542712,0.6432160804020101
399,0.000416602,0.00015787,0.38250147983022886,199.44862155388472,0.6441102756892231
400,0.000414984,0.000157423,0.3782456140350878,199.68,0.6475
401,0.000414422,0.000155933,0.37855361596009984,199.37406483790522,0.6483790523690773
402,0.000413847,0.000155893,0.3772781975409734,199.1044776119403,0.6492537313432836
403,0.000413806,0.000155778,0.3796526054590571,199.80397022332505,0.6501240694789082
404,0.00041254,0.00015487,0.3788909908360564,199.41336633663366,0.6534653465346535
405,0.00040654,0.000153883,0.3776066495538443,199.1432098765432,0.654320987654321
406,0.000405213,0.000152318,0.37853189807212795,199.07389162561577,0.6527093596059114
407,0.000403375,0.00015177,0.37606661744592773,199.05651105651106,0.6535626535626535
408,0.00040109,0.00015016,0.3779207014501132,199.42401960784315,0.6519607843137255
409,0.000395144,0.00014988,0.3793566326286016,199.6356968215159,0.6528117359413202
410,0.000395085,0.000149007,0.3776850140139544,199.45609756097562,0.6536585365853659
411,0.000394965,0.000148895,0.3745178327695685,199.56934306569343,0.656934306569343
412,0.000393099,0.000148793,0.3771053315380436,200.30825242718447,0.6577669902912622
413,0.000392714,0.000147213,0.37375114600719345,200.45762711864407,0.6610169491525424
414,0.00039243,0.000146892,0.3741563439426372,200.17632850241546,0.6594202898550725
415,0.000391993,0.000146794,0.37414585879750883,199.74457831325302,0.6602409638554216
416,0.000391703,0.000146719,0.3733317886932344,199.40625,0.6610576923076923
417,0.000391681,0.000146222,0.3761759822910902,200.24700239808155,0.6618705035971223
418,0.000390534,0.000144653,0.37330900829575575,200.33492822966508,0.6626794258373205
419,0.000390272,0.000142981,0.3716184581653743,200.19331742243438,0.665871121718377
420,0.000389667,0.000142784,0.36836004091374025,200.35,0.6666666666666666
421,0.000389536,0.000142507,0.3704332089130189,200.87885985748218,0.667458432304038
422,0.000388762,0.000142462,0.37312424716596687,201.64691943127963,0.6682464454976303
423,0.000388582,0.000142461,0.3752590949323832,202.2340425531915,0.6666666666666666
424,0.000388509,0.000141163,0.3762433650028994,202.18867924528303,0.6674528301886793
425,0.000386659,0.00014027,0.37726970033296336,202.1764705882353,0.6658823529411765
426,0.000385556,0.000138287,0.3773874620270643,201.80516431924883,0.6666666666666666
427,0.000385303,0.000137651,0.3777088762080681,201.50117096018735,0.6651053864168618
428,0.00038497,0.000137388,0.3790190198953796,201.64953271028037,0.6635514018691588
429,0.000384887,0.000137356,0.37958303378864133,201.45221445221446,0.6643356643356644
430,0.000384663,0.000136795,0.37732964709708894,201.43953488372094,0.6674418604651163
431,0.000384172,0.000136477,0.37719743160848224,200.9907192575406,0.665893271461717
432,0.00038357,0.000136083,0.37503222480020626,200.97222222222223,0.6689814814814815
433,0.000383472,0.000135963,0.37329997433923523,200.86836027713625,0.6697459584295612
434,0.000382664,0.000135779,0.3722076180542992,200.6267281105991,0.6705069124423964
435,0.000380091,0.000135391,0.3731659515864188,200.55632183908045,0.6689655172413793
436,0.000379944,0.00013342,0.3757460719181693,201.26605504587155,0.6697247706422018
437,0.000379892,0.000132636,0.37251485314802757,201.44851258581235,0.6727688787185355
438,0.000379225,0.000132309,0.37381273314316166,201.55479452054794,0.6712328767123288
439,0.000378989,0.000131932,0.37495969461520057,201.5968109339408,0.6697038724373576
440,0.000377688,0.000131894,0.37517084282460134,201.2590909090909,0.6704545454545454
441,0.000377299,0.000131499,0.3755308183879612,200.9637188208617,0.671201814058957
442,0.000376047,0.000130801,0.3775356296364699,201.45927601809956,0.669683257918552
443,0.000373113,0.000130358,0.3764848881035311,201.22121896162528,0.6704288939051919
444,0.000373005,0.000129727,0.3729282329733797,201.46396396396398,0.6711711711711712
445,0.00037047,0.000129667,0.37467354995444885,201.7797752808989,0.6696629213483146
446,0.00036832,0.000129196,0.3764095329268907,202.1031390134529,0.6681614349775785
447,0.000368133,0.000127178,0.3760696622224897,201.70246085011186,0.668903803131991
448,0.000367576,0.000126565,0.37464046021093,201.57142857142858,0.671875
449,0.000367492,0.000125502,0.3763323258033726,201.8574610244989,0.6703786191536748
450,0.000367104,0.000124994,0.37320465231378364,202.05333333333334,0.6711111111111111
451,0.000365225,0.000124992,0.3724168514412417,201.79157427937915,0.6740576496674058
452,0.000365163,0.000124972,0.37123010811765406,201.60398230088495,0.6747787610619469
453,0.000364452,0.000124737,0.37195491218816545,201.44812362030905,0.6754966887417219
454,0.000363591,0.000124577,0.37326292654938686,201.56167400881057,0.6762114537444934
455,0.000361542,0.000124135,0.37570799244808056,202.17142857142858,0.6747252747252748
456,0.000361279,0.000123787,0.3780605359552727,202.75219298245614,0.6732456140350878
457,0.000360934,0.000122528,0.37619486352643094,202.71772428884026,0.6739606126914661
458,0.00036075,0.000122364,0.3764345025942878,202.37772925764193,0.6746724890829694
459,0.000360537,0.000122346,0.3768682630742738,202.11546840958604,0.6753812636165577
460,0.000359498,0.000120327,0.3776262195699536,201.98260869565217,0.6739130434782609
461,0.000357945,0.000119913,0.37628972932189003,201.84598698481562,0.6767895878524945
462,0.000357784,0.000119162,0.37799438450197664,202.16666666666666,0.6753246753246753
463,0.000357265,0.00011826,0.3798397426907146,202.57235421166305,0.6760259179265659
464,0.000355197,0.000117607,0.38078126163700005,202.54310344827587,0.6745689655172413
465,0.00035382,0.000117403,0.37929180571004817,202.44086021505376,0.6752688172043011
466,0.000353025,0.000115939,0.3766948174811944,202.57510729613733,0.6759656652360515
467,0.000352664,0.000114753,0.37737912527226103,202.41327623126338,0.6745182012847966
468,0.000352544,0.000114277,0.3759585643953952,202.30555555555554,0.6752136752136753
469,0.000351313,0.000113817,0.37408197109689645,202.2963752665245,0.67590618336887
470,0.000351285,0.000113484,0.37338837726262303,202.03191489361703,0.676595744680851
471,0.00035033,0.000113193,0.3708993991959164,202.15286624203821,0.6794055201698513
472,0.000349879,0.000113022,0.37061427183417894,201.8050847457627,0.6800847457627118
473,0.000348712,0.000112631,0.3722542731214391,202.061310782241,0.678646934460888
474,0.000348538,0.000112412,0.37249444697192713,201.72784810126583,0.6772151898734177
475,0.000344765,0.000112028,0.3750122140795026,202.3557894736842,0.6778947368421052
476,0.00034424,0.000109626,0.37539141972578505,202.0735294117647,0.6785714285714286
477,0.000342868,0.000109068,0.3736765146310097,202.04612159329142,0.6792452830188679
478,0.000341448,0.000108781,0.3711568993798409,202.18619246861925,0.6799163179916318
479,0.000339257,0.000108262,0.3713716686611752,201.83507306889354,0.6805845511482255
480,0.000338684,0.000108216,0.3680758524704244,202.11041666666668,0.68125
481,0.000338533,0.000107573,0.36952529452529453,202.25987525987526,0.6798336798336798
482,0.000338049,0.000107037,0.37214137214137216,202.89834024896265,0.6784232365145229
483,0.000336624,0.000106295,0.37322921230552475,202.90269151138716,0.6770186335403726
484,0.00033606,0.000106189,0.37037797512105813,203.11570247933884,0.6776859504132231
485,0.000334771,0.000105852,0.36750447303399514,203.340206185567,0.6783505154639176
486,0.000333667,0.00010442,0.36727334436383685,202.99794238683128,0.6790123456790124
487,0.000332816,0.000104063,0.3687394901175417,203.13963039014374,0.6776180698151951
488,0.000331856,0.00010333,0.368128723869795,202.8954918032787,0.6782786885245902
489,0.000331814,0.000103254,0.3642428509168929,203.2719836400818,0.6809815950920245
490,0.000331076,0.000102825,0.36652059596844877,203.76122448979592,0.6816326530612244
491,0.000330838,0.000102361,0.36678997464566276,203.41955193482687,0.6822810590631364
492,0.000329318,0.000102345,0.36673124368718224,203.02439024390245,0.6849593495934959
493,0.000329203,0.000101083,0.36644733587295303,202.7160243407708,0.6855983772819473
494,0.000328809,0.000100985,0.3652183196327532,202.6315789473684,0.6882591093117408
495,0.00032855,0.000100685,0.3643806485911749,202.45858585858585,0.6909090909090909
496,0.000328437,0.000100633,0.3620560443141088,202.60887096774192,0.6915322580645161
497,0.000328043,9.89686e-05,0.35982021159213345,202.74245472837023,0.6921529175050302
498,0.000328036,9.84934e-05,0.3602417719166404,202.42369477911646,0.6907630522088354
499,0.000327721,9.8459e-05,0.3600212473139049,202.1202404809619,0.6933867735470942
500,0.000327157,9.83038e-05,0.36137875751503,202.184,0.694
501,0.00032651,9.77594e-05,0.35891417165668665,202.3692614770459,0.6966067864271457
502,0.000326227,9.57154e-05,0.3569037224356069,202.47011952191235,0.6972111553784861
503,0.00032519,9.55651e-05,0.35782912089217683,202.34990059642146,0.6978131212723658
504,0.000324892,9.54812e-05,0.3603774180314936,202.9206349206349,0.6964285714285714
505,0.000324503,9.45068e-05,0.36141757032846145,202.85940594059406,0.697029702970297
506,0.000324349,9.41959e-05,0.3622040464916057,202.70158102766797,0.6976284584980237
507,0.000324134,9.41914e-05,0.3596837944664032,202.9112426035503,0.6982248520710059
508,0.000324042,9.32063e-05,0.3611797046079299,203.03937007874015,0.6968503937007874
509,0.000323949,9.31158e-05,0.36138483671859295,202.664047151277,0.6954813359528488
510,0.000323949,9.29085e-05,0.36302000470243045,202.87843137254902,0.6941176470588235
511,0.000323784,9.26118e-05,0.3598340809438292,203.19569471624266,0.6947162426614482
512,0.000323055,9.23405e-05,0.3617843451299403,203.546875,0.6953125
513,0.000322869,9.17217e-05,0.3599779178035265,203.62573099415204,0.6978557504873294
514,0.000322798,9.08422e-05,0.3616036043578631,203.83073929961088,0.6984435797665369
515,0.000322414,9.0586e-05,0.3628588374429482,203.85825242718445,0.6970873786407767
516,0.000321058,8.99634e-05,0.3635371548801042,203.65697674418604,0.6957364341085271
517,0.000320975,8.94148e-05,0.3626556109947473,203.5396518375242,0.6963249516441006
518,0.000320433,8.90922e-05,0.36310001680580245,203.24903474903476,0.694980694980695
519,0.000318452,8.89474e-05,0.36466164015413655,203.4335260115607,0.6955684007707129
520,0.000317766,8.81724e-05,0.3652229332429594,203.19615384615383,0.6961538461538461
521,0.000316908,8.77703e-05,0.36379139152540574,203.20537428023033,0.6967370441458733
522,0.000315507,8.64512e-05,0.364346358487687,202.95977011494253,0.6973180076628352
523,0.000310847,8.55128e-05,0.363978681711568,202.717017208413,0.6978967495219885
524,0.000309314,8.4951e-05,0.36151665201243416,202.93702290076337,0.700381679389313
525,0.000308822,8.39463e-05,0.35980501565128903,203.01333333333332,0.700952380952381
526,0.000308486,8.34547e-05,0.36129770522672244,203.14448669201522,0.7015209125475285
527,0.000307427,8.27074e-05,0.3625383746835471,203.1650853889943,0.7001897533206831
528,0.000307293,8.26889e-05,0.3626673375164927,202.78598484848484,0.7026515151515151
529,0.000306693,8.07973e-05,0.3606660675757332,202.9224952741021,0.7051039697542533
530,0.000306225,8.06437e-05,0.3583420420968048,203.1301886792453,0.7056603773584905
531,0.000305318,8.016e-05,0.36026138031489313,203.43691148775895,0.704331450094162
532,0.000304324,7.95146e-05,0.35935304133808166,203.3609022556391,0.7048872180451128
533,0.000304164,7.93618e-05,0.3598243726988926,203.08067542213882,0.7035647279549718
534,0.000303809,7.91959e-05,0.3612101707204828,203.1573033707865,0.704119850187266
535,0.000303357,7.91327e-05,0.36118996531414277,202.83551401869158,0.7046728971962617
536,0.000301118,7.81691e-05,0.35993290533384337,202.83768656716418,0.707089552238806
537,0.000300487,7.81125e-05,0.35913435314689474,202.73556797020484,0.7094972067039106
538,0.000299606,7.80089e-05,0.35698932175150255,202.9200743494424,0.7118959107806692
539,0.000299522,7.66786e-05,0.3570716702149992,202.58441558441558,0.712430426716141
540,0.000298643,7.63741e-05,0.3579411734411748,202.4462962962963,0.7111111111111111
541,0.0002986,7.63604e-05,0.3560839189584733,202.58595194085026,0.711645101663586
542,0.000298486,7.6015e-05,0.3573550325543169,202.60147601476015,0.7121771217712177
543,0.000297981,7.58903e-05,0.3568135097963208,202.44935543278083,0.714548802946593
544,0.000297927,7.45817e-05,0.35568449952978276,202.44117647058823,0.7150735294117647
545,0.000296089,7.34967e-05,0.3564974247774757,202.27155963302752,0.7155963302752294
546,0.000295741,7.33646e-05,0.3559107299503578,202.13553113553112,0.7161172161172161
547,0.000294905,7.33088e-05,0.3546495859874364,202.16087751371114,0.7184643510054844
548,0.000294736,7.29351e-05,0.35661790462409254,202.45985401459853,0.7171532846715328
549,0.00029375,7.26678e-05,0.35456089559479365,202.6448087431694,0.7176684881602914
550,0.000293705,7.20222e-05,0.3544969514738814,202.37272727272727,0.7181818181818181
551,0.000293216,7.16606e-05,0.3529726215911696,202.45916515426498,0.7186932849364791
552,0.000292173,7.03473e-05,0.35117425226475435,202.606884057971,0.7192028985507246
553,0.000292081,7.02531e-05,0.35335047747155257,202.98191681735986,0.7197106690777577
554,0.000291587,6.96842e-05,0.3529169835604923,202.83212996389892,0.720216606498195
555,0.000290151,6.93798e-05,0.35376574549166023,202.65945945945947,0.7189189189189189
556,0.00029008,6.90608e-05,0.3524737587475853,202.70863309352518,0.7212230215827338
557,0.000289623,6.78415e-05,0.35386885637803916,202.7504488330341,0.7217235188509874
558,0.000288198,6.74639e-05,0.3553482086857408,202.84587813620072,0.7222222222222222
559,0.000287342,6.70831e-05,0.3518967943824368,203.2844364937388,0.7227191413237924
560,0.00028698,6.70543e-05,0.35306143963072945,203.24285714285713,0.7232142857142857
561,0.000286784,6.69703e-05,0.35353435680837625,202.93404634581105,0.7237076648841355
562,0.000286591,6.63502e-05,0.35490879564757416,202.97330960854092,0.7224199288256228
563,0.000286564,6.52887e-05,0.3567958787015497,203.22380106571936,0.7211367673179396
564,0.000286426,6.48125e-05,0.35830832265373835,203.32801418439718,0.7198581560283688
565,0.000286366,6.474e-05,0.35980154334434156,203.4283185840708,0.7185840707964601
566,0.000286324,6.36588e-05,0.361938653301289,203.7826855123675,0.7173144876325088
567,0.000286173,6.34394e-05,0.3616341716514763,203.5978835978836,0.7178130511463845
568,0.000285153,6.33809e-05,0.3583673596142161,204.0193661971831,0.7200704225352113
569,0.000285139,6.33531e-05,0.3577017924402393,203.92970123022846,0.7205623901581723
570,0.000283154,6.31105e-05,0.35697085367188974,203.8578947368421,0.7210526315789474
571,0.000282997,6.3078e-05,0.35799415612715796,203.77408056042032,0.7215411558669002
572,0.000282748,6.25451e-05,0.3585611017404463,203.51573426573427,0.7202797202797203
573,0.000282126,6.22786e-05,0.3588839224437384,203.17277486910996,0.7190226876090751
574,0.000282106,6.20393e-05,0.3605218591629337,203.34843205574913,0.7177700348432056
575,0.000281881,6.15726e-05,0.36274613769637093,203.72695652173914,0.7165217391304348
576,0.000281631,6.13227e-05,0.3627728344606948,203.45833333333334,0.7170138888888888
577,0.000280992,6.10709e-05,0.3639104440803472,203.421143847487,0.7175043327556326
578,0.000280144,6.01123e-05,0.3654757799749567,203.57439446366783,0.7179930795847751
579,0.000279878,5.99103e-05,0.36631695955174737,203.4525043177893,0.7184801381692574
580,0.000279843,5.98816e-05,0.36544090715696287,203.41379310344828,0.7206896551724138
581,0.000279787,5.96125e-05,0.3672810471885339,203.65060240963857,0.7194492254733219
582,0.000278908,5.9299e-05,0.36871009431138246,203.7405498281787,0.718213058419244
583,0.000278905,5.89721e-05,0.36981476842529565,203.7032590051458,0.7169811320754716
584,0.000278864,5.88197e-05,0.3717144778866508,203.9623287671233,0.7157534246575342
585,0.000278474,5.86867e-05,0.3717783976669646,203.6769230769231,0.717948717948718
586,0.000278078,5.84275e-05,0.37301237715621255,203.70136518771332,0.7167235494880546
587,0.000277832,5.81814e-05,0.3744741715401267,203.82112436115844,0.717206132879046
588,0.000276941,5.80686e-05,0.3734032536122638,203.83503401360545,0.7193877551020408
589,0.000276233,5.75771e-05,0.3752421816139524,204.0730050933786,0.7198641765704584
590,0.000275682,5.68238e-05,0.3737342054465862,204.18474576271186,0.7220338983050848
591,0.000275363,5.64757e-05,0.3744425548283339,204.0203045685279,0.7225042301184433
592,0.000274823,5.60104e-05,0.3755841438717034,204.00844594594594,0.7212837837837838
593,0.000274587,5.58587e-05,0.3751491931478951,203.86846543001687,0.7217537942664418
594,0.000273427,5.51919e-05,0.37540206847167956,203.52861952861952,0.7222222222222222
595,0.000272803,5.50688e-05,0.37311029938269874,203.8050420168067,0.7243697478991596
596,0.000270874,5.47135e-05,0.3728113834862928,203.6275167785235,0.7265100671140939
597,0.000270548,5.46069e-05,0.3733723802820168,203.4003350083752,0.7269681742043551
598,0.000269862,5.46063e-05,0.37428047226376154,203.30602006688963,0.725752508361204
599,0.000268248,5.45065e-05,0.37146741634031877,203.69115191986646,0.7262103505843072
600,0.000267071,5.44865e-05,0.3721935787259224,203.53666666666666,0.7266666666666667
601,0.000265974,5.4172e-05,0.3731291545470658,203.4475873544093,0.7271214642262895
602,0.00026322,5.41457e-05,0.37368608710455864,203.22425249169436,0.7275747508305648
603,0.000262863,5.35446e-05,0.3718185699935597,203.43449419568822,0.7280265339966833
604,0.000262706,5.34238e-05,0.37215240616156814,203.1208609271523,0.7284768211920529
605,0.000259928,5.29882e-05,0.36969615701566105,203.44793388429753,0.7289256198347107
606,0.000259657,5.28473e-05,0.370314405026621,203.24257425742573,0.7293729372937293
607,0.000259614,5.27595e-05,0.3709211316859844,203.03130148270182,0.728171334431631
608,0.000258785,5.1979e-05,0.3708552925729294,202.80921052631578,0.7302631578947368
609,0.000258766,5.17573e-05,0.3709769331125067,202.52052545155993,0.7307060755336617
610,0.000258516,5.10261e-05,0.3700028803019686,202.53770491803277,0.7311475409836066
611,0.000258222,5.05704e-05,0.3713782065914647,202.60065466448444,0.7299509001636661
612,0.000257425,5.05119e-05,0.3720205064584039,202.3986928104575,0.7303921568627451
613,0.000255932,5.03829e-05,0.37089203129504955,202.46329526916801,0.7308319738988581
614,0.000255904,5.03286e-05,0.36810572265998814,202.86807817589576,0.7312703583061889
615,0.000255614,5.02628e-05,0.36915433689474775,202.78861788617886,0.7300813008130081
616,0.000255425,4.98403e-05,0.3682778172270702,202.79707792207793,0.7321428571428571
617,0.000254753,4.96022e-05,0.36709456917387256,202.88168557536466,0.7325769854132901
618,0.000254609,4.91895e-05,0.3668873998517751,202.71521035598707,0.7346278317152104
619,0.000254469,4.81204e-05,0.36516870087252684,202.91922455573507,0.7350565428109854
620,0.000254459,4.7918e-05,0.3646525734875412,202.85806451612902,0.7354838709677419
621,0.000254379,4.7808e-05,0.36658450622041006,203.0950080515298,0.7359098228663447
622,0.000254308,4.70406e-05,0.36728533297556687,202.90192926045017,0.7347266881028939
623,0.000253502,4.66231e-05,0.36842879446839494,202.85232744783306,0.7351524879614767
624,0.000253096,4.61878e-05,0.3699385982299102,202.9471153846154,0.7339743589743589
625,0.000251736,4.60844e-05,0.3683445342179653,203.1312,0.7344
626,0.00025161,4.50068e-05,0.3701274635857804,203.31469648562302,0.7332268370607029
627,0.000251328,4.4971e-05,0.3710359973617205,203.19298245614036,0.7320574162679426
628,0.000250769,4.47014e-05,0.3685286536055872,203.56210191082803,0.7340764331210191
629,0.000250397,4.43276e-05,0.36884542455897906,203.23847376788552,0.7344992050874404
630,0.000250017,4.42109e-05,0.36704359917243873,203.47142857142856,0.7365079365079366
631,0.000248902,4.28224e-05,0.3664738924718975,203.43264659270997,0.7369255150554676
632,0.000248543,4.24987e-05,0.3651386315148983,203.5727848101266,0.7389240506329114
633,0.000248144,4.23218e-05,0.36265513492008167,203.94944707740916,0.7393364928909952
634,0.000248067,4.12158e-05,0.3596024130320816,204.4274447949527,0.7397476340694006
635,0.000247938,4.11808e-05,0.35979125112818994,204.17322834645668,0.7401574803149606
636,0.000247664,4.0961e-05,0.3595759906314956,204.04088050314465,0.7405660377358491
637,0.000246285,4.07525e-05,0.3613892790244292,204.21507064364206,0.7394034536891679
638,0.000244555,4.05782e-05,0.3609207563894245,204.15830721003135,0.7398119122257053
639,0.000244537,4.00724e-05,0.3619104152522287,204.03286384976525,0.7402190923317684
640,0.000244424,3.98215e-05,0.3602072579413594,204.2640625,0.7421875
641,0.000244285,3.95888e-05,0.36104319677173563,204.09672386895477,0.7425897035881436
642,0.000244267,3.91896e-05,0.3620714374246756,203.98598130841123,0.7414330218068536
643,0.000243661,3.90562e-05,0.363232034496772,203.92223950233281,0.7402799377916018
644,0.000243557,3.90528e-05,0.3640310946155303,203.74844720496895,0.7406832298136646
645,0.000243305,3.90471e-05,0.36471270815433376,203.54263565891472,0.7395348837209302
646,0.000243044,3.88515e-05,0.3642603601430322,203.4814241486068,0.7414860681114551
647,0.000242262,3.87439e-05,0.3646273216889523,203.16692426584234,0.7418856259659969
648,0.000242082,3.86417e-05,0.3654816281271204,203.0108024691358,0.7407407407407407
649,0.000242022,3.86011e-05,0.36583910156065486,202.6979969183359,0.7411402157164869
650,0.0002419,3.83747e-05,0.3638079028288113,203.00307692307692,0.7415384615384616
651,0.000241472,3.83216e-05,0.3618205407561581,203.3026113671275,0.7419354838709677
652,0.000241237,3.81325e-05,0.36298654026124944,203.2361963190184,0.74079754601227
653,0.000240829,3.80855e-05,0.36337799908498253,202.93108728943338,0.7411944869831547
654,0.000240565,3.80813e-05,0.36465048318724236,202.8914373088685,0.7415902140672783
655,0.000240473,3.73678e-05,0.3661049235598919,202.93893129770993,0.7419847328244275
656,0.000239823,3.73191e-05,0.365672979131923,202.8780487804878,0.7423780487804879
657,0.000239577,3.7245e-05,0.3664624087287789,202.6986301369863,0.7427701674277016
658,0.000239503,3.67733e-05,0.36755531395756497,202.6079027355623,0.7416413373860182
659,0.000238804,3.66386e-05,0.36705786850826705,202.56752655538696,0.7435508345978755
660,0.000238795,3.6386e-05,0.36523282575354216,202.8439393939394,0.7454545454545455
661,0.000237793,3.63585e-05,0.3670525994888832,203.00756429652043,0.745839636913767
662,0.000236808,3.52319e-05,0.36539063624887164,203.25528700906344,0.7477341389728097
663,0.000236573,3.50077e-05,0.36470762465776296,203.2760180995475,0.7481146304675717
664,0.000236501,3.45622e-05,0.3658215800350622,203.18975903614458,0.7469879518072289
665,0.000236431,3.42046e-05,0.3645583036477862,203.3563909774436,0.7488721804511278
666,0.000236188,3.38912e-05,0.3630435617060027,203.57807807807808,0.7492492492492493
667,0.000236088,3.35033e-05,0.36428714536325396,203.52023988005996,0.7481259370314842
668,0.000235945,3.32057e-05,0.36542738831437216,203.438622754491,0.7485029940119761
669,0.000235795,3.31491e-05,0.3649167246608419,203.42152466367713,0.7488789237668162
670,0.000235562,3.30683e-05,0.364358397159502,203.4179104477612,0.7507462686567165
671,0.000234185,3.24481e-05,0.3646069902515643,203.1684053651267,0.7526080476900149
672,0.000234183,3.23854e-05,0.3648125683347812,202.9345238095238,0.7544642857142857
673,0.000234016,3.17445e-05,0.3636046035984168,203.09806835066865,0.7548291233283804
674,0.000233985,3.1587e-05,0.3632443491094605,203.05192878338278,0.7566765578635015
675,0.000233949,3.15268e-05,0.3649639849750216,203.17481481481482,0.7555555555555555
676,0.000232779,3.0945e-05,0.36404638186890376,203.26775147928993,0.757396449704142
677,0.000232429,3.08985e-05,0.3615812048928005,203.69423929098966,0.757754800590842
678,0.000232151,3.04321e-05,0.3628805786437954,203.65929203539824,0.7581120943952803
679,0.000231845,3.03705e-05,0.3644704916367717,203.7260677466863,0.7569955817378498
680,0.000229361,3.03527e-05,0.3657332706698144,203.68529411764706,0.7558823529411764
681,0.000229206,3.02494e-05,0.3670432042921323,203.66813509544787,0.7547723935389133
682,0.00022869,3.02305e-05,0.36830512379483404,203.63049853372434,0.7551319648093842
683,0.000227964,3.00341e-05,0.3684202616983404,203.43923865300147,0.7554904831625183
684,0.000227928,2.99634e-05,0.3662256432877725,203.81432748538012,0.7558479532163743
685,0.000227812,2.99245e-05,0.3666845235943887,203.52408759124089,0.7562043795620438
686,0.000226939,2.98079e-05,0.3677733348380034,203.42274052478135,0.7565597667638484
687,0.000226243,2.92683e-05,0.3671609931238254,203.45123726346435,0.7583697234352256
688,0.000225868,2.92625e-05,0.3686536691675535,203.48546511627907,0.7572674418604651
689,0.000225747,2.89475e-05,0.36913619573485557,203.21044992743106,0.7576197387518142
690,0.000225031,2.85816e-05,0.370729203697006,203.27246376811595,0.7579710144927536
691,0.000224469,2.82638e-05,0.36958067405159845,203.4356005788712,0.7597684515195369
692,0.000224226,2.72476e-05,0.37049089133466356,203.28323699421966,0.7586705202312138
693,0.00022422,2.71784e-05,0.3710731824303508,203.03607503607503,0.7575757575757576
694,0.000223579,2.71215e-05,0.3687271411678009,203.45533141210376,0.7593659942363112
695,0.000223481,2.68155e-05,0.3683460874224478,203.4273381294964,0.7597122302158273
696,0.000223057,2.65222e-05,0.3677217558135614,203.4655172413793,0.7614942528735632
697,0.00022238,2.64745e-05,0.3682744773884319,203.2051649928264,0.7618364418938307
698,0.000221866,2.64492e-05,0.36603940350125114,203.60744985673352,0.7636103151862464
699,0.000221758,2.60668e-05,0.3676483548924408,203.6695278969957,0.7625178826895566
700,0.000221277,2.60047e-05,0.36807350924562715,203.38571428571427,0.7628571428571429
701,0.000220955,2.59358e-05,0.3696481957378691,203.43651925820257,0.7617689015691869
702,0.000220791,2.58839e-05,0.3712815052202236,203.51282051282053,0.7606837606837606
703,0.000219897,2.55842e-05,0.37251902209780535,203.46799431009958,0.7610241820768137
704,0.000219854,2.54021e-05,0.37371163704257443,203.40625,0.7613636363636364
705,0.00021934,2.53998e-05,0.37416661461756845,203.1290780141844,0.7617021276595745
706,0.000219313,2.53175e-05,0.372403456500172,203.43909348441926,0.7620396600566572
707,0.000219298,2.5122e-05,0.3739304124493371,203.47666195190948,0.7609618104667609
708,0.000219235,2.50739e-05,0.37313382145892604,203.56497175141243,0.7627118644067796
709,0.000219234,2.49396e-05,0.371842198056004,203.77574047954866,0.763046544428773
710,0.000218873,2.49326e-05,0.37164101718624987,203.70704225352114,0.7633802816901408
711,0.000218655,2.4675e-05,0.37254486350356075,203.54992967651197,0.7637130801687764
712,0.000218181,2.45832e-05,0.37271917365860274,203.3511235955056,0.7654494382022472
713,0.000218032,2.41189e-05,0.37378534634814614,203.23562412342216,0.7657784011220197
714,0.000217559,2.40305e-05,0.3722943893022243,203.49719887955183,0.7675070028011205
715,0.000217524,2.38379e-05,0.37337637534375634,203.4,0.7678321678321678
716,0.000217519,2.35842e-05,0.3743141272697833,203.25418994413408,0.7681564245810056
717,0.00021727,2.35395e-05,0.37413488490850555,203.17712691771268,0.7698744769874477
718,0.000217099,2.32715e-05,0.3748759238942203,202.96796657381614,0.7701949860724234
719,0.000216931,2.29944e-05,0.37429030239822586,203.009735744089,0.7719054242002782
720,0.000216862,2.28601e-05,0.3719100060082777,203.4611111111111,0.7736111111111111
721,0.000216374,2.23534e-05,0.3720726846837784,203.27600554785022,0.7753120665742025
722,0.000216238,2.232e-05,0.37103048442037795,203.4376731301939,0.775623268698061
723,0.00021616,2.20828e-05,0.36994281664036616,203.60995850622407,0.7773167358229599
724,0.000215565,2.20182e-05,0.36784722925422125,204.0096685082873,0.7790055248618785
725,0.000215267,2.18091e-05,0.36486638381926345,204.58344827586208,0.7806896551724138
726,0.000214876,2.14425e-05,0.3664412775560476,204.61707988980717,0.7796143250688705
727,0.00021467,2.10977e-05,0.3664562969762224,204.50068775790922,0.781292984869326
728,0.000213103,2.10671e-05,0.3655213460436752,204.6510989010989,0.782967032967033
729,0.000212821,2.1037e-05,0.36308650093995054,205.12620027434843,0.7832647462277091
730,0.000212674,2.08928e-05,0.3629523703942564,205.06027397260274,0.7835616438356164
731,0.000212452,2.06431e-05,0.3643205298069283,205.02462380300958,0.7824897400820794
732,0.000212439,1.97491e-05,0.3653845794460034,204.89754098360655,0.7827868852459017
733,0.000212295,1.95248e-05,0.36563260057280383,204.7094133697135,0.7844474761255116
734,0.0002116,1.95153e-05,0.3648630815532091,204.82425068119892,0.784741144414169
735,0.000211044,1.92249e-05,0.3661983840269948,204.77278911564625,0.7850340136054422
736,0.000209517,1.88943e-05,0.36691505271256997,204.5366847826087,0.7853260869565217
737,0.000209516,1.85624e-05,0.3667231408240644,204.49118046132972,0.7856173677069199
738,0.000209403,1.8335e-05,0.3658580082925076,204.63550135501356,0.7872628726287263
739,0.00020929,1.82757e-05,0.365014549462366,204.77537212449255,0.7875507442489851
740,0.000209257,1.80357e-05,0.3666502699970837,204.81621621621622,0.7878378378378378
741,0.000209128,1.76718e-05,0.36609104951559857,204.8812415654521,0.7894736842105263
742,0.000209079,1.75829e-05,0.3661409804287813,204.766846361186,0.7911051212938005
743,0.000208931,1.73752e-05,0.3650030382462177,204.9757738896366,0.7913862718707941
744,0.000208892,1.70572e-05,0.3656463292642803,204.71505376344086,0.7903225806451613
745,0.000208347,1.69487e-05,0.36448431205282683,204.93422818791947,0.7919463087248322
746,0.000207976,1.67823e-05,0.3660009824231457,204.93163538873995,0.7908847184986595
747,0.00020753,1.66117e-05,0.3634060162120193,205.45649263721552,0.7911646586345381
748,0.000207454,1.65843e-05,0.36435647108361635,205.27941176470588,0.7914438502673797
749,0.000206955,1.65426e-05,0.3641617774895984,205.25100133511347,0.7930574098798397
750,0.000206913,1.63975e-05,0.36512392545482947,205.076,0.7933333333333333
751,0.000206864,1.6319e-05,0.3634626958952837,205.41411451398136,0.7949400798934754
752,0.000206324,1.58236e-05,0.36400820892804486,205.15824468085106,0.7965425531914894
753,0.000206106,1.56692e-05,0.36422106648121716,205.003984063745,0.798140770252324
754,0.000206102,1.54519e-05,0.36389959859927057,205.02254641909815,0.7997347480106101
755,0.0002053,1.53006e-05,0.36465713046085474,204.78543046357615,0.8
756,0.000205157,1.52294e-05,0.3626307204720525,205.20634920634922,0.8015873015873016
757,0.000204685,1.46082e-05,0.36054035447056654,205.64200792602378,0.8031704095112285
758,0.000204582,1.44672e-05,0.3608194421455275,205.47757255936676,0.8047493403693932
759,0.000204395,1.44597e-05,0.35844337335211385,205.9749670619236,0.8063241106719368
760,0.000204262,1.41238e-05,0.3566991829614662,206.34342105263158,0.8078947368421052
761,0.000203458,1.37784e-05,0.3578434847565428,206.21287779237844,0.8068331143232589
762,0.000203315,1.37199e-05,0.3593082028904376,206.1771653543307,0.8070866141732284
763,0.000201828,1.36485e-05,0.3593157953583285,206.1061598951507,0.8086500655307994
764,0.000201288,1.35845e-05,0.35970981128179585,205.90706806282722,0.8089005235602095
765,0.000200823,1.35596e-05,0.360918387774521,205.7986928104575,0.8091503267973856
766,0.000200794,1.35396e-05,0.36011597487377284,205.95691906005223,0.8107049608355091
767,0.000200602,1.33814e-05,0.3616347330568742,205.9374185136897,0.8109517601043025
768,0.000200457,1.32171e-05,0.3618711325772757,205.79296875,0.8111979166666666
769,0.000200155,1.2828e-05,0.3626164299833675,205.5474642392718,0.811443433029909
770,0.000200087,1.2816e-05,0.3639747419908623,205.4844155844156,0.8116883116883117
771,0.000199675,1.27978e-05,0.36246460569830197,205.810635538262,0.8132295719844358
772,0.000199582,1.26838e-05,0.3634509442874969,205.6321243523316,0.8121761658031088
773,0.000199115,1.2533e-05,0.363174166953447,205.64941785252265,0.8124191461836999
774,0.000198683,1.21995e-05,0.36336225411674666,205.5219638242894,0.8126614987080103
775,0.000198593,1.21803e-05,0.3643250217976586,205.33161290322582,0.8129032258064516
776,0.000198474,1.18934e-05,0.3643670840827852,205.24742268041237,0.8131443298969072
777,0.000197711,1.18048e-05,0.36597003736672384,205.25482625482624,0.8133848133848134
778,0.000197247,1.17259e-05,0.36527075872044423,205.39331619537276,0.8149100257069408
779,0.000197072,1.16048e-05,0.3646629629695704,205.50706033376125,0.8164313222079589
780,0.000196999,1.15856e-05,0.3656271446421209,205.31923076923076,0.8166666666666667
781,0.000196798,1.14741e-05,0.36622733219677733,205.0819462227913,0.8181818181818182
782,0.000196715,1.14473e-05,0.36509747994698066,205.32608695652175,0.8184143222506394
783,0.000195783,1.14009e-05,0.3655694465998131,205.12260536398466,0.8199233716475096
784,0.000195756,1.12384e-05,0.36538295505130164,205.11607142857142,0.8201530612244898
785,0.000195431,1.12368e-05,0.36408807371696583,205.40254777070064,0.8203821656050956
786,0.000194973,1.08664e-05,0.36483098301693434,205.15139949109414,0.8206106870229007
787,0.000194557,1.0356e-05,0.3650548594287492,205.0279542566709,0.8221092757306226
788,0.000193851,1.03495e-05,0.36415734776030767,205.2246192893401,0.8236040609137056
789,0.000193782,1.02909e-05,0.3638261563285289,205.27503168567807,0.8250950570342205
790,0.000193758,1.02621e-05,0.36344092576922765,205.34303797468354,0.8265822784810126
791,0.000192886,9.91967e-06,0.36270121573637915,205.5069532237674,0.8268015170670038
792,0.000191563,9.77508e-06,0.3633591977925395,205.27272727272728,0.827020202020202
793,0.000191133,9.71002e-06,0.3626402146313438,205.4312736443884,0.8284993694829761
794,0.00019107,9.67853e-06,0.3630513260735693,205.26322418136021,0.8299748110831234
795,0.000190416,9.42294e-06,0.3612571665754998,205.67044025157233,0.8314465408805032
796,0.000190285,9.38767e-06,0.3620403306479199,205.41959798994975,0.8304020100502513
797,0.000190027,9.27149e-06,0.36155426056654905,205.52446675031368,0.8318695106649937
798,0.000189739,9.13066e-06,0.36310406364774717,205.5,0.8320802005012531
799,0.000189573,9.00551e-06,0.3643344348586117,205.37922403003753,0.8310387984981227
800,0.000189462,8.33101e-06,0.3642402444313663,205.36625,0.8325
801,0.000189421,8.28981e-06,0.3655280360928859,205.26466916354556,0.83270911360799
802,0.000188529,7.75505e-06,0.36658099847336056,205.09476309226932,0.8329177057356608
803,0.000188235,7.36563e-06,0.36678597215904346,204.98879202988792,0.8343711083437111
804,0.000188233,7.33574e-06,0.36664493015187766,204.98880597014926,0.835820895522388
805,0.000188065,7.23359e-06,0.36545589669073736,205.26459627329191,0.8360248447204969
806,0.000188002,7.23291e-06,0.36517479952388293,205.31141439205956,0.8374689826302729
807,0.000187683,7.2075e-06,0.36449116830009204,205.4708798017348,0.8376703841387856
808,0.00018754,7.18406e-06,0.36352454930991823,205.69678217821783,0.8378712871287128
809,0.000187389,7.16649e-06,0.36348254703096516,205.6761433868974,0.8393077873918418
810,0.000186511,7.12646e-06,0.3623439429019508,205.94444444444446,0.8407407407407408
811,0.000186244,7.08616e-06,0.3619435873161663,206.03699136868065,0.840937114673243
812,0.00018571,6.96493e-06,0.3622395908473179,205.92241379310346,0.8423645320197044
813,0.000185402,6.95065e-06,0.3603184100707757,206.37269372693726,0.8437884378843789
814,0.000185374,6.93619e-06,0.3599680256765788,206.45454545454547,0.8452088452088452
815,0.000185371,6.91395e-06,0.3606824749140754,206.23067484662576,0.8466257668711656
816,0.000185282,6.88489e-06,0.35892932594971105,206.64705882352942,0.8480392156862745
817,0.000184144,6.75612e-06,0.35865666873205676,206.70991432068544,0.8494492044063647
818,0.000183842,6.68761e-06,0.35869251314933814,206.67848410757946,0.8508557457212714
819,0.000183675,6.66794e-06,0.3587062144282373,206.65567765567766,0.8522588522588522
820,0.000183137,6.34078e-06,0.35869197815933346,206.64268292682928,0.8536585365853658
821,0.000183122,6.31472e-06,0.35994527783717833,206.51278928136418,0.853836784409257
822,0.000183111,6.29886e-06,0.3590843151408453,206.7287104622871,0.8552311435523114
823,0.000182585,6.26211e-06,0.3588561799251524,206.77885783718105,0.8566221142162819
824,0.000181575,5.92178e-06,0.3602472015823402,206.68446601941747,0.8567961165048543
825,0.000180698,5.86687e-06,0.35813233029213554,207.1878787878788,0.8581818181818182
826,0.000180554,5.81992e-06,0.3567280897033553,207.53753026634382,0.8595641646489104
827,0.000180373,5.417e-06,0.35736443073610136,207.35066505441355,0.8609431680773881
828,0.000180363,5.37685e-06,0.35881738724107454,207.27053140096618,0.8599033816425121
829,0.000180077,5.32163e-06,0.36036427155197465,207.2291917973462,0.8600723763570567
830,0.00017977,5.17836e-06,0.358493116243081,207.68192771084338,0.8614457831325302
831,0.000179272,4.93631e-06,0.3597992834870809,207.56077015643802,0.8616125150421179
832,0.000178803,4.93457e-06,0.3600017934862622,207.4939903846154,0.8629807692307693
833,0.000178327,4.88739e-06,0.3609958805581959,207.28571428571428,0.8631452581032413
834,0.000178089,4.86853e-06,0.35960335156164674,207.6378896882494,0.8645083932853717
835,0.000177962,4.72919e-06,0.36076962732073464,207.47784431137725,0.8634730538922155
836,0.000177652,4.70991e-06,0.3620811421387867,207.35765550239233,0.8624401913875598
837,0.00017758,4.67375e-06,0.36215345611421923,207.32616487455198,0.8626045400238949
838,0.000177543,4.50771e-06,0.3631225896596957,207.1109785202864,0.8627684964200477
839,0.000177204,4.4293e-06,0.36427666229105754,206.94994040524435,0.8629320619785459
840,0.000177199,4.42267e-06,0.36499001786463026,206.74285714285713,0.8642857142857143
841,0.000177142,4.33867e-06,0.3640823906951028,206.9821640903686,0.8644470868014269
842,0.000176499,3.8707e-06,0.36408466914589044,206.97387173396675,0.8646080760095012
843,0.00017629,3.85943e-06,0.36523270475730274,206.81020166073546,0.863582443653618
844,0.000176222,3.83879e-06,0.36607349917322535,206.57582938388626,0.8649289099526066
845,0.000175989,3.80928e-06,0.3670915716815237,206.3775147928994,0.8650887573964497
846,0.000175814,3.6767e-06,0.3670938311778197,206.36761229314422,0.8652482269503546
847,0.000175572,3.60124e-06,0.36778445938343923,206.17001180637544,0.8654073199527745
848,0.000175332,3.57222e-06,0.36888013310071877,205.99174528301887,0.8643867924528302
849,0.000175272,3.45435e-06,0.3703168687872608,205.9093050647821,0.8645465253239105
850,0.000175186,3.44613e-06,0.37004693417472534,205.97764705882352,0.8658823529411764
851,0.00017477,3.41291e-06,0.3699403745636694,206.00117508813162,0.8660399529964747
852,0.000174712,3.36416e-06,0.369869154032275,206.01525821596243,0.8673708920187794
853,0.000174675,3.32835e-06,0.37112644563884023,205.8780773739742,0.8675263774912075
854,0.000174506,3.29187e-06,0.3704082991405912,206.0737704918033,0.8688524590163934
855,0.000174183,3.22965e-06,0.3713606028196955,205.85730994152047,0.8690058479532163
856,0.000173856,3.1935e-06,0.3689325694551313,206.44976635514018,0.8703271028037384
857,0.00017376,3.15072e-06,0.36893855022792194,206.44807467911318,0.8716452742123687
858,0.000173551,3.10006e-06,0.368859180884464,206.46969696969697,0.872960372960373
859,0.000172813,2.89615e-06,0.3679786600385195,206.71245634458674,0.8731082654249127
860,0.000172599,2.88816e-06,0.36886911344906614,206.47441860465116,0.8732558139534884
861,0.00017252,2.83946e-06,0.37024872410254994,206.3658536585366,0.8734030197444832
862,0.000172237,2.74173e-06,0.37073436264233356,206.2354988399072,0.8747099767981439
863,0.000172191,2.6612e-06,0.3721711777716915,206.14484356894553,0.8748551564310545
864,0.000171768,2.64969e-06,0.373168497554756,205.9398148148148,0.875
865,0.000171534,2.63606e-06,0.3746124687068071,205.85549132947978,0.8751445086705202
866,0.000171125,2.57539e-06,0.375399985849813,205.63856812933025,0.8752886836027713
867,0.000170965,2.52163e-06,0.37460326762337426,205.86274509803923,0.8765859284890427
868,0.000170942,2.45781e-06,0.37547023141198915,205.6278801843318,0.8778801843317973
869,0.000170808,2.36237e-06,0.37642501368868186,205.4119677790564,0.8780207134637514
870,0.00017074,2.30988e-06,0.3766098919489187,205.36091954022987,0.8793103448275862
871,0.000170735,2.2953e-06,0.37676917371949575,205.3203214695752,0.8805970149253731
872,0.000170567,2.26856e-06,0.37736122320841753,205.16169724770643,0.8807339449541285
873,0.000170508,2.24903e-06,0.3774635306175302,205.13860252004582,0.8820160366552119
874,0.000170303,2.24498e-06,0.3771843025110677,205.2196796338673,0.8832951945080092
875,0.000169759,2.22134e-06,0.37746240923524815,205.152,0.8845714285714286
876,0.000169678,2.02001e-06,0.3782157576203579,204.95662100456622,0.8858447488584474
877,0.000169643,1.97996e-06,0.3777437321920126,205.0957810718358,0.887115165336374
878,0.000169551,1.9727e-06,0.37847546444535524,204.9100227790433,0.8883826879271071
879,0.000169317,1.94749e-06,0.3770390055992001,205.2957906712173,0.888509670079636
880,0.000169176,1.89228e-06,0.3770068996369109,205.31477272727273,0.8897727272727273
881,0.000168726,1.72309e-06,0.37622326930078415,205.54370034052212,0.8910329171396141
882,0.000168711,1.71618e-06,0.37745241242127875,205.38888888888889,0.8900226757369615
883,0.000168499,1.65913e-06,0.37702890967603203,205.519818799547,0.8912797281993206
884,0.000168113,1.63506e-06,0.3768548921241519,205.57805429864254,0.8925339366515838
885,0.000167687,1.59799e-06,0.377112735016714,205.52542372881356,0.8937853107344633
886,0.000167609,1.57681e-06,0.376886376766802,205.59932279909705,0.8950338600451467
887,0.000167445,1.52869e-06,0.37826592066768466,205.4859075535513,0.895152198421646
888,0.000166899,1.50572e-06,0.3777821508150648,205.63400900900902,0.8963963963963963
889,0.000166356,1.50323e-06,0.3773781369115718,205.7615298087739,0.8976377952755905
890,0.000166145,1.43352e-06,0.3778672891742116,205.64943820224718,0.8977528089887641
891,0.000165984,1.42336e-06,0.37818431277134795,205.58361391694726,0.898989898989899
892,0.000165851,1.38035e-06,0.37886384883222757,205.4248878923767,0.9002242152466368
893,0.00016535,1.34427e-06,0.38024492972894364,205.31131019036954,0.9003359462486002
894,0.000165127,1.30414e-06,0.3802635715818656,205.32662192393735,0.901565995525727
895,0.000164804,1.19622e-06,0.37937382597085856,205.58659217877096,0.9027932960893855
896,0.000164759,1.17209e-06,0.3794323366826781,205.59375,0.9040178571428571
897,0.000164322,1.12306e-06,0.37974595345868883,205.53177257525084,0.9052396878483835
898,0.000164112,1.1132e-06,0.3785501021101482,205.8641425389755,0.9064587973273942
899,0.000163962,1.1013e-06,0.37906059821582627,205.75417130144606,0.9076751946607341
900,0.000163495,1.08166e-06,0.37919957879101857,205.7411111111111,0.9088888888888889
901,0.000162806,1.0452e-06,0.3779977531113407,206.0788013318535,0.9100998890122086
902,0.000162332,1.03103e-06,0.3790373089244793,205.8658536585366,0.9101995565410199
903,0.000162073,1.00497e-06,0.3803880884711985,205.73864894795128,0.9102990033222591
904,0.000161984,9.9118e-07,0.3808180950645443,205.65265486725664,0.9103982300884956
905,0.000161802,9.82674e-07,0.37967826196461885,205.9767955801105,0.9116022099447514
906,0.000161732,9.47687e-07,0.38039391215609153,205.82119205298014,0.9116997792494481
907,0.000161557,9.16224e-07,0.3816044228050349,205.65270121278942,0.9117971334068358
908,0.000161226,9.10423e-07,0.3820582717611234,205.56167400881057,0.9129955947136564
909,0.000161221,9.0585e-07,0.3814018180917806,205.76897689768978,0.9141914191419142
910,0.000160887,8.87545e-07,0.38114143200674866,205.86483516483517,0.9153846153846154
911,0.000160876,8.78229e-07,0.3806810300011575,206.019758507135,0.9165751920965971
912,0.000160411,8.54001e-07,0.3793912360037461,206.38486842105263,0.9177631578947368
913,0.000160311,8.08229e-07,0.3791462250274455,206.48083242059147,0.91894852135816
914,0.000160146,7.79147e-07,0.3789900548966688,206.55689277899344,0.9201312910284464
915,0.000159111,7.52e-07,0.37830993089901727,206.77704918032788,0.921311475409836
916,0.000159011,7.42485e-07,0.3771092861687918,207.12336244541484,0.9224890829694323
917,0.000158558,7.31922e-07,0.37660585901206606,207.29552889858235,0.9236641221374046
918,0.000158429,7.11887e-07,0.37609185025062025,207.47167755991285,0.9237472766884531
919,0.000158217,6.97703e-07,0.3755151776646969,207.6670293797606,0.9249183895538629
920,0.000158207,6.7818e-07,0.3751837715664397,207.7967391304348,0.9260869565217391
921,0.000157868,6.59053e-07,0.37641313366066637,207.6199782844734,0.9261672095548317
922,0.000157757,6.50737e-07,0.37768102868622366,207.45553145336225,0.9262472885032538
923,0.000157747,6.19633e-07,0.3763832174901688,207.82990249187432,0.9274106175514626
924,0.000157575,6.12037e-07,0.37558494977460327,208.08766233766235,0.9285714285714286
925,0.00015753,6.06046e-07,0.3755497549432253,208.14594594594595,0.9297297297297298
926,0.000157517,6.01105e-07,0.37488106343036864,208.37041036717062,0.9308855291576674
927,0.000157479,5.91171e-07,0.37570785681775637,208.20496224379718,0.9320388349514563
928,0.00015743,5.89172e-07,0.37639304624816916,208.07866379310346,0.9331896551724138
929,0.000157214,5.73263e-07,0.37740151790224097,207.8665231431647,0.9343379978471474
930,0.000157185,5.64368e-07,0.37698574833150056,208.0258064516129,0.9354838709677419
931,0.000156773,5.3877e-07,0.37727080058558665,208.00107411385608,0.9355531686358755
932,0.000156102,4.98063e-07,0.3777681225231306,207.92381974248926,0.9356223175965666
933,0.000156001,4.96708e-07,0.37902375352935463,207.7534833869239,0.9356913183279743
934,0.000155735,4.68181e-07,0.3789901781116331,207.81477516059957,0.936830835117773
935,0.000155652,4.30467e-07,0.3780924756869908,208.10053475935828,0.9379679144385027
936,0.000155618,3.8424e-07,0.3765372920808849,208.54700854700855,0.9391025641025641
937,0.000155278,3.77456e-07,0.37576550885911014,208.80469583778014,0.9402347918890075
938,0.000154765,3.65634e-07,0.37548995625262527,208.93283582089552,0.94136460554371
939,0.000154743,3.65546e-07,0.3759254570661872,208.87752928647498,0.9424920127795527
940,0.000154637,3.62297e-07,0.37548135803318466,209.05212765957447,0.9436170212765957
941,0.000154488,3.61432e-07,0.3755108593292238,209.10626992561106,0.944739638682253
942,0.00015441,3.31228e-07,0.375735683157565,209.10828025477707,0.945859872611465
943,0.000154055,3.28261e-07,0.37686155093150675,208.89395546129376,0.9459172852598091
944,0.000154034,3.27792e-07,0.37561601948369616,209.26800847457628,0.9470338983050848
945,0.000153905,3.24968e-07,0.37685675820214487,209.08465608465607,0.9470899470899471
946,0.000153673,3.21359e-07,0.3769213473847648,209.13213530655392,0.9482029598308668
947,0.000153628,3.09744e-07,0.37499120957404025,209.6779303062302,0.9493136219640972
948,0.000153447,3.07616e-07,0.37554343891174,209.6012658227848,0.95042194092827
949,0.000153417,2.95536e-07,0.3751432499938404,209.768177028451,0.9515279241306639
950,0.00015246,2.72239e-07,0.3747505681889812,209.9336842105263,0.9526315789473684
951,0.000152457,2.62884e-07,0.37293084612435945,210.45636172450054,0.953732912723449
952,0.000152144,2.44823e-07,0.37162382324668025,210.85294117647058,0.9548319327731093
953,0.000152109,2.26587e-07,0.37106436448430097,211.06610703043023,0.9559286463798531
954,0.000152004,2.21928e-07,0.37053503174927627,211.27253668763103,0.9559748427672956
955,0.000151837,2.20947e-07,0.37157668628852913,211.07539267015707,0.9570680628272251
956,0.000151756,2.17225e-07,0.3725014485549,210.90899581589957,0.9581589958158996
957,0.000151352,2.05809e-07,0.3737035340824254,210.70532915360502,0.9582027168234065
958,0.000151168,2.0214e-07,0.374391500919175,210.60229645093946,0.9592901878914405
959,0.000150985,1.80403e-07,0.37395901476095955,210.78623566214807,0.9603753910323254
960,0.000150838,1.78608e-07,0.37354272412987377,210.96666666666667,0.9614583333333333
961,0.000150512,1.68806e-07,0.3734070124514556,211.07596253902184,0.9625390218522373
962,0.000150496,1.68647e-07,0.37187567943548994,211.53534303534303,0.9636174636174636
963,0.000150248,1.44745e-07,0.37258002709419863,211.43198338525443,0.9646936656282451
964,0.000150121,1.43735e-07,0.3730673649810261,211.38381742738588,0.9657676348547718
965,0.000150033,1.40803e-07,0.3734422349046886,211.3637305699482,0.966839378238342
966,0.000149998,1.38356e-07,0.3742631590806164,211.231884057971,0.9679089026915114
967,0.000149908,1.37803e-07,0.37555306004275785,211.04653567735264,0.9669079627714581
968,0.000149895,1.21459e-07,0.37587748583170943,211.03925619834712,0.9679752066115702
969,0.000149867,1.21169e-07,0.37522534864428336,211.28173374613004,0.9690402476780186
970,0.000149654,1.20809e-07,0.37527515376182635,211.34948453608249,0.9701030927835051
971,0.000149573,1.20785e-07,0.3765576741565971,211.16271884654995,0.9701338825952626
972,0.00014956,1.16039e-07,0.37515350001239517,211.59465020576133,0.9711934156378601
973,0.000149225,1.14787e-07,0.3753424512693017,211.62692702980473,0.9722507708119219
974,0.000148675,1.12607e-07,0.3761355110949534,211.50718685831623,0.973305954825462
975,0.000148513,1.10021e-07,0.3768423912416044,211.40923076923076,0.9743589743589743
976,0.000148451,1.09855e-07,0.3774846337587558,211.32889344262296,0.9754098360655737
977,0.000148423,1.08316e-07,0.3768167617675379,211.57932446264073,0.9764585465711362
978,0.000147837,1.04809e-07,0.37540358239904187,212.01738241308794,0.9775051124744376
979,0.000147812,9.17885e-08,0.3766712168957239,211.82226762002043,0.9775280898876404
980,0.000147594,8.46157e-08,0.3778015653225513,211.61938775510205,0.9775510204081632
981,0.000147571,8.2989e-08,0.37703548756546174,211.8980632008155,0.9785932721712538
982,0.000147428,7.93334e-08,0.37821290695630755,211.68431771894095,0.9796334012219959
983,0.000147345,7.81672e-08,0.3791879250601586,211.52187182095625,0.9806714140386572
984,0.000147224,7.77496e-08,0.3792546246090248,211.58841463414635,0.9817073170731707
985,0.000147196,7.43591e-08,0.3798877263504626,211.51370558375635,0.9827411167512691
986,0.000147133,6.36585e-08,0.3799264627903938,211.58924949290062,0.9837728194726166
987,0.000147039,6.03714e-08,0.3779934051324411,212.161094224924,0.9848024316109423
988,0.00014682,4.47251e-08,0.3780424650442174,212.23582995951418,0.9858299595141701
989,0.000146796,3.20402e-08,0.37884991879307267,212.12133468149645,0.9868554095045501
990,0.000146548,2.87913e-08,0.3799086720683744,211.94343434343435,0.9878787878787879
991,0.000146476,2.76843e-08,0.3792764978510546,212.19172552976792,0.9889001009081736
992,0.000146415,2.51756e-08,0.37907943576831454,212.3296370967742,0.9899193548387096
993,0.000146354,2.03932e-08,0.37876666785122887,212.4984894259819,0.9909365558912386
994,0.000146251,1.88221e-08,0.37841589153864097,212.67806841046277,0.9919517102615694
995,0.000146105,1.80519e-08,0.3768544703948929,213.16281407035177,0.992964824120603
996,0.000145865,1.62841e-08,0.37706441551593883,213.20281124497993,0.9939759036144579
997,0.000145784,1.51989e-08,0.3762274536739164,213.50752256770312,0.9949849548645938
998,0.000145462,1.37693e-08,0.37709157240434915,213.38577154308618,0.9959919839679359
999,0.00014545,1.35957e-08,0.3757308167195304,213.82282282282281,0.996996996996997
1000,0.000145141,1.35167e-08,0.375906282188659,213.875,0.998
1001,0.00014489,9.63335e-09,0.3756027728301303,214.04795204795204,0.999000999000999
1002,0.000144695,8.83986e-09,0.3748829761886448,214.32634730538922,1.0
