0 3
0 36
0 12
0 44
0 45
0 30
1 35
1 37
1 44
1 48
1 17
1 49
1 31
2 4
2 39
2 9
2 41
2 46
2 19
3 43
3 38
4 3
4 5
4 37
4 8
4 42
4 45
4 18
4 30
5 1
5 28
5 6
5 23
6 33
6 13
6 22
7 27
7 4
8 44
9 32
9 43
9 14
9 47
9 29
10 1
10 42
10 44
10 15
10 23
11 32
11 1
11 2
11 7
11 48
12 33
12 16
12 19
12 21
12 22
12 29
13 25
13 35
13 44
13 41
14 1
14 10
14 11
14 47
14 17
14 18
14 22
14 29
15 26
15 21
15 14
16 2
16 44
17 40
17 41
17 18
17 19
17 22
17 24
18 38
18 7
18 11
18 13
18 48
18 27
19 18
19 30
19 7
20 1
20 4
20 45
20 13
20 14
21 4
21 8
21 41
21 10
21 44
21 29
22 36
22 5
22 41
22 12
22 45
22 26
23 12
23 7
24 19
24 5
24 6
25 33
25 43
25 5
25 41
26 19
26 20
26 21
26 23
26 24
27 4
27 40
27 43
27 11
27 47
27 24
28 7
29 32
29 5
29 8
29 10
29 13
29 47
29 22
30 40
30 44
30 45
30 14
30 28
30 29
31 32
31 2
31 3
31 34
31 37
31 38
31 43
32 36
32 39
32 8
32 44
32 45
32 48
32 21
32 23
32 24
33 32
33 3
33 40
33 42
33 48
33 23
33 31
34 0
34 9
34 10
34 21
35 33
35 47
35 18
35 19
35 21
35 24
36 32
36 23
37 46
37 5
37 30
38 24
38 43
38 35
38 45
39 38
39 41
39 14
39 49
40 39
40 41
40 42
40 13
40 25
41 1
41 34
41 36
41 9
41 10
41 13
41 14
41 31
42 1
42 4
42 11
42 43
42 47
42 17
42 31
43 4
43 23
43 44
43 7
44 3
44 8
44 11
44 13
44 15
44 19
44 24
44 28
45 2
45 11
45 44
45 46
45 49
45 19
45 22
45 25
46 27
46 35
46 19
46 5
47 32
47 18
47 37
47 31
48 0
48 34
48 13
48 20
48 28
49 39
49 9
49 42
49 48
49 19
49 25
