0 34
0 36
0 14
0 15
0 19
0 22
0 30
1 35
1 7
1 12
1 19
1 20
1 22
1 24
1 31
2 10
2 18
2 20
3 42
3 22
4 48
4 11
4 22
4 7
5 32
5 43
5 36
5 46
6 9
6 25
7 38
7 44
7 26
7 29
7 30
8 33
8 40
8 9
8 22
8 24
9 35
9 5
9 7
9 8
9 42
9 46
9 15
9 49
9 18
9 20
9 27
10 8
10 44
10 37
10 30
11 34
11 3
11 4
11 5
11 45
11 18
11 23
12 1
12 36
12 7
12 42
12 15
12 47
12 27
13 33
14 33
14 4
14 38
14 25
14 28
15 3
15 37
15 12
15 13
15 14
15 45
15 24
15 27
16 43
16 36
16 45
16 47
17 34
17 39
17 9
17 46
17 19
17 22
18 34
18 36
18 6
18 43
18 13
18 45
18 16
18 29
19 4
19 39
19 40
19 10
19 47
19 49
19 21
20 2
20 22
21 16
21 28
21 44
21 15
22 38
23 40
23 17
23 25
23 28
23 31
24 5
24 37
24 8
24 15
24 21
24 29
24 30
25 5
25 40
25 14
25 48
25 27
26 34
26 3
26 39
26 8
26 13
26 48
26 23
27 1
27 2
27 19
28 3
28 4
28 38
28 7
28 9
28 17
29 4
29 10
29 43
29 15
29 47
29 19
29 20
29 28
30 0
30 3
30 8
30 15
30 28
30 29
31 2
31 18
32 5
32 41
32 42
32 47
32 20
32 29
33 8
33 24
33 19
34 1
34 3
34 37
34 45
34 15
35 25
35 19
35 46
35 23
36 2
36 7
36 49
36 27
36 30
37 5
37 6
37 47
38 1
38 40
38 45
38 24
38 25
39 1
39 6
39 10
39 12
39 13
39 26
39 28
40 34
40 8
40 10
40 47
40 21
41 8
41 43
41 14
42 1
42 38
42 15
42 23
42 28
42 31
43 34
43 37
43 44
43 13
43 48
43 18
43 21
44 47
44 11
44 39
44 15
45 39
45 42
45 12
45 48
45 19
45 23
46 37
46 12
46 13
46 15
46 22
47 33
47 44
47 14
47 49
47 21
47 25
48 1
48 2
48 6
48 7
48 10
48 25
49 39
49 40
49 44
49 48
49 25
