0 34
0 13
0 46
0 15
0 20
0 28
0 31
1 39
1 12
1 21
1 31
2 33
2 4
2 37
2 7
2 41
2 13
2 22
2 23
2 25
3 0
3 13
3 47
3 49
3 18
4 2
4 34
4 35
4 6
4 7
4 17
5 3
5 37
5 41
5 46
5 48
5 30
6 1
6 4
6 40
6 20
6 30
7 2
7 3
7 5
7 38
7 39
7 14
7 30
8 16
8 10
8 29
8 23
9 2
9 4
9 6
9 41
9 12
10 37
10 44
10 13
10 16
10 22
10 29
10 31
11 35
11 37
11 8
11 44
11 19
12 0
12 2
12 5
12 41
12 22
12 26
12 30
13 8
13 9
13 43
13 17
13 24
13 25
13 26
13 27
14 0
14 24
14 27
14 39
15 0
15 45
16 36
16 7
16 48
16 19
16 26
17 32
17 36
17 10
17 44
17 30
18 0
18 33
18 45
18 46
18 24
18 25
18 29
19 36
19 41
19 46
19 17
19 21
20 5
21 37
21 38
21 42
21 18
21 24
22 8
22 10
22 11
22 13
22 18
23 40
23 2
23 6
23 14
24 1
24 13
24 5
25 48
25 49
25 42
26 4
26 8
26 41
26 14
26 17
26 30
27 7
27 42
27 43
27 14
27 21
27 23
28 49
28 45
28 6
29 8
29 24
29 45
30 9
30 41
30 25
30 7
31 32
31 47
31 16
31 18
31 24
32 37
32 8
32 9
32 12
32 48
32 23
32 26
33 34
33 3
33 36
33 37
33 49
33 30
34 2
34 3
34 9
34 15
34 19
35 37
35 3
35 13
35 38
36 1
36 7
36 45
36 17
36 20
37 16
37 33
37 19
37 41
38 23
39 2
39 42
39 31
40 26
40 4
40 44
41 32
41 7
41 42
41 12
41 27
42 5
42 7
42 10
42 17
42 20
42 21
42 23
42 24
43 3
43 38
44 4
44 12
44 18
44 19
44 27
44 28
45 3
45 37
45 9
45 17
45 18
45 23
45 25
46 10
46 29
46 5
47 40
47 20
47 6
47 22
48 34
48 5
48 7
48 44
48 13
48 21
48 25
48 30
49 46
49 25
49 22
49 39
