N,min_psi_emul,min_psi_model,kendall,mean_dist,common_users_prop
2,0.0246795,0.0638813,-1.0,1.0,1.0
3,0.0132962,0.0475634,0.33333333333333337,7.333333333333333,1.0
4,0.0115281,0.0180051,0.3333333333333334,5.75,1.0
5,0.00707264,0.0131892,0.39999999999999997,4.6,1.0
6,0.00705449,0.0128141,0.4666666666666666,4.0,0.8
7,0.00676817,0.0123262,0.5238095238095238,4.857142857142857,0.8333333333333334
8,0.00670059,0.0119415,0.6428571428571428,6.625,0.7142857142857143
9,0.00622213,0.0118157,0.7222222222222222,10.777777777777779,0.625
10,0.00621296,0.0116374,0.6,9.8,0.5555555555555556
11,0.00615348,0.0113183,0.6363636363636364,11.909090909090908,0.6
12,0.00600937,0.0111508,0.5454545454545454,11.083333333333334,0.5454545454545454
13,0.0054696,0.0101271,0.564102564102564,11.384615384615385,0.5
14,0.00527524,0.00950504,0.45054945054945056,10.928571428571429,0.6153846153846154
15,0.00523558,0.00942349,0.37142857142857144,10.533333333333333,0.6428571428571429
16,0.00496658,0.00909739,0.2833333333333333,10.375,0.6666666666666666
17,0.00488412,0.00829476,0.3529411764705882,11.588235294117647,0.6875
18,0.00466055,0.00808714,0.4248366013071896,49.22222222222222,0.6470588235294118
19,0.00456843,0.00763326,0.47368421052631576,48.63157894736842,0.6111111111111112
20,0.00454685,0.00715972,0.35789473684210527,47.0,0.631578947368421
21,0.00436353,0.00714569,0.34285714285714286,44.857142857142854,0.65
22,0.0043589,0.00713148,0.3939393939393939,45.18181818181818,0.6190476190476191
23,0.00434135,0.00705145,0.35968379446640314,43.52173913043478,0.6818181818181818
24,0.00432759,0.00702477,0.34057971014492755,41.958333333333336,0.6956521739130435
25,0.00413664,0.0065104,0.3866666666666666,43.88,0.6666666666666666
26,0.00406731,0.00618393,0.37230769230769234,42.34615384615385,0.68
27,0.00401162,0.00593685,0.36752136752136755,40.851851851851855,0.7307692307692307
28,0.00387225,0.0059285,0.328042328042328,39.857142857142854,0.7777777777777778
29,0.00384192,0.00571765,0.3596059113300492,39.793103448275865,0.75
30,0.00374628,0.00537636,0.3977011494252874,41.63333333333333,0.7241379310344828
31,0.00371083,0.00537172,0.41935483870967744,41.483870967741936,0.7
32,0.00358594,0.00519538,0.4516129032258065,50.53125,0.6774193548387096
33,0.00345763,0.00478939,0.4242424242424242,49.36363636363637,0.6875
34,0.00342922,0.00478932,0.358288770053476,48.73529411764706,0.696969696969697
35,0.00340631,0.00469038,0.35798319327731093,47.371428571428574,0.6764705882352942
36,0.00339288,0.00467287,0.38095238095238104,47.416666666666664,0.6857142857142857
37,0.0033726,0.00463547,0.37537537537537535,46.351351351351354,0.6944444444444444
38,0.00332147,0.0045329,0.3712660028449502,45.3421052631579,0.7027027027027027
39,0.00309363,0.00436811,0.4008097165991903,53.205128205128204,0.6842105263157895
40,0.00308609,0.00423173,0.4230769230769231,55.475,0.6666666666666666
41,0.00308175,0.00415115,0.4341463414634146,54.951219512195124,0.65
42,0.00300105,0.0039726,0.41231126596980255,54.07142857142857,0.6585365853658537
43,0.00297695,0.0037785,0.43300110741971204,57.0,0.6428571428571429
44,0.0029752,0.00355073,0.4334038054968287,56.11363636363637,0.6511627906976745
45,0.00288886,0.00341774,0.45050505050505046,58.577777777777776,0.6363636363636364
46,0.00287918,0.00336646,0.4628019323671498,60.08695652173913,0.6222222222222222
47,0.00285927,0.00333355,0.42090656799259946,59.5531914893617,0.6304347826086957
48,0.00274122,0.0032094,0.4024822695035461,58.770833333333336,0.6595744680851063
49,0.00273933,0.00313039,0.42517006802721086,70.53061224489795,0.6458333333333334
50,0.00267516,0.00306514,0.39755102040816326,69.72,0.6530612244897959
51,0.00257086,0.00304048,0.3976470588235295,68.6470588235294,0.64
52,0.00250887,0.00295174,0.40874811463046756,69.32692307692308,0.6274509803921569
53,0.00246639,0.0029307,0.4005805515239478,68.15094339622641,0.6538461538461539
54,0.00245788,0.00289957,0.41998602375960864,73.16666666666667,0.6415094339622641
55,0.00245559,0.00283941,0.4154882154882156,71.94545454545455,0.6296296296296297
56,0.002449,0.00257786,0.4311688311688312,76.23214285714286,0.6181818181818182
57,0.00240868,0.00256785,0.43358395989974946,75.3157894736842,0.625
58,0.00239229,0.00256557,0.4240774349667271,74.13793103448276,0.631578947368421
59,0.00239205,0.0025345,0.42372881355932196,73.11864406779661,0.6206896551724138
60,0.0023546,0.00240223,0.43163841807909603,73.63333333333334,0.6101694915254238
61,0.00232599,0.00240063,0.448087431693989,80.42622950819673,0.6166666666666667
62,0.00231675,0.0023412,0.41406663141195144,79.91935483870968,0.639344262295082
63,0.00231032,0.00231348,0.4234511008704557,80.63492063492063,0.6290322580645161
64,0.00220988,0.00225992,0.4097222222222222,79.796875,0.6349206349206349
65,0.00218124,0.00216765,0.41250000000000003,79.29230769230769,0.625
66,0.00216174,0.00216672,0.4219114219114219,80.0,0.6307692307692307
67,0.00213324,0.00211844,0.41564902758932615,78.83582089552239,0.6515151515151515
68,0.00212806,0.00209066,0.4003511852502194,78.19117647058823,0.6716417910447762
69,0.00212217,0.00203694,0.39471440750213127,77.14492753623189,0.6764705882352942
70,0.00203589,0.00198392,0.3805383022774327,76.54285714285714,0.6811594202898551
71,0.00201783,0.00195753,0.38350100603621734,75.69014084507042,0.6714285714285714
72,0.00195836,0.00190474,0.3818466353677621,74.66666666666667,0.676056338028169
73,0.00192256,0.00189327,0.3873668188736682,74.67123287671232,0.6805555555555556
74,0.00190602,0.00186911,0.3898556090336912,73.9054054054054,0.684931506849315
75,0.00188633,0.00185785,0.38162162162162167,73.13333333333334,0.7027027027027027
76,0.00186188,0.00184072,0.3964912280701755,79.17105263157895,0.6933333333333334
77,0.00184975,0.00182963,0.40054682159945315,79.05194805194805,0.6842105263157895
78,0.00183452,0.00182649,0.4105894105894106,80.91025641025641,0.6753246753246753
79,0.00181967,0.00178474,0.4086335605322947,79.89873417721519,0.6794871794871795
80,0.00179396,0.00177598,0.3949367088607595,79.4,0.6835443037974683
81,0.00179124,0.00177145,0.4074074074074074,83.5679012345679,0.6875
82,0.00178944,0.00173354,0.39716952725082805,82.8780487804878,0.691358024691358
83,0.00175251,0.0017295,0.40875697913605635,85.89156626506023,0.6829268292682927
84,0.00172984,0.00168638,0.42283419391853133,92.95238095238095,0.6746987951807228
85,0.00172141,0.00166094,0.42913165266106446,93.4,0.6785714285714286
86,0.00170234,0.00163035,0.4331053351573187,93.46511627906976,0.6705882352941176
87,0.00167736,0.00157088,0.43811815022721196,93.66666666666667,0.6744186046511628
88,0.00167489,0.00156055,0.43416927899686525,92.69318181818181,0.6781609195402298
89,0.00162548,0.00155674,0.44075587334014305,93.17977528089888,0.6704545454545454
90,0.00158886,0.00155588,0.42621722846441945,92.67777777777778,0.6741573033707865
91,0.00156835,0.00155028,0.4256410256410256,92.01098901098901,0.6666666666666666
92,0.00156108,0.00152578,0.4352603917821309,95.23913043478261,0.6703296703296703
93,0.00155851,0.00151941,0.4394576905095839,95.39784946236558,0.6630434782608695
94,0.00155582,0.00151066,0.44314802104781514,95.52127659574468,0.6559139784946236
95,0.00153907,0.00139061,0.4262038073908174,95.17894736842105,0.6595744680851063
96,0.00152594,0.00137796,0.43245614035087715,95.84375,0.6526315789473685
97,0.00151847,0.00135495,0.42525773195876293,95.14432989690722,0.65625
98,0.00150353,0.00135318,0.43151693667157587,96.1938775510204,0.6494845360824743
99,0.00148544,0.0013517,0.424860853432282,95.5050505050505,0.6530612244897959
100,0.00147764,0.00134226,0.412929292929293,95.03,0.6565656565656566
101,0.00146368,0.00133298,0.4087128712871288,94.3069306930693,0.66
102,0.00146153,0.00132405,0.4090467870316443,93.86274509803921,0.6534653465346535
103,0.0014468,0.00131886,0.4151913192461451,94.66019417475728,0.6470588235294118
104,0.00142389,0.00128699,0.4122479462285288,93.875,0.6504854368932039
105,0.00136836,0.00128144,0.4069597069597069,93.25714285714285,0.6538461538461539
106,0.00132235,0.00127477,0.3911949685534592,93.08490566037736,0.6571428571428571
107,0.00131379,0.00127341,0.3930523717157468,92.91588785046729,0.6509433962264151
108,0.00130761,0.00126092,0.4022152994115611,95.58333333333333,0.6448598130841121
109,0.00129281,0.00124644,0.4063880394155624,95.66055045871559,0.6388888888888888
110,0.00128483,0.00120506,0.403836530442035,94.91818181818182,0.6422018348623854
111,0.00128386,0.00118186,0.41031941031941027,95.88288288288288,0.6363636363636364
112,0.00126751,0.00118181,0.4134491634491634,95.90178571428571,0.6396396396396397
113,0.00126365,0.00117027,0.41245259165613146,95.3716814159292,0.6339285714285714
114,0.00126303,0.00113961,0.4128240956373234,95.09649122807018,0.6283185840707964
115,0.00122852,0.00113809,0.4190694126620901,96.2695652173913,0.631578947368421
116,0.00122364,0.00112861,0.4206896551724138,96.13793103448276,0.6260869565217392
117,0.00121874,0.001128,0.4294134983790156,99.28205128205128,0.6206896551724138
118,0.00121115,0.00111286,0.4243082717658989,98.71186440677967,0.6239316239316239
119,0.00120993,0.00110344,0.4197407776669991,98.1344537815126,0.6271186440677966
120,0.00120899,0.00110336,0.41624649859943974,97.48333333333333,0.6302521008403361
121,0.00120823,0.00109141,0.4129476584022038,96.78512396694215,0.6333333333333333
122,0.0012054,0.00108202,0.401707085760737,96.54918032786885,0.6363636363636364
123,0.00119134,0.00105527,0.3895775023324003,96.3821138211382,0.6475409836065574
124,0.00118845,0.00101441,0.3954891161814843,97.14516129032258,0.6422764227642277
125,0.00117857,0.00101267,0.4041290322580645,100.04,0.6451612903225806
126,0.00117835,0.00100386,0.40215873015873016,99.26984126984127,0.64
127,0.00117434,0.000988013,0.3905761779777527,99.10236220472441,0.6428571428571429
128,0.00116566,0.000982626,0.39419291338582685,99.0390625,0.6377952755905512
129,0.0011633,0.000980344,0.3912306201550388,98.42635658914729,0.6484375
130,0.00115745,0.00097805,0.38700059630292183,97.97692307692307,0.6511627906976745
131,0.00115724,0.000973723,0.3918966529653553,98.51908396946565,0.6461538461538462
132,0.00114341,0.000963403,0.37913486005089053,98.48484848484848,0.648854961832061
133,0.0011351,0.000961318,0.38072453861927547,98.19548872180451,0.6439393939393939
134,0.0011189,0.000954902,0.3738076534620132,97.92537313432835,0.6466165413533834
135,0.00111325,0.000953878,0.3777777777777778,97.85925925925926,0.6417910447761194
136,0.00110987,0.000938397,0.3762527233115468,97.15441176470588,0.6444444444444445
137,0.00110062,0.000912284,0.375912408759124,96.63503649635037,0.6397058823529411
138,0.00108719,0.000895114,0.3828414260023273,98.1304347826087,0.635036496350365
139,0.00108576,0.000870014,0.37900114690856007,97.74820143884892,0.6376811594202898
140,0.00107561,0.000862097,0.38766700924974307,101.41428571428571,0.6330935251798561
141,0.00107552,0.000836468,0.38500506585612965,100.84397163120568,0.6357142857142857
142,0.00106154,0.000835238,0.3920687244031565,102.88028169014085,0.6312056737588653
143,0.00105626,0.000832945,0.4001772875012311,106.1958041958042,0.6267605633802817
144,0.00103519,0.000824613,0.39743589743589747,105.59722222222223,0.6293706293706294
145,0.00103281,0.000824587,0.3954022988505747,104.88275862068966,0.6319444444444444
146,0.00102408,0.000812285,0.40179499291450166,106.75342465753425,0.6275862068965518
147,0.00100552,0.000811401,0.3922281241263629,106.61904761904762,0.636986301369863
148,0.00100456,0.000802303,0.3824232395660967,106.52027027027027,0.6462585034013606
149,0.00100321,0.000784543,0.3881734083076364,107.91946308724832,0.6486486486486487
150,0.00100116,0.000782268,0.3934675615212528,109.03333333333333,0.6442953020134228
151,0.00099444,0.000777991,0.38207505518763796,109.01324503311258,0.6533333333333333
152,0.000977609,0.000756274,0.38445451376786344,108.74342105263158,0.6490066225165563
153,0.00097205,0.000750134,0.3919848641210871,111.7124183006536,0.6447368421052632
154,0.000956764,0.000735855,0.3959765724471606,112.32467532467533,0.6405228758169934
155,0.000953825,0.000711334,0.3997486384583158,112.89677419354838,0.6363636363636364
156,0.000950584,0.000705233,0.39619520264681557,112.42948717948718,0.6451612903225806
157,0.000946068,0.000700777,0.3846153846153846,112.45222929936305,0.6474358974358975
158,0.00094382,0.000698029,0.38369749254212693,111.80379746835443,0.643312101910828
159,0.000942495,0.00067814,0.3873099275535387,112.15723270440252,0.6392405063291139
160,0.00093101,0.000671579,0.3897798742138365,112.16875,0.6352201257861635
161,0.000927031,0.000669675,0.39145962732919254,111.85093167701864,0.63125
162,0.000926127,0.000665476,0.39498504715896027,112.22222222222223,0.6273291925465838
163,0.000921083,0.000662091,0.39150193137923195,111.78527607361963,0.6358024691358025
164,0.000876208,0.000661989,0.39398473739338624,111.8109756097561,0.6380368098159509
165,0.000872341,0.000653048,0.3895048041389505,111.52121212121212,0.6402439024390244
166,0.000869701,0.00064223,0.3812340270171596,111.46385542168674,0.6424242424242425
167,0.000856037,0.000621784,0.3860471827429479,112.2934131736527,0.6385542168674698
168,0.000854138,0.000611453,0.3833761049329912,111.83333333333333,0.6467065868263473
169,0.000851215,0.000608124,0.37954353338968727,111.49704142011835,0.6488095238095238
170,0.000845922,0.000602506,0.38405847546119043,112.2235294117647,0.6449704142011834
171,0.000842154,0.000591208,0.38727210182318544,112.50292397660819,0.6411764705882353
172,0.000842133,0.000588981,0.3889568883448933,112.25,0.6374269005847953
173,0.000833834,0.000575691,0.3915848904422638,112.3699421965318,0.6337209302325582
174,0.000828925,0.000569235,0.398578167563617,115.25287356321839,0.6358381502890174
175,0.000828169,0.00056663,0.3965188834154351,114.69714285714285,0.6379310344827587
176,0.000826516,0.000561289,0.3918181818181818,114.45454545454545,0.64
177,0.000824988,0.00055778,0.3875192604006163,114.18079096045197,0.6420454545454546
178,0.000812393,0.000555918,0.3938932266869803,116.57303370786516,0.6440677966101694
179,0.000807232,0.000552956,0.40053982800828575,119.28491620111731,0.6404494382022472
180,0.000803242,0.000548508,0.39428926132836745,119.16666666666667,0.6424581005586593
181,0.000802107,0.00054775,0.39152854511970536,118.72375690607734,0.6444444444444445
182,0.000795455,0.000544915,0.3885010017606703,118.35164835164835,0.6519337016574586
183,0.000790994,0.000544074,0.39182129346063777,118.6775956284153,0.6483516483516484
184,0.000789944,0.000534303,0.39736279401282976,120.39673913043478,0.6502732240437158
185,0.000786603,0.000531392,0.4028202115158637,122.24864864864865,0.6521739130434783
186,0.000780164,0.00052868,0.3998256320836965,121.84408602150538,0.654054054054054
187,0.000773177,0.000524823,0.39807946639066183,121.31016042780749,0.6559139784946236
188,0.000768442,0.000523289,0.40129707589031743,121.73936170212765,0.6577540106951871
189,0.000766215,0.000521324,0.39536192727682085,121.62962962962963,0.6595744680851063
190,0.000763377,0.000507721,0.3910331384015594,121.39473684210526,0.6613756613756614
191,0.000761649,0.000505039,0.3848443097271976,121.32460732984293,0.6631578947368421
192,0.000758356,0.000500936,0.3861256544502618,121.109375,0.6649214659685864
193,0.000756493,0.000495798,0.38147668393782386,120.92746113989638,0.671875
194,0.000745271,0.000495544,0.3857165749692858,121.77319587628865,0.6683937823834197
195,0.000739964,0.000493902,0.3882104150145388,121.87179487179488,0.6649484536082474
196,0.000734071,0.00048198,0.39005756148613296,121.83163265306122,0.6615384615384615
197,0.000733741,0.000476526,0.39220967574847193,121.88832487309645,0.6632653061224489
198,0.000723495,0.000473895,0.3959903604573656,122.4949494949495,0.6649746192893401
199,0.000722237,0.000471061,0.4011471498908686,124.30150753768844,0.6616161616161617
200,0.000721793,0.000469565,0.4063316582914573,126.11,0.6582914572864321
201,0.0007213,0.000468884,0.4042786069651741,125.65671641791045,0.665
202,0.000719206,0.000466299,0.40239397074035765,125.18316831683168,0.6666666666666666
203,0.000713264,0.000466044,0.40798907476954593,127.32019704433498,0.6683168316831684
204,0.00070898,0.00046373,0.4044238385009177,127.04901960784314,0.6699507389162561
205,0.00070388,0.000463235,0.4006695361071257,126.81463414634146,0.6715686274509803
206,0.000694138,0.000455391,0.40535164574946725,128.44174757281553,0.6682926829268293
207,0.000693217,0.000453118,0.41100323624595475,130.59903381642513,0.6650485436893204
208,0.000692201,0.000451749,0.4142512077294686,131.20673076923077,0.6618357487922706
209,0.000691722,0.000448505,0.41277143908722863,130.66985645933013,0.6634615384615384
210,0.00069125,0.000442162,0.41298701298701296,130.2904761904762,0.6650717703349283
211,0.000689918,0.000440286,0.4173775671406003,131.8436018957346,0.6619047619047619
212,0.000679144,0.000434902,0.41974425467227044,132.12735849056602,0.6635071090047393
213,0.00067336,0.000422748,0.4243068473735495,133.78403755868544,0.6650943396226415
214,0.000670489,0.000416967,0.4268790311965249,134.20093457943926,0.6619718309859155
215,0.000661168,0.00041602,0.42282112584220827,133.9720930232558,0.6635514018691588
216,0.000661166,0.000414354,0.4273901808785529,135.63425925925927,0.6651162790697674
217,0.000659073,0.000407937,0.4301928656767367,136.17511520737327,0.6620370370370371
218,0.000656208,0.000401153,0.4338984483997802,137.40366972477065,0.6589861751152074
219,0.000647767,0.000397661,0.4383142725482804,139.04109589041096,0.6605504587155964
220,0.000644024,0.000393486,0.4376919883769198,138.55,0.6621004566210046
221,0.000642639,0.000390763,0.44278074866310163,140.50226244343892,0.6590909090909091
222,0.000641861,0.000383153,0.4425828543475602,140.13513513513513,0.6606334841628959
223,0.000640259,0.000382573,0.4424110208863572,139.82959641255604,0.6621621621621622
224,0.000628276,0.000380048,0.44186418962203716,139.42410714285714,0.6636771300448431
225,0.000627968,0.000373634,0.43809523809523815,139.16,0.6696428571428571
226,0.000625371,0.000370517,0.4385840707964602,138.96017699115043,0.6666666666666666
227,0.000623221,0.000367957,0.4287941990565669,139.1762114537445,0.668141592920354
228,0.000615562,0.000365831,0.4222892031841718,139.19736842105263,0.6696035242290749
229,0.000614896,0.000362774,0.4153834367578334,139.25327510917032,0.6710526315789473
230,0.000614464,0.000360691,0.41993544712359976,140.85652173913044,0.6681222707423581
231,0.000609488,0.000354024,0.42269904009034454,141.37662337662337,0.6652173913043479
232,0.000599766,0.000353376,0.41394237945962076,141.55172413793105,0.6666666666666666
233,0.000599277,0.000349722,0.4183809382862218,143.09871244635193,0.6637931034482759
234,0.000595687,0.000348498,0.41777631048017305,142.5982905982906,0.6609442060085837
235,0.000593744,0.000348156,0.42054919076195674,143.1531914893617,0.6581196581196581
236,0.000589293,0.000345842,0.42185358817165514,143.17796610169492,0.6553191489361702
237,0.000586733,0.000343819,0.4227275977973252,143.0506329113924,0.652542372881356
238,0.000586168,0.000340505,0.421763642165727,142.4747899159664,0.6497890295358649
239,0.000584242,0.000339829,0.4186561653950283,142.2092050209205,0.6512605042016807
240,0.000580902,0.000338782,0.4215481171548118,142.85416666666666,0.6485355648535565
241,0.000573691,0.000327404,0.41355463347164595,143.0207468879668,0.6541666666666667
242,0.000570414,0.000323386,0.413668941394328,142.6818181818182,0.6514522821576764
243,0.000569544,0.000320667,0.4157739006223855,142.9423868312757,0.6487603305785123
244,0.000567007,0.000319587,0.4199554746002834,144.35245901639345,0.6502057613168725
245,0.000561675,0.000315296,0.4105720976915356,144.62448979591838,0.6516393442622951
246,0.000560243,0.0003125,0.4107184337149494,144.28861788617886,0.6489795918367347
247,0.0005602,0.000312246,0.4127908890424937,144.5668016194332,0.6463414634146342
248,0.000551341,0.000310582,0.41641635105132563,145.75806451612902,0.6437246963562753
249,0.00054775,0.000302504,0.4210389946884311,147.3453815261044,0.6411290322580645
250,0.00054657,0.00029931,0.4205301204819278,146.932,0.6385542168674698
251,0.000545609,0.000298689,0.41775298804780875,146.65737051792829,0.644
252,0.000542939,0.000296822,0.4166824764434326,146.08333333333334,0.6414342629482072
253,0.000542598,0.000293674,0.41953698475437606,146.82608695652175,0.6388888888888888
254,0.000540311,0.000293361,0.41614017615387,146.64173228346456,0.6442687747035574
255,0.000538964,0.000293273,0.40762698780299517,146.89803921568628,0.6496062992125984
256,0.000537901,0.000291841,0.41035539215686273,147.51171875,0.6470588235294118
257,0.000537374,0.000287512,0.4091074902723735,147.0544747081712,0.6484375
258,0.000532666,0.000283584,0.4131451150725424,148.3372093023256,0.6459143968871596
259,0.000531793,0.000283287,0.4086378737541529,148.2972972972973,0.6472868217054264
260,0.000524895,0.00027662,0.4095634095634095,148.13846153846154,0.6486486486486487
261,0.000522207,0.000276051,0.41379310344827586,149.51724137931035,0.65
262,0.000522073,0.000273692,0.4099616858237548,149.42748091603053,0.6513409961685823
263,0.00052195,0.000273092,0.40870170957536356,148.9619771863118,0.6526717557251909
264,0.00051887,0.000263312,0.405864730959788,148.7651515151515,0.6539923954372624
265,0.000518065,0.000262168,0.4057747284162379,148.35094339622643,0.6515151515151515
266,0.000512897,0.000259792,0.40320612852886933,148.13533834586465,0.6528301886792452
267,0.000510975,0.00025977,0.4049167863478922,148.25842696629215,0.650375939849624
268,0.000510852,0.000258055,0.4038235787355358,147.77611940298507,0.651685393258427
269,0.000510781,0.000256988,0.4025411973589303,147.37546468401487,0.6529850746268657
270,0.000506391,0.000255529,0.40625086052595344,148.5037037037037,0.6505576208178439
271,0.000505645,0.000254772,0.4067514008473418,148.21771217712177,0.6481481481481481
272,0.000501999,0.000254089,0.4106251356631213,149.40441176470588,0.6494464944649446
273,0.000500312,0.000253844,0.41192630898513255,149.3956043956044,0.6507352941176471
274,0.000497247,0.000248199,0.4147215315098527,150.26642335766422,0.652014652014652
275,0.000492023,0.000248147,0.4140411413404114,149.78545454545454,0.6496350364963503
276,0.000491628,0.000246156,0.41617918313570496,150.14492753623188,0.6472727272727272
277,0.000489385,0.000245271,0.41097682205828495,150.23465703971118,0.6485507246376812
278,0.000486366,0.000240777,0.4110069345245825,149.86690647482015,0.6462093862815884
279,0.000486061,0.000239986,0.4122895232201336,149.86021505376345,0.6474820143884892
280,0.000485723,0.000237596,0.41080389144905277,149.46785714285716,0.6523297491039427
281,0.000483993,0.000237479,0.413065582104728,149.85053380782918,0.6535714285714286
282,0.000482643,0.000231934,0.4153100628454607,150.25531914893617,0.6512455516014235
283,0.00048061,0.000230371,0.4175375285066286,150.660777385159,0.648936170212766
284,0.000477216,0.000229131,0.41322848753297164,150.68309859154928,0.6501766784452296
285,0.000477215,0.000228988,0.41467753891771686,150.77543859649123,0.647887323943662
286,0.000476127,0.000227079,0.40959391485707275,150.87762237762237,0.6491228070175439
287,0.000475966,0.000226222,0.4106381423454594,150.82578397212544,0.6468531468531469
288,0.000473336,0.00022527,0.4108110723964382,150.49652777777777,0.6445993031358885
289,0.000470155,0.000224874,0.4059496347558631,150.59515570934255,0.6458333333333334
290,0.000467915,0.000224612,0.4068488247225868,150.50689655172414,0.643598615916955
291,0.000467569,0.000223914,0.4071809456096694,150.2233676975945,0.6413793103448275
292,0.00046694,0.000223497,0.4097349715200301,150.81164383561645,0.6391752577319587
293,0.000466866,0.000223212,0.41217448221048203,151.32423208191128,0.6404109589041096
294,0.000466508,0.00022125,0.41139049476445866,150.8231292517007,0.6416382252559727
295,0.000466408,0.000221209,0.4115530958145971,150.5050847457627,0.6428571428571429
296,0.000465925,0.0002202,0.41204764086120016,150.2939189189189,0.6440677966101694
297,0.000465528,0.000219727,0.41250341250341255,150.06397306397307,0.6418918918918919
298,0.000462274,0.000217236,0.4101642826475042,149.86577181208054,0.6464646464646465
299,0.000460212,0.000216175,0.408004309667572,149.64548494983276,0.6476510067114094
300,0.000459305,0.000212678,0.4068673355629877,149.23,0.6521739130434783
301,0.000458851,0.00021241,0.4092137320044296,149.67774086378736,0.65
302,0.00045857,0.000207628,0.4080658291346725,149.26490066225165,0.654485049833887
303,0.000456905,0.00020678,0.41153585557231226,150.21452145214522,0.6556291390728477
304,0.000456463,0.00020637,0.4062879972207747,150.4078947368421,0.6600660066006601
305,0.000456131,0.000206033,0.404702329594478,150.11147540983606,0.6611842105263158
306,0.000453644,0.000199931,0.4033215471981142,149.7843137254902,0.6655737704918033
307,0.00045356,0.000197964,0.4058887398607652,150.35830618892507,0.6633986928104575
308,0.000453448,0.000197622,0.4034857650492829,150.2077922077922,0.6677524429967426
309,0.00045207,0.000195689,0.40213508174673224,149.88349514563106,0.6688311688311688
310,0.000447685,0.000194886,0.3997703309322476,149.73548387096776,0.6731391585760518
311,0.0004463,0.000194497,0.40296649725132244,150.57234726688102,0.6709677419354839
312,0.00043816,0.000193456,0.40333085992249984,150.26282051282053,0.6688102893890675
313,0.000437741,0.000192094,0.39886950110592284,150.40575079872204,0.6730769230769231
314,0.00043736,0.000191764,0.3968783704035327,150.22292993630575,0.6741214057507987
315,0.000436638,0.000190815,0.391851177838439,150.43492063492064,0.678343949044586
316,0.000434992,0.000190663,0.39417319670484224,150.8259493670886,0.6761904761904762
317,0.000434268,0.000190375,0.39480094237910796,150.57728706624604,0.6740506329113924
318,0.000434231,0.000189343,0.39821042398269946,151.43710691823898,0.6719242902208202
319,0.000433043,0.000188992,0.3978036710632677,150.9780564263323,0.6729559748427673
320,0.000430829,0.000187604,0.3982758620689655,150.7,0.6739811912225705
321,0.000420556,0.0001861,0.3948598130841121,150.74766355140187,0.675
322,0.000420051,0.000180397,0.3949033493933941,150.35714285714286,0.6728971962616822
323,0.000419685,0.000177523,0.3950349018325866,149.98452012383902,0.6708074534161491
324,0.000419138,0.000176817,0.3963230516378091,149.9104938271605,0.6687306501547987
325,0.000417965,0.00017646,0.39810066476733147,150.07384615384615,0.6666666666666666
326,0.000417098,0.000176317,0.4008872109485606,150.77914110429447,0.6676923076923077
327,0.00041701,0.00017294,0.3957711862816833,151.03363914373088,0.6717791411042945
328,0.000416602,0.000171052,0.3942343551875886,150.8048780487805,0.672782874617737
329,0.000414984,0.000171037,0.3894654903995849,151.03343465045592,0.6737804878048781
330,0.000414422,0.000169475,0.39025513493598607,150.8090909090909,0.6747720364741642
331,0.000413847,0.000167887,0.3889956971527968,150.54682779456192,0.6787878787878788
332,0.000413806,0.000167331,0.3918756597386525,151.23192771084337,0.676737160120846
333,0.00041254,0.000166616,0.3913310901262709,150.84084084084085,0.677710843373494
334,0.00040654,0.000165889,0.3900487313660966,150.5808383233533,0.6816816816816816
335,0.000405213,0.000165515,0.3915095182768791,150.5641791044776,0.6796407185628742
336,0.00040109,0.000165467,0.39378109452736315,150.94642857142858,0.6805970149253732
337,0.000395085,0.000163304,0.39200932598558713,150.7774480712166,0.6815476190476191
338,0.000394965,0.000162415,0.3885835689076958,150.87869822485206,0.6824925816023739
339,0.000392714,0.000162316,0.3849295700895428,151.01769911504425,0.6834319526627219
340,0.000391993,0.000160951,0.385320145757418,150.66764705882352,0.6814159292035398
341,0.000391703,0.000158614,0.3847162325340694,150.32551319648093,0.6823529411764706
342,0.000391681,0.000158581,0.38814288899178545,151.14327485380116,0.6832844574780058
343,0.000390272,0.00015787,0.38632295023272467,151.00874635568513,0.6842105263157895
344,0.000389667,0.000157423,0.3827717133364974,151.15116279069767,0.6880466472303207
345,0.000389536,0.000155933,0.3852713178294574,151.6782608695652,0.688953488372093
346,0.000388762,0.000155893,0.3885230795007121,152.41907514450867,0.6869565217391305
347,0.000388509,0.00015487,0.3900151588346021,152.43227665706053,0.6878612716763006
348,0.000386659,0.000153883,0.391533339958263,152.47413793103448,0.6858789625360231
349,0.000385556,0.000152318,0.39205612093666636,152.18338108882523,0.6839080459770115
350,0.00038497,0.00014988,0.3938927548096602,152.3657142857143,0.6848137535816619
351,0.000384663,0.000149007,0.3914204314204314,152.34757834757835,0.6857142857142857
352,0.000384172,0.000148895,0.39164076664076664,151.97727272727272,0.6866096866096866
353,0.00038357,0.000147213,0.3892608807622972,151.95750708215297,0.6903409090909091
354,0.000383472,0.000146892,0.3873977689217522,151.85875706214688,0.6912181303116147
355,0.000382664,0.000146719,0.3863611044799872,151.61408450704226,0.692090395480226
356,0.000380091,0.000146222,0.3877828770375059,151.59831460674158,0.6929577464788732
357,0.000379944,0.000144653,0.3908979322065905,152.2829131652661,0.6910112359550562
358,0.000379892,0.000142784,0.38735270644570685,152.44972067039106,0.6918767507002801
359,0.000379225,0.000142507,0.38914738332736803,152.58774373259052,0.6927374301675978
360,0.000377688,0.000142462,0.38981739399566695,152.32777777777778,0.6935933147632312
361,0.000377299,0.000141163,0.39061249615266236,152.09972299168976,0.6944444444444444
362,0.000376047,0.00014027,0.3930610183498875,152.59668508287294,0.6925207756232687
363,0.000373113,0.000138287,0.39208255330806807,152.3526170798898,0.6961325966850829
364,0.000373005,0.000137651,0.3881270244906609,152.58241758241758,0.696969696969697
365,0.00036832,0.000137388,0.39027547794671075,152.92602739726027,0.695054945054945
366,0.000368133,0.000137356,0.3902238191481398,152.5191256830601,0.6986301369863014
367,0.000367576,0.000136795,0.3887524009469781,152.38964577656677,0.7021857923497268
368,0.000367492,0.000136083,0.39086008766733804,152.6983695652174,0.7029972752043597
369,0.000367104,0.000135963,0.3874455048898315,152.8780487804878,0.7038043478260869
370,0.000365225,0.000135779,0.3868600307624698,152.61081081081082,0.7046070460704607
371,0.000365163,0.000135391,0.3857070008013404,152.4231805929919,0.7054054054054054
372,0.000364452,0.000132636,0.38689389328464185,152.31989247311827,0.706199460916442
373,0.000363591,0.000131932,0.3886246360517744,152.45308310991956,0.7043010752688172
374,0.000360934,0.000131894,0.3866181130019641,152.42780748663102,0.707774798927614
375,0.00036075,0.000130801,0.3873226381461675,152.16266666666667,0.7058823529411765
376,0.000360537,0.000130358,0.38822695035460986,151.9654255319149,0.704
377,0.000359498,0.000129196,0.38946893165528534,151.88594164456234,0.7021276595744681
378,0.000357945,0.000127178,0.388124008813664,151.75396825396825,0.7029177718832891
379,0.000357784,0.000126565,0.39026399184710525,152.08707124010553,0.7037037037037037
380,0.000357265,0.000125502,0.39255658936258847,152.48947368421054,0.7018469656992085
381,0.000355197,0.000124994,0.39394944053046,152.48818897637796,0.7
382,0.00035382,0.000124992,0.3923678388368993,152.39267015706807,0.7034120734908137
383,0.000353025,0.000124972,0.3894440419394966,152.52741514360312,0.7041884816753927
384,0.000352664,0.000124737,0.39055700609225413,152.4140625,0.7049608355091384
385,0.000352544,0.000124577,0.389069264069264,152.31428571428572,0.7083333333333334
386,0.000351313,0.000124135,0.3870129870129871,152.31865284974094,0.7090909090909091
387,0.000351285,0.000123787,0.38656598519232566,152.04909560723513,0.7098445595854922
388,0.00035033,0.000122528,0.3837875276379232,152.1701030927835,0.710594315245478
389,0.000349879,0.000122364,0.3838019770492673,151.82519280205656,0.7139175257731959
390,0.000348712,0.000122346,0.38585459099597924,152.0897435897436,0.7146529562982005
391,0.000348538,0.000119913,0.3864778018230704,151.8158567774936,0.7153846153846154
392,0.000344765,0.000119162,0.3894775301424918,152.41836734693877,0.7135549872122762
393,0.000342868,0.00011826,0.38762527911928124,152.40203562340966,0.7168367346938775
394,0.000341448,0.000117607,0.3847922398315702,152.54314720812184,0.7175572519083969
395,0.000339257,0.000115939,0.385388421255542,152.25063291139242,0.7157360406091371
396,0.000338684,0.000114753,0.3817158931082982,152.51767676767676,0.7164556962025317
397,0.000338533,0.000114277,0.38353306363381934,152.67758186397984,0.7146464646464646
398,0.000338049,0.000113817,0.38663088743465435,153.28643216080403,0.7128463476070529
399,0.000336624,0.000113484,0.38814372614954473,153.31328320802004,0.7110552763819096
400,0.00033606,0.000113193,0.384937343358396,153.525,0.7142857142857143
401,0.000334771,0.000113022,0.38172069825436417,153.74812967581047,0.715
402,0.000333667,0.000112631,0.38174464336670755,153.4179104477612,0.71571072319202
403,0.000332816,0.000112412,0.3835783859857043,153.5682382133995,0.7139303482587065
404,0.000331856,0.000112028,0.3831658600103187,153.32673267326732,0.71712158808933
405,0.000331814,0.000109626,0.37868231267571206,153.70864197530864,0.7202970297029703
406,0.000331076,0.000109068,0.38140242048288026,154.16502463054186,0.7185185185185186
407,0.000330838,0.000108262,0.382045726873313,153.87469287469287,0.7192118226600985
408,0.000329318,0.000107573,0.3823047646577058,153.5049019607843,0.7174447174447175
409,0.000329203,0.000107037,0.38223308883455587,153.21026894865525,0.7181372549019608
410,0.000328809,0.000106295,0.38097680243306103,153.1390243902439,0.7188264058679706
411,0.00032855,0.000106189,0.3802622989733547,152.9756690997567,0.7219512195121951
412,0.000328043,0.000105852,0.3776958873691919,153.11893203883494,0.7226277372262774
413,0.000327721,0.00010442,0.3777004631044454,152.8280871670702,0.7233009708737864
414,0.000327157,0.000104063,0.37939666163689745,152.90096618357487,0.7215496368038741
415,0.000326227,0.000102825,0.3770793318200338,153.01686746987951,0.7246376811594203
416,0.00032519,0.000102361,0.378336422613531,152.92307692307693,0.7253012048192771
417,0.000324892,0.000102345,0.38131802250507285,153.46282973621103,0.7259615384615384
418,0.000324503,0.000101083,0.3826948010969215,153.41626794258374,0.7242206235011991
419,0.000324349,0.000100985,0.38379143780475267,153.29355608591885,0.7248803827751196
420,0.000324134,0.000100685,0.38088419138538476,153.5095238095238,0.7279236276849642
421,0.000324042,0.000100633,0.3826942653545979,153.6437054631829,0.7261904761904762
422,0.000323784,9.84934e-05,0.3790906327745945,153.95497630331752,0.7268408551068883
423,0.000323055,9.77594e-05,0.38142135278365985,154.28605200945626,0.7274881516587678
424,0.000322798,9.57154e-05,0.3833578660957224,154.48820754716982,0.7257683215130024
425,0.000322414,9.55651e-05,0.38490566037735846,154.52470588235295,0.7264150943396226
426,0.000321058,9.54812e-05,0.3858713062689864,154.36150234741785,0.7247058823529412
427,0.000320433,9.45068e-05,0.38654880100273775,154.10772833723652,0.7253521126760564
428,0.000318452,9.41959e-05,0.3884085885005143,154.29205607476635,0.7259953161592506
429,0.000317766,9.41914e-05,0.3892120340718472,154.0909090909091,0.7242990654205608
430,0.000316908,9.31158e-05,0.3875860573534992,154.10930232558138,0.7249417249417249
431,0.000315507,9.17217e-05,0.38837748880375556,153.9002320185615,0.7255813953488373
432,0.000310847,9.08422e-05,0.3881154936839392,153.6689814814815,0.728538283062645
433,0.000309314,9.0586e-05,0.3852749978616029,153.89145496535798,0.7291666666666666
434,0.000308486,8.99634e-05,0.3870648460531498,154.02534562211983,0.7274826789838337
435,0.000306693,8.90922e-05,0.3847555484930346,154.17011494252873,0.728110599078341
436,0.000306225,8.89474e-05,0.38207318359169035,154.37844036697248,0.7310344827586207
437,0.000305318,8.81724e-05,0.3843553838725253,154.67048054919908,0.731651376146789
438,0.000304324,8.77703e-05,0.383467602896461,154.59360730593608,0.7322654462242563
439,0.000304164,8.55128e-05,0.38417532582353,154.35307517084283,0.730593607305936
440,0.000303809,8.4951e-05,0.38583557672395935,154.43863636363636,0.7312072892938497
441,0.000303357,8.34547e-05,0.38602350030921456,154.12244897959184,0.7340909090909091
442,0.000301118,8.27074e-05,0.38463590564430894,154.13122171945702,0.7346938775510204
443,0.000300487,8.26889e-05,0.38387996282034265,154.0270880361174,0.7375565610859729
444,0.000298643,8.06437e-05,0.38500803286356333,153.90540540540542,0.7358916478555305
445,0.0002986,7.95146e-05,0.3828525154367851,154.05168539325842,0.7364864864864865
446,0.000298486,7.93618e-05,0.3843502796392402,154.07399103139014,0.7348314606741573
447,0.000297927,7.91327e-05,0.3831121276873225,154.06487695749442,0.7354260089686099
448,0.000296089,7.81691e-05,0.3841682646212847,153.91294642857142,0.7360178970917226
449,0.000295741,7.81125e-05,0.383630289532294,153.7750556792873,0.7388392857142857
450,0.000294905,7.80089e-05,0.3822123236822568,153.80444444444444,0.7416481069042317
451,0.000294736,7.66786e-05,0.38451835427445186,154.08647450110865,0.74
452,0.000293216,7.63741e-05,0.3827286462727862,154.17477876106196,0.7405764966740577
453,0.000292081,7.63604e-05,0.3852585516419544,154.52980132450332,0.7389380530973452
454,0.000291587,7.6015e-05,0.38487421108420616,154.37444933920705,0.7417218543046358
455,0.000290151,7.45817e-05,0.3859321295444644,154.21978021978023,0.7400881057268722
456,0.00029008,7.33646e-05,0.38442259494891073,154.2719298245614,0.7406593406593407
457,0.000289623,7.26678e-05,0.38606088525471227,154.32822757111597,0.7390350877192983
458,0.000288198,7.20222e-05,0.3877863033071197,154.42794759825327,0.737417943107221
459,0.000287342,7.16606e-05,0.3836991371026819,154.86274509803923,0.7379912663755459
460,0.00028698,7.02531e-05,0.3850715165293171,154.83478260869566,0.738562091503268
461,0.000286784,6.96842e-05,0.3856644345939828,154.56182212581345,0.7369565217391304
462,0.000286591,6.74639e-05,0.38727216384483193,154.6125541125541,0.737527114967462
463,0.000286564,6.70831e-05,0.38945144128729436,154.84665226781857,0.7359307359307359
464,0.000286426,6.70543e-05,0.39118939450361206,154.95043103448276,0.7365010799136069
465,0.000286366,6.69703e-05,0.392899517982944,155.0494623655914,0.7370689655172413
466,0.000286324,6.63502e-05,0.39535742304674887,155.37768240343348,0.7354838709677419
467,0.000286173,6.52887e-05,0.39511630257970237,155.1948608137045,0.7360515021459227
468,0.000285153,6.48125e-05,0.39125899083072524,155.61324786324786,0.7366167023554604
469,0.000285139,6.474e-05,0.3905563756310025,155.52452025586354,0.7371794871794872
470,0.000282997,6.33809e-05,0.39171619108106875,155.4468085106383,0.7377398720682303
471,0.000282126,6.33531e-05,0.39213082170122426,155.14012738853503,0.7361702127659574
472,0.000281881,6.31105e-05,0.39470653855842236,155.4978813559322,0.7346072186836518
473,0.000281631,6.3078e-05,0.39482925430895477,155.23467230443975,0.7372881355932204
474,0.000280992,6.25451e-05,0.3961338435874792,155.20675105485233,0.7357293868921776
475,0.000280144,6.22786e-05,0.39796580057739284,155.3515789473684,0.7341772151898734
476,0.000279878,6.20393e-05,0.39895621406457316,155.24159663865547,0.7326315789473684
477,0.000279843,6.15726e-05,0.39802336028751123,155.19706498951783,0.7331932773109243
478,0.000279787,6.13227e-05,0.400138592844048,155.4142259414226,0.7316561844863732
479,0.000278078,6.10709e-05,0.4016124946497673,155.4509394572025,0.7322175732217573
480,0.000277832,6.01123e-05,0.40334029227557405,155.56875,0.732776617954071
481,0.000276941,5.99103e-05,0.40218295218295225,155.57588357588358,0.7354166666666667
482,0.000275363,5.98816e-05,0.4030762329517516,155.43153526970954,0.735966735966736
483,0.000274587,5.96125e-05,0.4027301701846172,155.27950310559007,0.7365145228215768
484,0.000273427,5.9299e-05,0.4031107232688261,154.9793388429752,0.7349896480331263
485,0.000272803,5.89721e-05,0.4004089631081197,155.24948453608246,0.7355371900826446
486,0.000270874,5.86867e-05,0.40022909507445587,155.06172839506172,0.7381443298969073
487,0.000270548,5.84275e-05,0.40096838796359674,154.8542094455852,0.7366255144032922
488,0.000269862,5.81814e-05,0.4020769515602383,154.7766393442623,0.7371663244353183
489,0.000268248,5.80686e-05,0.39880653055751114,155.14928425357874,0.7397540983606558
490,0.000267071,5.64757e-05,0.3997245523976462,155.0122448979592,0.7402862985685071
491,0.00026322,5.60104e-05,0.4004738351552434,154.81059063136456,0.7387755102040816
492,0.000262863,5.51919e-05,0.398258076267117,155.02235772357724,0.7413441955193483
493,0.000262706,5.50688e-05,0.3987532775936278,154.74847870182555,0.741869918699187
494,0.000259928,5.47135e-05,0.39586601079074657,155.06882591093117,0.744421906693712
495,0.000259657,5.46069e-05,0.39668752300331245,154.88484848484848,0.7449392712550608
496,0.000259614,5.46063e-05,0.39749103942652336,154.69354838709677,0.7434343434343434
497,0.000258785,5.44865e-05,0.39753034335042514,154.4728370221328,0.7459677419354839
498,0.000258766,5.4172e-05,0.3977519736895268,154.19076305220884,0.7484909456740443
499,0.000258516,5.41457e-05,0.39672115314967277,154.19839679358716,0.751004016064257
500,0.000258222,5.35446e-05,0.3983486973947895,154.256,0.749498997995992
501,0.000257425,5.29882e-05,0.3992015968063873,154.07385229540918,0.748
502,0.000255932,5.28473e-05,0.3979690022345747,154.13147410358565,0.7504990019960079
503,0.000255614,5.27595e-05,0.39922219670027637,154.0675944333996,0.749003984063745
504,0.000254753,5.1979e-05,0.39788254599387807,154.14484126984127,0.7514910536779325
505,0.000254609,5.17573e-05,0.3977369165487977,153.97821782178218,0.751984126984127
506,0.000254469,5.10261e-05,0.3956717410871522,154.18379446640316,0.7524752475247525
507,0.000254459,5.05704e-05,0.3951555690686126,154.11834319526628,0.7529644268774703
508,0.000254379,5.05119e-05,0.39739707092826415,154.34055118110237,0.7534516765285996
509,0.000254308,5.03829e-05,0.39826431322803707,154.1630648330059,0.7519685039370079
510,0.000253502,5.03286e-05,0.3996070726915521,154.1235294117647,0.75049115913556
511,0.000253096,4.98403e-05,0.4013737001649976,154.2133072407045,0.7509803921568627
512,0.000251736,4.96022e-05,0.3994618395303327,154.3984375,0.7514677103718199
513,0.00025161,4.91895e-05,0.40151376705653025,154.55945419103313,0.751953125
514,0.000251328,4.70406e-05,0.4025682450830925,154.44747081712063,0.7504873294346979
515,0.000250769,4.66231e-05,0.39956934003248834,154.81553398058253,0.7529182879377432
516,0.000250397,4.61878e-05,0.39996989538646793,154.52325581395348,0.7514563106796116
517,0.000250017,4.60844e-05,0.3977928718156328,154.76208897485492,0.751937984496124
518,0.000248902,4.50068e-05,0.39719050357348223,154.72393822393823,0.7524177949709865
519,0.000248543,4.4971e-05,0.3956152684476384,154.8651252408478,0.752895752895753
520,0.000248144,4.43276e-05,0.392648584556099,155.2423076923077,0.7552986512524085
521,0.000248067,4.42109e-05,0.3890299719474383,155.71593090211132,0.7576923076923077
522,0.000247938,4.11808e-05,0.38928232620733777,155.47701149425288,0.7581573896353166
523,0.000247664,4.07525e-05,0.3891269788942368,155.34990439770556,0.7586206896551724
524,0.000246285,3.98215e-05,0.39122502298833806,155.5,0.7590822179732314
525,0.000244555,3.95888e-05,0.390766993820429,155.44380952380953,0.7614503816793893
526,0.000244537,3.91896e-05,0.39193916349809893,155.32699619771864,0.76
527,0.000244424,3.90562e-05,0.3898889618401022,155.56546489563567,0.7604562737642585
528,0.000244285,3.90528e-05,0.39089184060721066,155.40719696969697,0.7609108159392789
529,0.000244267,3.90471e-05,0.39209199747952106,155.30245746691872,0.759469696969697
530,0.000243661,3.88515e-05,0.39345864393480046,155.24150943396228,0.7599243856332704
531,0.000243557,3.83747e-05,0.39440713498916247,155.075329566855,0.7584905660377359
532,0.000243305,3.80855e-05,0.39522535151437915,154.87781954887217,0.7589453860640302
533,0.000243044,3.80813e-05,0.39478621506862843,154.81988742964353,0.7612781954887218
534,0.000242082,3.73678e-05,0.3957880978982651,154.67041198501872,0.7617260787992496
535,0.000241472,3.73191e-05,0.39338443767720255,154.97570093457944,0.7621722846441947
536,0.000241237,3.67733e-05,0.3947412470358488,154.91044776119404,0.7607476635514019
537,0.000239823,3.66386e-05,0.3943550404402568,154.84357541899442,0.7630597014925373
538,0.000239577,3.63585e-05,0.39530504731642824,154.67657992565057,0.7635009310986964
539,0.000239503,3.52319e-05,0.3966108241201178,154.59369202226344,0.7639405204460966
540,0.000238804,3.50077e-05,0.39613825328111035,154.54814814814816,0.764378478664193
541,0.000238795,3.42046e-05,0.3939344150065037,154.82809611829944,0.7666666666666667
542,0.000237793,3.38912e-05,0.3960480455081815,154.9741697416974,0.7652495378927912
543,0.000236808,3.35033e-05,0.39405924445984786,155.22283609576428,0.7656826568265682
544,0.000236573,3.32057e-05,0.39330787563644243,155.24448529411765,0.7679558011049724
545,0.000236431,3.31491e-05,0.3918510523475446,155.4073394495413,0.7683823529411765
546,0.000236088,3.30683e-05,0.39331249789965383,155.34981684981685,0.7688073394495413
547,0.000235945,3.24481e-05,0.39466018442252443,155.27239488117002,0.7692307692307693
548,0.000235795,3.23854e-05,0.39416058394160586,155.24817518248176,0.7714808043875686
549,0.000235562,3.1587e-05,0.3935888742637576,155.24043715846994,0.7737226277372263
550,0.000234185,3.15268e-05,0.393926146713032,155.0090909090909,0.7741347905282332
551,0.000234183,3.08985e-05,0.3942253753506022,154.78765880217784,0.7745454545454545
552,0.000234016,3.04321e-05,0.3928299008390541,154.94746376811594,0.7767695099818511
553,0.000233985,3.03705e-05,0.39249678957989365,154.90054249547921,0.7771739130434783
554,0.000233949,3.03527e-05,0.3944940952206866,155.00541516245488,0.7757685352622061
555,0.000232779,3.02494e-05,0.3934627768562787,155.0936936936937,0.776173285198556
556,0.000232151,3.02305e-05,0.39498347268131434,155.05395683453239,0.7765765765765765
557,0.000229361,3.00341e-05,0.3964713328080802,155.00897666068224,0.7751798561151079
558,0.000229206,2.99634e-05,0.3980296390674569,154.98924731182797,0.7737881508078994
559,0.00022869,2.99245e-05,0.39951654580311746,154.94812164579608,0.7741935483870968
560,0.000227964,2.98079e-05,0.399693329925888,154.76785714285714,0.776386404293381
561,0.000227928,2.92683e-05,0.3970460911637382,155.14260249554368,0.7785714285714286
562,0.000226243,2.92625e-05,0.39640068256354627,155.16548042704628,0.7789661319073083
563,0.000225747,2.89475e-05,0.39701522727129074,154.90586145648314,0.7793594306049823
564,0.000224226,2.82638e-05,0.3981205043901087,154.7677304964539,0.7797513321492007
565,0.00022422,2.71784e-05,0.39883261156091127,154.5345132743363,0.7783687943262412
566,0.000223579,2.71215e-05,0.39601613558898024,154.9487632508834,0.7805309734513274
567,0.000223057,2.68155e-05,0.3953670985473106,154.97883597883597,0.7809187279151943
568,0.00022238,2.64492e-05,0.39604292421193826,154.73239436619718,0.781305114638448
569,0.000221758,2.60668e-05,0.39790588875962274,154.78207381370825,0.7799295774647887
570,0.000221277,2.59358e-05,0.39845219375327595,154.5157894736842,0.7803163444639719
571,0.000220955,2.58839e-05,0.40026423326266636,154.55341506129596,0.7789473684210526
572,0.000220791,2.55842e-05,0.40216526030886796,154.62062937062936,0.7793345008756567
573,0.000219897,2.53998e-05,0.40364173348466537,154.57766143106457,0.7797202797202797
574,0.00021934,2.5122e-05,0.40421158886233594,154.31881533101046,0.7783595113438045
575,0.000219313,2.50739e-05,0.40205423420693825,154.6295652173913,0.7804878048780488
576,0.000219298,2.49396e-05,0.403816425120773,154.65625,0.7791304347826087
577,0.000219235,2.49326e-05,0.4028981321009051,154.73830155979203,0.7795138888888888
578,0.000218655,2.4675e-05,0.40399273176494577,154.5968858131488,0.779896013864818
579,0.000218181,2.45832e-05,0.404210815688665,154.41278065630397,0.7820069204152249
580,0.000218032,2.41189e-05,0.40546721457923884,154.30344827586208,0.7823834196891192
581,0.000217524,2.38379e-05,0.4067303697548816,154.20826161790018,0.7827586206896552
582,0.000217519,2.35842e-05,0.40784640772219954,154.07560137457045,0.7831325301204819
583,0.00021727,2.29944e-05,0.4076261545625482,154.00343053173242,0.7852233676975945
584,0.000217099,2.28601e-05,0.4084917408773703,153.81164383561645,0.7855917667238422
585,0.000216931,2.23534e-05,0.4078679311556024,153.84273504273503,0.7876712328767124
586,0.000216862,2.232e-05,0.404976517604504,154.2901023890785,0.788034188034188
587,0.000216238,2.20828e-05,0.40377112755900024,154.43781942078365,0.7901023890784983
588,0.000215565,2.18091e-05,0.4012214766656236,154.83163265306123,0.7921635434412265
589,0.000215267,2.10977e-05,0.39759537091576874,155.40067911714772,0.79421768707483
590,0.000214876,2.10671e-05,0.39941872176340243,155.4271186440678,0.7945670628183361
591,0.00021467,2.1037e-05,0.39945510338696266,155.3130287648054,0.7949152542372881
592,0.000213103,2.08928e-05,0.3983513970823615,155.4527027027027,0.7952622673434856
593,0.000212821,2.06431e-05,0.39542409188277655,155.91905564924116,0.7956081081081081
594,0.000212674,1.97491e-05,0.3952680259594257,155.85690235690237,0.7976391231028668
595,0.000212439,1.95248e-05,0.39651982004923186,155.7327731092437,0.797979797979798
596,0.000212295,1.95153e-05,0.3968191303366984,155.56208053691276,0.7983193277310925
597,0.000211044,1.92249e-05,0.3984014029880948,155.51256281407035,0.7986577181208053
598,0.000209517,1.88943e-05,0.3992481919071387,155.2943143812709,0.7989949748743719
599,0.000209403,1.85624e-05,0.3982278155900861,155.42737896494157,0.7993311036789298
600,0.000209257,1.8335e-05,0.40013355592654426,155.46666666666667,0.7996661101836394
601,0.000209079,1.82757e-05,0.4001996672212979,155.35274542429283,0.8
602,0.000208931,1.80357e-05,0.39886457233514466,155.54817275747507,0.8019966722129783
603,0.000208892,1.75829e-05,0.3996022104317835,155.30514096185738,0.8023255813953488
604,0.000208347,1.73752e-05,0.39822960253918044,155.51324503311258,0.802653399668325
605,0.000207976,1.69487e-05,0.399978107383285,155.50413223140495,0.8029801324503312
606,0.00020753,1.67823e-05,0.39686332269590596,156.01650165016503,0.8033057851239669
607,0.000207454,1.66117e-05,0.39798065473763183,155.85172981878088,0.801980198019802
608,0.000206955,1.65843e-05,0.39772825804214,155.82401315789474,0.8039538714991763
609,0.000206913,1.63975e-05,0.3988527352864921,155.6600985221675,0.8042763157894737
610,0.000206864,1.56692e-05,0.39682898597539634,155.9950819672131,0.80623973727422
611,0.000206324,1.54519e-05,0.3974618335971667,155.75613747954174,0.8081967213114755
612,0.000206102,1.53006e-05,0.3970989377747826,155.77124183006535,0.8101472995090017
613,0.0002053,1.52294e-05,0.39798910319973557,155.55301794453507,0.8104575163398693
614,0.000204685,1.46082e-05,0.39544399041399425,155.98208469055373,0.8123980424143556
615,0.000204582,1.44672e-05,0.3957469346680438,155.83252032520326,0.8143322475570033
616,0.000204395,1.44597e-05,0.39287298067785864,156.32142857142858,0.816260162601626
617,0.000204262,1.41238e-05,0.390725967711381,156.68881685575366,0.8181818181818182
618,0.000203458,1.37784e-05,0.39207880285125335,156.5631067961165,0.8168557536466775
619,0.000201828,1.37199e-05,0.39209812255909154,156.49111470113087,0.8187702265372169
620,0.000201288,1.36485e-05,0.39254781385168586,156.30806451612904,0.8206785137318255
621,0.000200823,1.35845e-05,0.3939847280660745,156.20450885668276,0.8193548387096774
622,0.000200794,1.35396e-05,0.39303374393546353,156.35369774919613,0.821256038647343
623,0.000200602,1.33814e-05,0.3947964676675974,156.3290529695024,0.8215434083601286
624,0.000200087,1.32171e-05,0.39638638515043007,156.26602564102564,0.8202247191011236
625,0.000199675,1.2828e-05,0.3945538461538462,156.5856,0.8221153846153846
626,0.000199115,1.27978e-05,0.39423897763578275,156.5990415335463,0.824
627,0.000198683,1.26838e-05,0.3944591365139541,156.48325358851676,0.8242811501597445
628,0.000197711,1.21995e-05,0.3963368177246823,156.4904458598726,0.8229665071770335
629,0.000197072,1.21803e-05,0.3956841817463773,156.5866454689984,0.8248407643312102
630,0.000196999,1.18934e-05,0.39681530269765564,156.4079365079365,0.8235294117647058
631,0.000196798,1.18048e-05,0.39752974618267806,156.18066561014263,0.8253968253968254
632,0.000196715,1.17259e-05,0.39621657405364197,156.40822784810126,0.8272583201267829
633,0.000195783,1.16048e-05,0.3967744515767793,156.21484992101105,0.8291139240506329
634,0.000195431,1.15856e-05,0.395238735977594,156.48738170347002,0.8309636650868878
635,0.000194557,1.14741e-05,0.39550411088203874,156.37007874015748,0.832807570977918
636,0.000193851,1.14473e-05,0.3944634279205666,156.5503144654088,0.8330708661417323
637,0.000193782,1.14009e-05,0.39411352349357737,156.59026687598117,0.8349056603773585
638,0.000192886,1.12384e-05,0.3932766740648514,156.73824451410658,0.8351648351648352
639,0.000191563,1.12368e-05,0.3940669443340643,156.5117370892019,0.835423197492163
640,0.000191133,1.0356e-05,0.3932609546165884,156.6546875,0.837245696400626
641,0.00019107,1.02621e-05,0.39374024960998444,156.49609984399376,0.8390625
642,0.000190416,9.77508e-06,0.3915465029816146,156.89719626168224,0.8393135725429017
643,0.000190285,9.71002e-06,0.3924894502502386,156.66407465007777,0.839563862928349
644,0.000189739,9.42294e-06,0.3943085111521112,156.6413043478261,0.8398133748055988
645,0.000189573,9.27149e-06,0.3957629158842506,156.52558139534884,0.8400621118012422
646,0.000189462,9.13066e-06,0.39565603475172195,156.5077399380805,0.8418604651162791
647,0.000189421,9.00551e-06,0.3971605074145497,156.4080370942813,0.8405572755417957
648,0.000188529,8.33101e-06,0.3984105176789359,156.2469135802469,0.8408037094281299
649,0.000188235,8.28981e-06,0.3986379805588845,156.14791987673343,0.8425925925925926
650,0.000188065,7.75505e-06,0.3972359843546285,156.40923076923076,0.8443759630200308
651,0.000188002,7.36563e-06,0.39689471818504074,156.4516129032258,0.8461538461538461
652,0.000187683,7.33574e-06,0.39613430965103236,156.59509202453987,0.847926267281106
653,0.00018754,7.23291e-06,0.394996195003711,156.80704441041348,0.8496932515337423
654,0.000186511,7.18406e-06,0.39367117655047745,157.05810397553518,0.8499234303215927
655,0.000186244,7.08616e-06,0.39323482036557184,157.14045801526717,0.8501529051987767
656,0.00018571,6.96493e-06,0.3935673059020667,157.03353658536585,0.8519083969465648
657,0.000185402,6.95065e-06,0.39121839848535467,157.47640791476408,0.8536585365853658
658,0.000185374,6.93619e-06,0.39083889652237075,157.54863221884497,0.8554033485540334
659,0.000185282,6.91395e-06,0.38868415347929763,157.96054628224582,0.8571428571428571
660,0.000184144,6.75612e-06,0.3883662114314618,158.01969696969698,0.858877086494689
661,0.000183842,6.68761e-06,0.3884197496905515,157.9894099848714,0.8606060606060606
662,0.000183137,6.66794e-06,0.3884300542526886,157.9712990936556,0.8623298033282905
663,0.000182585,6.31472e-06,0.38817878999147876,158.01357466063348,0.8640483383685801
664,0.000181575,6.26211e-06,0.3898035581238983,157.91867469879517,0.8642533936651584
665,0.000180698,5.92178e-06,0.3872361626958964,158.41052631578947,0.8659638554216867
666,0.000180554,5.86687e-06,0.3855449434396803,158.74924924924926,0.8676691729323308
667,0.000180373,5.81992e-06,0.3863158510834673,158.56971514242878,0.8693693693693694
668,0.000180363,5.32163e-06,0.3880185655675156,158.48952095808383,0.8695652173913043
669,0.000178803,5.17836e-06,0.38826383108223017,158.42451420029894,0.8712574850299402
670,0.000178089,4.93457e-06,0.38659170515137314,158.76268656716417,0.8729446935724963
671,0.000177962,4.86853e-06,0.38800186845207646,158.61102831594636,0.8731343283582089
672,0.000177652,4.72919e-06,0.38953055141579734,158.48958333333334,0.8718330849478391
673,0.00017758,4.67375e-06,0.38962888275666874,158.45913818722138,0.8720238095238095
674,0.000177543,4.4293e-06,0.3908051551800918,158.25519287833828,0.8722139673105498
675,0.000177204,3.8707e-06,0.3921881525442356,158.10074074074075,0.870919881305638
676,0.000177142,3.85943e-06,0.39114617576156036,158.32100591715977,0.8711111111111111
677,0.000176499,3.83879e-06,0.39117058376233466,158.31019202363368,0.8727810650887574
678,0.00017629,3.80928e-06,0.392548245556703,158.15339233038347,0.8729689807976366
679,0.000176222,3.57222e-06,0.39355550631894026,157.93078055964654,0.8731563421828908
680,0.000175572,3.45435e-06,0.39441219786883824,157.73676470588236,0.8748159057437408
681,0.000175272,3.44613e-06,0.39613025827070913,157.66079295154185,0.875
682,0.000175186,3.41291e-06,0.3958513657248914,157.71554252199414,0.8751835535976505
683,0.00017477,3.36416e-06,0.395774206429286,157.72767203513908,0.8768328445747801
684,0.000174675,3.32835e-06,0.3972412730214996,157.5906432748538,0.87701317715959
685,0.000174506,3.29187e-06,0.39646561659623514,157.76496350364962,0.8786549707602339
686,0.000174183,3.22965e-06,0.3976293332765849,157.5612244897959,0.8788321167883212
687,0.000173856,3.1935e-06,0.3946978666700617,158.1353711790393,0.880466472303207
688,0.000172599,3.15072e-06,0.3957889035577672,157.9127906976744,0.8806404657933042
689,0.00017252,3.10006e-06,0.39743308468626587,157.81277213352686,0.8808139534883721
690,0.000172237,2.89615e-06,0.39803537998780003,157.67971014492753,0.8809869375907112
691,0.000171534,2.88816e-06,0.3997776799010046,157.60636758321274,0.881159420289855
692,0.000171125,2.83946e-06,0.4007344637494458,157.39739884393063,0.8827785817655571
693,0.000170965,2.74173e-06,0.3998448564922553,157.5988455988456,0.884393063583815
694,0.000170942,2.6612e-06,0.4009173663352338,157.37463976945244,0.8845598845598845
695,0.000170808,2.63606e-06,0.4020857089544502,157.1726618705036,0.8847262247838616
696,0.00017074,2.57539e-06,0.4023153890680559,157.11925287356323,0.8863309352517985
697,0.000170735,2.45781e-06,0.40251323405728984,157.07604017216642,0.8879310344827587
698,0.000170508,2.36237e-06,0.4026548490666097,157.0458452722063,0.8895265423242468
699,0.000170303,2.30988e-06,0.4023717877770536,157.11158798283262,0.8911174785100286
700,0.000169759,2.2953e-06,0.402722256284488,157.04285714285714,0.8927038626609443
701,0.000169678,2.26856e-06,0.4036274709598533,156.85592011412268,0.8928571428571429
702,0.000169643,2.24903e-06,0.4030993574502847,156.980056980057,0.8944365192582026
703,0.000169317,2.22134e-06,0.401377085587612,157.34850640113797,0.896011396011396
704,0.000169176,2.02001e-06,0.40134811845338164,157.36363636363637,0.8975817923186344
705,0.000168726,1.94749e-06,0.4004835589941973,157.56879432624115,0.8977272727272727
706,0.000168711,1.89228e-06,0.40194081128322584,157.41784702549575,0.8978723404255319
707,0.000168499,1.72309e-06,0.4014689206678661,157.53606789250352,0.8994334277620396
708,0.000168113,1.71618e-06,0.4013217302359776,157.58050847457628,0.8995756718528995
709,0.000167445,1.65913e-06,0.40297865219574003,157.47531734837798,0.8997175141242938
710,0.000166899,1.59799e-06,0.4024434335207295,157.60704225352112,0.9012693935119888
711,0.000166356,1.57681e-06,0.4020007527584636,157.72151898734177,0.9028169014084507
712,0.000166145,1.52869e-06,0.40263752587746326,157.60393258426967,0.9043600562587905
713,0.00016535,1.50572e-06,0.40430527758954876,157.5007012622721,0.9044943820224719
714,0.000165127,1.43352e-06,0.40434743322293853,157.50980392156862,0.9046283309957924
715,0.000164804,1.42336e-06,0.40333392098097987,157.74685314685314,0.9061624649859944
716,0.000164759,1.38035e-06,0.40343008946360903,157.74720670391062,0.9076923076923077
717,0.000164322,1.19622e-06,0.4038397107750325,157.68061366806137,0.909217877094972
718,0.000164112,1.17209e-06,0.40246228676433454,157.9874651810585,0.9107391910739191
719,0.000163962,1.12306e-06,0.40310939443129384,157.87482614742697,0.9122562674094707
720,0.000162806,1.1132e-06,0.4017230721681348,158.1875,0.913769123783032
721,0.000162332,1.1013e-06,0.4029742641393127,157.98474341192787,0.9138888888888889
722,0.000162073,1.08166e-06,0.40459733902974093,157.8656509695291,0.9140083217753121
723,0.000161984,1.03103e-06,0.40514859982452306,157.7759336099585,0.9155124653739612
724,0.000161802,9.9118e-07,0.40383454452366213,158.07596685082873,0.9156293222683264
725,0.000161557,9.47687e-07,0.4052810059058868,157.9144827586207,0.914364640883978
726,0.000161226,9.16224e-07,0.4058782179158355,157.8168044077135,0.9158620689655173
727,0.000161221,9.10423e-07,0.40516329987381633,158.0041265474553,0.9173553719008265
728,0.000160887,9.0585e-07,0.40491557960608865,158.0837912087912,0.9188445667125172
729,0.000160876,8.78229e-07,0.40440766366692305,158.2249657064472,0.9203296703296703
730,0.000160411,8.54001e-07,0.40289757032527196,158.56849315068493,0.9218106995884774
731,0.000159111,8.08229e-07,0.40217004291362934,158.76470588235293,0.9232876712328767
732,0.000159011,7.79147e-07,0.40078341668348627,159.0860655737705,0.9247606019151847
733,0.000158429,7.42485e-07,0.40021917563124826,159.2455661664393,0.9262295081967213
734,0.000158217,7.11887e-07,0.39959332518001134,159.42234332425068,0.9263301500682128
735,0.000157868,6.97703e-07,0.4010565534115554,159.25306122448978,0.9264305177111717
736,0.000157747,6.7818e-07,0.3995341614906832,159.6046195652174,0.927891156462585
737,0.00015753,6.50737e-07,0.39950445401451246,159.65535956580732,0.9293478260869565
738,0.000157479,6.19633e-07,0.40052141362661925,159.48915989159892,0.9308005427408412
739,0.00015743,6.06046e-07,0.40135171311117707,159.36265223274697,0.9322493224932249
740,0.000157214,6.01105e-07,0.40256007021906887,159.15540540540542,0.9336941813261164
741,0.000157185,5.91171e-07,0.40210818105554946,159.2982456140351,0.9351351351351351
742,0.000156773,5.73263e-07,0.40246843523904097,159.266846361186,0.9365721997300944
743,0.000156001,5.64368e-07,0.40398254326998084,159.10901749663526,0.9366576819407008
744,0.000155735,5.3877e-07,0.4039494059248326,159.16263440860214,0.9367429340511441
745,0.000155618,4.68181e-07,0.4020495056650069,159.59328859060403,0.9381720430107527
746,0.000155278,3.77456e-07,0.40120553466361986,159.82439678284183,0.9395973154362416
747,0.000154765,3.62297e-07,0.4009281092197206,159.93440428380188,0.9410187667560321
748,0.000154743,3.31228e-07,0.4014918855457481,159.87032085561498,0.9424364123159303
749,0.000154488,3.28261e-07,0.4015335955962674,159.9158878504673,0.9438502673796791
750,0.00015441,3.27792e-07,0.4018121940364931,159.912,0.945260347129506
751,0.000154055,3.24968e-07,0.40314247669773634,159.7057256990679,0.9453333333333334
752,0.000154034,3.21359e-07,0.4016771963622971,160.05718085106383,0.9467376830892144
753,0.000153905,3.09744e-07,0.40316747195614694,159.88579017264277,0.9468085106382979
754,0.000153628,3.07616e-07,0.40079822179011626,160.41644562334218,0.9482071713147411
755,0.000153447,2.95536e-07,0.4014720607093296,160.3364238410596,0.9496021220159151
756,0.000153417,2.72239e-07,0.40103717719611753,160.48544973544975,0.9509933774834437
757,0.00015246,2.62884e-07,0.40061367274048915,160.6327608982827,0.9523809523809523
758,0.000152457,2.44823e-07,0.3983750605605379,161.1424802110818,0.9537648612945839
759,0.000152109,2.26587e-07,0.3977494342298747,161.33596837944663,0.9551451187335093
760,0.000152004,2.21928e-07,0.39715692393037927,161.5236842105263,0.9552042160737813
761,0.000151756,2.20947e-07,0.39827097309634135,161.36005256241788,0.9565789473684211
762,0.000151352,2.17225e-07,0.3997123552722796,161.16797900262466,0.9566360052562418
763,0.000150985,2.05809e-07,0.3992287661290045,161.33551769331586,0.958005249343832
764,0.000150838,2.0214e-07,0.39877035400355443,161.49869109947645,0.9593709043250328
765,0.000150512,1.80403e-07,0.3986312151387606,161.59607843137255,0.9607329842931938
766,0.000150496,1.78608e-07,0.3967610368777625,162.04046997389034,0.9620915032679739
767,0.000150248,1.68806e-07,0.3976055364735278,161.9400260756193,0.9634464751958225
768,0.000150121,1.44745e-07,0.39821680790960445,161.88671875,0.9647979139504563
769,0.000149998,1.43735e-07,0.39921299306458613,161.7555266579974,0.9661458333333334
770,0.000149908,1.38356e-07,0.4007734787968858,161.58311688311687,0.9661898569570871
771,0.000149895,1.37803e-07,0.4011892128623646,161.568093385214,0.9662337662337662
772,0.000149867,1.21459e-07,0.4004556359750812,161.7901554404145,0.9675745784695201
773,0.000149654,1.21169e-07,0.40053221081983253,161.84993531694695,0.9689119170984456
774,0.000149573,1.20809e-07,0.4020812231949751,161.67441860465115,0.9689521345407504
775,0.00014956,1.20785e-07,0.4003834291906311,162.08903225806452,0.9702842377260982
776,0.000149225,1.16039e-07,0.4006185567010309,162.1172680412371,0.9716129032258064
777,0.000148675,1.14787e-07,0.4015709376534119,162.001287001287,0.9729381443298969
778,0.000148513,1.12607e-07,0.40242115049313,161.90616966580976,0.9742599742599742
779,0.000148451,1.10021e-07,0.4031765726938828,161.83055198973042,0.9755784061696658
780,0.000148423,1.09855e-07,0.40242256673578886,162.06153846153848,0.9768934531450578
781,0.000147837,1.08316e-07,0.40070915000492474,162.48399487836107,0.9782051282051282
782,0.000147594,9.17885e-08,0.40205847968536634,162.29028132992326,0.9795134443021767
783,0.000147571,8.46157e-08,0.40120789278563335,162.54533844189015,0.979539641943734
784,0.000147428,8.2989e-08,0.4026246513931243,162.33928571428572,0.9808429118773946
785,0.000147345,7.93334e-08,0.4037891589756921,162.18471337579618,0.9821428571428571
786,0.000147224,7.77496e-08,0.40387351906776225,162.24809160305344,0.9834394904458599
787,0.000147039,7.43591e-08,0.4015086116311177,162.8043202033037,0.9847328244274809
788,0.00014682,6.03714e-08,0.40158282754661734,162.87309644670052,0.9860228716645489
789,0.000146796,4.47251e-08,0.40255930207870916,162.7617237008872,0.9873096446700508
790,0.000146548,3.20402e-08,0.40381511607386367,162.59367088607596,0.9885931558935361
791,0.000146476,2.87913e-08,0.4031013458368673,162.8242730720607,0.9898734177215189
792,0.000146415,2.51756e-08,0.4028847258935755,162.95328282828282,0.9911504424778761
793,0.000146354,2.03932e-08,0.40256282879233696,163.10592686002522,0.9924242424242424
794,0.000146251,1.88221e-08,0.40218727467354465,163.2707808564232,0.9936948297604036
795,0.000146105,1.80519e-08,0.400281989132329,163.74213836477986,0.9949622166246851
796,0.000145865,1.62841e-08,0.40055624032110226,163.77763819095478,0.9962264150943396
797,0.000145462,1.51989e-08,0.40158761183584174,163.6624843161857,0.9974874371859297
798,0.000145141,1.37693e-08,0.40180438549321856,163.71052631578948,0.998745294855709
799,0.00014489,1.35957e-08,0.4014824294779501,163.86733416770963,1.0
800,0.000144695,9.63335e-09,0.40066332916145186,164.125,1.0012515644555695
