12503 0.00216672
19281 0.00478939
26416 0.00295174
33743 0.0023412
66863 0.00808714
69072 0.00283941
93726 0.000119913
102261 0.00152578
125533 0.000102361
144948 0.000500936
148795 0.00186911
153602 0.000523289
158835 0.00011826
235238 0.00571765
235240 0.0039726
236257 0.00463547
236648 0.0116374
236740 0.00519538
236744 0.0128141
268081 0.000531392
288807 0.00195753
295508 0.00211844
295535 0.000414354
295630 0.00304048
332261 0.00467287
382112 0.000705233
430030 0.00618393
431304 0.00216765
431395 0.00537636
450459 0.00355073
463143 2.05809e-07
490869 0.00105527
491222 0.00713148
491488 0.00714569
491496 0.00240063
495028 0.0180051
497197 0.00198392
507035 1.65843e-05
515208 0.00203694
529122 0.00177145
529203 0.000802303
530006 5.4172e-05
535188 0.00702477
