490872 0.0939913
519514 0.0638813
482551 0.0475634
495028 0.0180051
110361 0.0131892
236744 0.0128141
244531 0.0123262
908988 0.0119415
1484113 0.0118157
236648 0.0116374
821785 0.0113183
1491551 0.0111508
811424 0.0101271
836276 0.00950504
874115 0.00942349
828102 0.00909739
296675 0.00829476
66863 0.00808714
1491540 0.00763326
840247 0.00715972
491488 0.00714569
491222 0.00713148
1004172 0.00705145
535188 0.00702477
940496 0.0065104
430030 0.00618393
980392 0.00593685
1597497 0.0059285
235238 0.00571765
431395 0.00537636
236740 0.00519538
19281 0.00478939
814042 0.00469038
332261 0.00467287
236257 0.00463547
820645 0.00423173
235240 0.0039726
450459 0.00355073
889270 0.00336646
1645455 0.0032094
295630 0.00304048
26416 0.00295174
153610 0.0029307
69072 0.00283941
1476032 0.00256785
1561612 0.0025345
491496 0.00240063
33743 0.0023412
608634 0.00231348
431304 0.00216765
12503 0.00216672
295508 0.00211844
1591363 0.00209066
515208 0.00203694
497197 0.00198392
288807 0.00195753
839263 0.00189327
148795 0.00186911
610570 0.00185785
595921 0.00182649
1498417 0.00178474
1554943 0.00177598
529122 0.00177145
1023375 0.00166094
939582 0.00157088
102261 0.00152578
679388 0.00118181
820273 0.00113809
490869 0.00105527
1529457 0.00101267
1353675 0.000811401
529203 0.000802303
382112 0.000705233
820075 0.000661989
974149 0.000569235
554550 0.000534303
268081 0.000531392
153602 0.000523289
144948 0.000500936
598128 0.000473895
820252 0.000468884
1311190 0.000466044
1521599 0.000434902
295535 0.000414354
1610305 0.000382573
1495173 0.000373634
999497 0.000293273
1724455 0.0002202
1436432 0.000207628
1373835 0.000138287
1500650 0.000136083
93726 0.000119913
158835 0.00011826
125533 0.000102361
1376265 5.99103e-05
530006 5.4172e-05
1513088 3.1587e-05
507035 1.65843e-05
1384408 3.32835e-06
1285196 1.72309e-06
463143 2.05809e-07
