490872 0.0939913
519514 0.0638813
482551 0.0475634
495028 0.0180051
110361 0.0131892
236744 0.0128141
244531 0.0123262
908988 0.0119415
1484113 0.0118157
236648 0.0116374
821785 0.0113183
1491551 0.0111508
811424 0.0101271
836276 0.00950504
874115 0.00942349
828102 0.00909739
296675 0.00829476
66863 0.00808714
1491540 0.00763326
840247 0.00715972
491488 0.00714569
491222 0.00713148
1004172 0.00705145
535188 0.00702477
940496 0.0065104
430030 0.00618393
980392 0.00593685
1597497 0.0059285
235238 0.00571765
431395 0.00537636
910747 0.00537172
236740 0.00519538
19281 0.00478939
899195 0.00478932
814042 0.00469038
332261 0.00467287
236257 0.00463547
430031 0.0045329
1255217 0.00436811
820645 0.00423173
499525 0.00415115
235240 0.0039726
521251 0.0037785
450459 0.00355073
1264946 0.00341774
889270 0.00336646
499989 0.00333355
1645455 0.0032094
820518 0.00313039
945618 0.00306514
295630 0.00304048
26416 0.00295174
153610 0.0029307
1205647 0.00289957
69072 0.00283941
498529 0.00257786
1476032 0.00256785
236358 0.00256557
1561612 0.0025345
1158903 0.00240223
491496 0.00240063
33743 0.0023412
608634 0.00231348
810136 0.00225992
431304 0.00216765
12503 0.00216672
295508 0.00211844
1591363 0.00209066
515208 0.00203694
497197 0.00198392
288807 0.00195753
579781 0.00190474
839263 0.00189327
148795 0.00186911
610570 0.00185785
346619 0.00184072
331148 0.00182963
595921 0.00182649
1498417 0.00178474
1554943 0.00177598
529122 0.00177145
306942 0.00173354
78851 0.0017295
294430 0.00168638
1023375 0.00166094
488890 0.00163035
939582 0.00157088
677785 0.00156055
958108 0.00155674
602975 0.00155588
223728 0.00155028
102261 0.00152578
430894 0.00151941
216814 0.00151066
820857 0.00139061
986090 0.00137796
89388 0.00135495
227310 0.00135318
489558 0.0013517
677386 0.00134226
889123 0.00133298
37214 0.00132405
416224 0.00131886
235992 0.00128699
17937 0.00128144
629780 0.00127477
471641 0.00127341
908462 0.00126092
725757 0.00124644
431410 0.00120506
480414 0.00118186
679388 0.00118181
850711 0.00117027
1240664 0.00113961
820273 0.00113809
491535 0.00112861
466696 0.001128
420807 0.00111286
290474 0.00110344
503729 0.00110336
240991 0.00109141
1317739 0.00108202
490869 0.00105527
978003 0.00101441
1529457 0.00101267
50612 0.00100386
967994 0.000988013
494593 0.000982626
606701 0.000980344
485172 0.00097805
488319 0.000973723
1193463 0.000963403
873557 0.000961318
1295890 0.000954902
488355 0.000953878
1328662 0.000938397
900295 0.000912284
1084158 0.000895114
133082 0.000870014
529172 0.000862097
834235 0.000836468
218702 0.000835238
268347 0.000832945
13834 0.000824613
406972 0.000824587
831774 0.000812285
1353675 0.000811401
529203 0.000802303
691753 0.000784543
536723 0.000782268
266360 0.000777991
840220 0.000756274
102616 0.000750134
869872 0.000735855
235993 0.000711334
382112 0.000705233
52526 0.000700777
606902 0.000698029
901101 0.00067814
838445 0.000671579
526599 0.000669675
550487 0.000665476
488904 0.000662091
820075 0.000661989
746657 0.000653048
635785 0.00064223
1021300 0.000621784
1012411 0.000611453
24081 0.000608124
822164 0.000602506
1025812 0.000591208
1245752 0.000588981
889228 0.000575691
974149 0.000569235
961854 0.00056663
904652 0.000561289
431473 0.00055778
962808 0.000555918
1025065 0.000552956
290661 0.000548508
862894 0.00054775
266955 0.000544915
537885 0.000544074
554550 0.000534303
268081 0.000531392
822759 0.00052868
902509 0.000524823
153602 0.000523289
1057776 0.000521324
103481 0.000507721
936840 0.000505039
144948 0.000500936
151170 0.000495798
263673 0.000495544
488143 0.000493902
89237 0.00048198
185064 0.000476526
598128 0.000473895
105779 0.000471061
617771 0.000469565
820252 0.000468884
545995 0.000466299
1311190 0.000466044
928982 0.00046373
965366 0.000463235
135127 0.000455391
509100 0.000453118
1192580 0.000451749
241326 0.000448505
604194 0.000442162
465532 0.000440286
1521599 0.000434902
1288747 0.000422748
469898 0.000416967
726235 0.00041602
295535 0.000414354
508346 0.000407937
1193272 0.000401153
163044 0.000397661
746586 0.000393486
120528 0.000390763
746298 0.000383153
1610305 0.000382573
1175184 0.000380048
1495173 0.000373634
1152589 0.000370517
915680 0.000367957
247480 0.000365831
1094385 0.000362774
828606 0.000360691
929624 0.000354024
838758 0.000353376
430041 0.000349722
1138207 0.000348498
936882 0.000348156
821097 0.000345842
303063 0.000343819
1033287 0.000340505
123342 0.000339829
263221 0.000338782
409081 0.000327404
245029 0.000323386
250445 0.000320667
817676 0.000319587
1073620 0.000315296
621908 0.0003125
1007181 0.000312246
136253 0.000310582
1261150 0.000302504
996580 0.00029931
834641 0.000298689
1022914 0.000296822
51187 0.000293674
906876 0.000293361
999497 0.000293273
897159 0.000291841
491608 0.000287512
1123438 0.000283584
490004 0.000283287
1264808 0.00027662
691798 0.000276051
568289 0.000273692
436705 0.000273092
236634 0.000263312
295414 0.000262168
821325 0.000259792
424847 0.00025977
514024 0.000258055
1192107 0.000256988
1139587 0.000255529
242543 0.000254772
1143919 0.000254089
834371 0.000253844
990414 0.000248199
433158 0.000248147
76382 0.000246156
1170167 0.000245271
982944 0.000240777
699918 0.000239986
491229 0.000237596
703432 0.000237479
224623 0.000231934
746284 0.000230371
746605 0.000229131
474796 0.000228988
265856 0.000227079
1307562 0.000226222
1114122 0.00022527
448479 0.000224874
746613 0.000224612
108221 0.000223914
235773 0.000223497
369175 0.000223212
439305 0.00022125
220904 0.000221209
1724455 0.0002202
710449 0.000219727
127693 0.000217236
47922 0.000216175
304834 0.000212678
543058 0.00021241
1436432 0.000207628
340430 0.00020678
296693 0.00020637
663349 0.000206033
6269 0.000199931
921628 0.000197964
891244 0.000197622
645747 0.000195689
1030671 0.000194886
987736 0.000194497
18641 0.000193456
503864 0.000192094
259702 0.000191764
903391 0.000190815
81610 0.000190663
919308 0.000190375
776518 0.000189343
850026 0.000188992
1261951 0.000187604
888909 0.0001861
455685 0.000180397
1027381 0.000177523
235878 0.000176817
307473 0.00017646
366181 0.000176317
65546 0.00017294
12508 0.000171052
370185 0.000171037
921996 0.000169475
519560 0.000167887
1110729 0.000167331
95750 0.000166616
1048850 0.000165889
867534 0.000165515
27326 0.000165467
466554 0.000163304
263003 0.000162415
20576 0.000162316
745255 0.000160951
930730 0.000158614
722914 0.000158581
1056294 0.00015787
891925 0.000157423
1292455 0.000155933
490459 0.000155893
263077 0.00015487
752437 0.000153883
800456 0.000152318
633632 0.00014988
562074 0.000149007
916903 0.000148895
94997 0.000147213
734657 0.000146892
1189411 0.000146719
916823 0.000146222
387619 0.000144653
1125806 0.000142784
1230169 0.000142507
7660 0.000142462
449271 0.000141163
602163 0.00014027
1373835 0.000138287
1227458 0.000137651
1259684 0.000137388
782548 0.000137356
294899 0.000136795
1500650 0.000136083
990467 0.000135963
398624 0.000135779
825123 0.000135391
456849 0.000132636
258732 0.000131932
867453 0.000131894
1101514 0.000130801
280461 0.000130358
1340906 0.000129196
496388 0.000127178
1236869 0.000126565
2108 0.000125502
510610 0.000124994
78681 0.000124992
502814 0.000124972
715582 0.000124737
219985 0.000124577
890072 0.000124135
867675 0.000123787
256175 0.000122528
867700 0.000122364
749701 0.000122346
93726 0.000119913
147960 0.000119162
158835 0.00011826
493020 0.000117607
364317 0.000115939
1200539 0.000114753
482459 0.000114277
884856 0.000113817
1045114 0.000113484
296628 0.000113193
315458 0.000113022
386463 0.000112631
420068 0.000112412
151036 0.000112028
1114396 0.000109626
930502 0.000109068
811493 0.000108262
271211 0.000107573
388012 0.000107037
377754 0.000106295
570594 0.000106189
854699 0.000105852
651431 0.00010442
795431 0.000104063
677752 0.000102825
125533 0.000102361
196866 0.000102345
1094446 0.000101083
151049 0.000100985
1256364 0.000100685
386469 0.000100633
727342 9.84934e-05
708807 9.77594e-05
539431 9.57154e-05
376749 9.55651e-05
247721 9.54812e-05
1022395 9.45068e-05
1192953 9.41959e-05
1196845 9.41914e-05
1160722 9.31158e-05
222653 9.17217e-05
289421 9.08422e-05
1143896 9.0586e-05
1343221 8.99634e-05
68389 8.90922e-05
259627 8.89474e-05
944240 8.81724e-05
1203777 8.77703e-05
1050829 8.55128e-05
667150 8.4951e-05
797728 8.34547e-05
1152515 8.27074e-05
860131 8.26889e-05
490685 8.06437e-05
103777 7.95146e-05
822530 7.93618e-05
1282577 7.91327e-05
786398 7.81691e-05
259494 7.81125e-05
785312 7.80089e-05
1264729 7.66786e-05
1333678 7.63741e-05
781623 7.63604e-05
652177 7.6015e-05
726280 7.45817e-05
892936 7.33646e-05
1050140 7.26678e-05
236720 7.20222e-05
382944 7.16606e-05
781629 7.02531e-05
839290 6.96842e-05
783461 6.74639e-05
162238 6.70831e-05
798678 6.70543e-05
781815 6.69703e-05
433678 6.63502e-05
495820 6.52887e-05
234738 6.48125e-05
151156 6.474e-05
766882 6.33809e-05
677981 6.33531e-05
719652 6.31105e-05
867174 6.3078e-05
491313 6.25451e-05
469930 6.22786e-05
342902 6.20393e-05
984500 6.15726e-05
844609 6.13227e-05
701238 6.10709e-05
290577 6.01123e-05
1376265 5.99103e-05
911224 5.98816e-05
1296039 5.96125e-05
1115152 5.9299e-05
462844 5.89721e-05
952378 5.86867e-05
1098622 5.84275e-05
781628 5.81814e-05
1020112 5.80686e-05
206840 5.64757e-05
417847 5.60104e-05
314507 5.51919e-05
1310412 5.50688e-05
1271157 5.47135e-05
495101 5.46069e-05
788704 5.46063e-05
106830 5.44865e-05
530006 5.4172e-05
206546 5.41457e-05
1183357 5.35446e-05
1039577 5.29882e-05
295517 5.28473e-05
1264714 5.27595e-05
391873 5.1979e-05
180459 5.17573e-05
280559 5.10261e-05
1177220 5.05704e-05
157297 5.05119e-05
615382 5.03829e-05
925086 5.03286e-05
1121844 4.98403e-05
769889 4.96022e-05
1060540 4.91895e-05
1239176 4.70406e-05
169505 4.66231e-05
512395 4.61878e-05
953833 4.60844e-05
1086862 4.50068e-05
489431 4.4971e-05
1087608 4.43276e-05
595058 4.42109e-05
1201128 4.11808e-05
873953 4.07525e-05
56094 3.98215e-05
1277137 3.95888e-05
198863 3.91896e-05
781129 3.90562e-05
941384 3.90528e-05
881262 3.90471e-05
532442 3.88515e-05
661963 3.83747e-05
508805 3.80855e-05
763750 3.80813e-05
1290107 3.73678e-05
781233 3.73191e-05
878200 3.67733e-05
354354 3.66386e-05
16944 3.63585e-05
1127031 3.52319e-05
353703 3.50077e-05
773685 3.42046e-05
1217750 3.38912e-05
843523 3.35033e-05
812609 3.32057e-05
918369 3.31491e-05
894086 3.30683e-05
512213 3.24481e-05
633492 3.23854e-05
1513088 3.1587e-05
502737 3.15268e-05
1070281 3.08985e-05
251443 3.04321e-05
485239 3.03705e-05
50937 3.03527e-05
505022 3.02494e-05
247638 3.02305e-05
4438 3.00341e-05
92500 2.99634e-05
29036 2.99245e-05
130767 2.98079e-05
193491 2.92683e-05
684376 2.92625e-05
526817 2.89475e-05
425713 2.82638e-05
219023 2.71784e-05
1003910 2.71215e-05
783445 2.68155e-05
218180 2.64492e-05
851927 2.60668e-05
175670 2.59358e-05
640602 2.58839e-05
72541 2.55842e-05
1095765 2.53998e-05
181362 2.5122e-05
836568 2.50739e-05
892438 2.49396e-05
710228 2.49326e-05
1038720 2.4675e-05
115926 2.45832e-05
547187 2.41189e-05
714148 2.38379e-05
379210 2.35842e-05
766268 2.29944e-05
860496 2.28601e-05
452221 2.23534e-05
471289 2.232e-05
824748 2.20828e-05
1003397 2.18091e-05
230785 2.10977e-05
726932 2.10671e-05
1081600 2.1037e-05
582332 2.08928e-05
487194 2.06431e-05
821145 1.97491e-05
849424 1.95248e-05
878501 1.95153e-05
1045418 1.92249e-05
802737 1.88943e-05
401733 1.85624e-05
768365 1.8335e-05
27250 1.82757e-05
383952 1.80357e-05
1218331 1.75829e-05
114097 1.73752e-05
1038182 1.69487e-05
882694 1.67823e-05
118911 1.66117e-05
507035 1.65843e-05
164706 1.63975e-05
1183303 1.56692e-05
399206 1.54519e-05
772050 1.53006e-05
383017 1.52294e-05
1031210 1.46082e-05
529146 1.44672e-05
223031 1.44597e-05
536446 1.41238e-05
571921 1.37784e-05
80510 1.37199e-05
1102373 1.36485e-05
840206 1.35845e-05
491305 1.35396e-05
288530 1.33814e-05
850193 1.32171e-05
1201110 1.2828e-05
1277555 1.27978e-05
1172678 1.26838e-05
631776 1.21995e-05
1114646 1.21803e-05
427314 1.18934e-05
121237 1.18048e-05
204639 1.17259e-05
727023 1.16048e-05
882585 1.15856e-05
1339517 1.14741e-05
1142401 1.14473e-05
103482 1.14009e-05
776610 1.12384e-05
517789 1.12368e-05
325221 1.0356e-05
122608 1.02621e-05
159593 9.77508e-06
710584 9.71002e-06
1166928 9.42294e-06
21542 9.27149e-06
477563 9.13066e-06
1039089 9.00551e-06
908367 8.33101e-06
882161 8.28981e-06
250140 7.75505e-06
1197550 7.36563e-06
503003 7.33574e-06
890343 7.23291e-06
1131898 7.18406e-06
412204 7.08616e-06
148170 6.96493e-06
443331 6.95065e-06
168839 6.93619e-06
28163 6.91395e-06
961575 6.75612e-06
668853 6.68761e-06
337611 6.66794e-06
865090 6.31472e-06
468891 6.26211e-06
215187 5.92178e-06
919919 5.86687e-06
1048636 5.81992e-06
732718 5.32163e-06
1007684 5.17836e-06
1171325 4.93457e-06
500756 4.86853e-06
72446 4.72919e-06
56650 4.67375e-06
921062 4.4293e-06
431950 3.8707e-06
433027 3.85943e-06
16822 3.83879e-06
816246 3.80928e-06
933797 3.57222e-06
167067 3.45435e-06
1179829 3.44613e-06
910713 3.41291e-06
865601 3.36416e-06
1384408 3.32835e-06
1282869 3.29187e-06
906895 3.22965e-06
780887 3.1935e-06
456372 3.15072e-06
661995 3.10006e-06
821088 2.89615e-06
1257504 2.88816e-06
132806 2.83946e-06
268169 2.74173e-06
233137 2.6612e-06
755853 2.63606e-06
534254 2.57539e-06
922814 2.45781e-06
1085584 2.36237e-06
174250 2.30988e-06
1310784 2.2953e-06
409588 2.26856e-06
973047 2.24903e-06
50655 2.22134e-06
990110 2.02001e-06
688399 1.94749e-06
1059424 1.89228e-06
1285196 1.72309e-06
990679 1.71618e-06
844213 1.65913e-06
238560 1.59799e-06
637112 1.57681e-06
440676 1.52869e-06
879762 1.50572e-06
891111 1.43352e-06
445013 1.42336e-06
457818 1.38035e-06
551471 1.19622e-06
670111 1.17209e-06
455641 1.12306e-06
1071621 1.1132e-06
337821 1.1013e-06
130982 1.08166e-06
578691 1.03103e-06
293064 9.9118e-07
215724 9.47687e-07
769867 9.16224e-07
67735 9.10423e-07
1082504 9.0585e-07
777253 8.78229e-07
642582 8.54001e-07
35029 8.08229e-07
1153119 7.79147e-07
571993 7.42485e-07
844904 7.11887e-07
890241 6.97703e-07
903075 6.7818e-07
1310707 6.50737e-07
51666 6.19633e-07
48513 6.06046e-07
912467 6.01105e-07
1089661 5.91171e-07
7027 5.73263e-07
598001 5.64368e-07
435229 5.3877e-07
833762 4.68181e-07
1346110 3.77456e-07
97851 3.62297e-07
1016168 3.31228e-07
1012800 3.28261e-07
978893 3.27792e-07
854075 3.24968e-07
1044911 3.21359e-07
699537 3.09744e-07
1082629 3.07616e-07
234265 2.95536e-07
1073466 2.72239e-07
771611 2.62884e-07
908575 2.44823e-07
1267128 2.26587e-07
62442 2.21928e-07
857554 2.20947e-07
876019 2.17225e-07
463143 2.05809e-07
23073 2.0214e-07
455405 1.80403e-07
18704 1.78608e-07
1128598 1.68806e-07
1275641 1.44745e-07
324157 1.43735e-07
1294495 1.38356e-07
866080 1.37803e-07
38216 1.21459e-07
466726 1.21169e-07
1022646 1.20809e-07
528434 1.20785e-07
909538 1.16039e-07
675355 1.14787e-07
161846 1.12607e-07
959599 1.10021e-07
470656 1.09855e-07
223814 1.08316e-07
464593 9.17885e-08
87775 8.46157e-08
524019 8.2989e-08
556938 7.93334e-08
79493 7.77496e-08
608659 7.43591e-08
231784 6.03714e-08
913072 4.47251e-08
875696 3.20402e-08
638431 2.87913e-08
1203172 2.51756e-08
846257 2.03932e-08
1142420 1.88221e-08
1050703 1.80519e-08
60808 1.62841e-08
1020836 1.51989e-08
238446 1.37693e-08
1263279 1.35957e-08
474470 9.63335e-09
