50612 0.00100386
47922 0.000216175
50421 6.6326e-05
47618 2.98814e-05
41804 2.70604e-05
46397 2.00525e-05
42296 1.73804e-05
43343 1.07746e-05
47372 8.21442e-06
45562 8.01962e-06
46991 7.48732e-06
42675 7.31036e-06
43011 7.15953e-06
45085 3.83335e-06
49984 3.59454e-06
50289 3.56942e-06
45998 3.308e-06
50255 3.01914e-06
47709 2.60207e-06
50655 2.22134e-06
48385 2.0335e-06
50619 1.9742e-06
42520 1.34307e-06
43305 1.21994e-06
45972 1.19763e-06
43376 1.13491e-06
45882 1.11448e-06
50603 8.87974e-07
43621 8.57795e-07
50549 8.42642e-07
49655 8.41824e-07
44720 8.19484e-07
42247 7.92813e-07
42115 7.53231e-07
48109 7.31373e-07
47726 6.63912e-07
42988 6.19115e-07
48513 6.06046e-07
44616 5.55098e-07
42325 5.35455e-07
50513 5.14704e-07
42685 4.84145e-07
50140 4.79624e-07
49033 4.73895e-07
43421 4.52931e-07
45956 4.25778e-07
43325 4.23937e-07
49804 4.08e-07
42024 4.06774e-07
45389 3.93421e-07
50266 3.76177e-07
43405 3.68924e-07
50210 3.3921e-07
44957 3.37633e-07
50124 3.36529e-07
45784 3.3324e-07
47880 3.28027e-07
42548 3.26434e-07
44516 3.21135e-07
46801 3.0795e-07
42129 3.02052e-07
48462 3.00311e-07
48013 2.84695e-07
42497 2.64651e-07
48232 2.61897e-07
48405 2.59109e-07
42032 2.52066e-07
46487 2.50723e-07
41964 2.44785e-07
44518 2.39813e-07
42181 2.32049e-07
50566 2.28074e-07
42290 2.23051e-07
49722 2.21296e-07
44813 2.16156e-07
45094 2.0862e-07
47217 1.92522e-07
45875 1.9111e-07
50455 1.86337e-07
42313 1.80971e-07
43214 1.75593e-07
47719 1.63948e-07
50487 1.62006e-07
47968 1.61833e-07
50287 1.60488e-07
49615 1.56806e-07
43999 1.50946e-07
50456 1.49025e-07
48227 1.46696e-07
44049 1.46223e-07
45906 1.42803e-07
42379 1.42737e-07
44910 1.40258e-07
48313 1.38197e-07
44264 1.36858e-07
47636 1.35733e-07
41899 1.28005e-07
42679 1.26636e-07
42080 1.25708e-07
49336 1.20252e-07
47908 1.20071e-07
41942 1.19711e-07
45777 1.19051e-07
42708 1.17324e-07
50689 1.17065e-07
46378 1.16672e-07
49530 1.16403e-07
45311 1.16054e-07
45884 1.13666e-07
47788 1.07783e-07
42499 1.07382e-07
45976 1.01873e-07
47632 1.00089e-07
42461 9.75554e-08
48336 9.63285e-08
45133 9.55637e-08
44736 9.53201e-08
46386 9.45719e-08
49192 9.20491e-08
42312 9.14864e-08
43852 9.09373e-08
42047 9.08153e-08
48775 9.0716e-08
50267 9.05438e-08
46006 8.87743e-08
48374 8.86033e-08
49418 8.77719e-08
47336 8.76169e-08
46000 8.7412e-08
43838 8.71735e-08
47747 8.63201e-08
44786 8.5831e-08
43407 8.50463e-08
44294 8.46705e-08
43862 8.40452e-08
50209 7.80292e-08
45451 7.75178e-08
43024 7.62164e-08
44166 7.47416e-08
50328 7.47166e-08
48918 7.44779e-08
50381 7.35023e-08
45142 7.26866e-08
48936 7.15586e-08
43884 7.07043e-08
48031 6.94428e-08
49393 6.78102e-08
45534 6.76409e-08
42078 6.66325e-08
41922 6.52728e-08
42579 6.46334e-08
45152 6.36139e-08
47223 6.35507e-08
43653 6.29668e-08
44005 6.29466e-08
50163 6.24506e-08
46227 6.03048e-08
45689 6.01865e-08
44896 5.87035e-08
48842 5.84786e-08
46045 5.82737e-08
42277 5.78679e-08
43863 5.74618e-08
41993 5.74423e-08
48137 5.66839e-08
43743 5.63748e-08
49451 5.58138e-08
43834 5.57001e-08
48337 5.55798e-08
44227 5.42491e-08
43764 5.23661e-08
50373 5.22987e-08
48141 5.22835e-08
46511 5.11436e-08
48846 5.0852e-08
45564 5.0807e-08
50548 4.96031e-08
49238 4.66592e-08
47539 4.59429e-08
50023 4.51762e-08
48339 4.49993e-08
46741 4.46798e-08
45904 4.46205e-08
42384 4.44977e-08
42684 4.44864e-08
46587 4.40437e-08
47553 4.38231e-08
47566 4.3425e-08
47272 4.33656e-08
49247 4.31242e-08
45449 4.30371e-08
50496 4.26811e-08
47135 4.2459e-08
46353 4.16834e-08
49316 4.03862e-08
49921 4.01758e-08
50554 3.97843e-08
46971 3.95558e-08
49556 3.91144e-08
44271 3.90024e-08
49464 3.8901e-08
50221 3.87586e-08
42536 3.8465e-08
48058 3.82318e-08
44355 3.73986e-08
46173 3.6807e-08
44239 3.60939e-08
48142 3.60865e-08
47532 3.60834e-08
50712 3.43902e-08
42543 3.38752e-08
50661 3.37564e-08
47727 3.35621e-08
44852 3.28812e-08
46479 3.26544e-08
48079 3.26065e-08
48499 3.14245e-08
45584 3.13779e-08
48823 3.12152e-08
45600 3.06458e-08
50240 3.00917e-08
43144 2.9558e-08
47140 2.95359e-08
49642 2.90434e-08
42014 2.85702e-08
47864 2.81098e-08
46272 2.68486e-08
46621 2.67012e-08
42972 2.66917e-08
45537 2.60687e-08
42935 2.54799e-08
48933 2.49416e-08
47362 2.39036e-08
48910 2.37694e-08
46595 2.37221e-08
45864 2.36804e-08
42327 2.28805e-08
43027 2.27919e-08
42761 2.22881e-08
45011 2.19834e-08
44479 2.16279e-08
50156 2.11197e-08
48744 2.10416e-08
46319 2.09053e-08
49860 2.04594e-08
49729 2.02653e-08
45440 2.01652e-08
42440 1.98023e-08
46760 1.97873e-08
47975 1.93872e-08
44430 1.90633e-08
49457 1.80852e-08
41969 1.79217e-08
43670 1.75047e-08
50249 1.70204e-08
42408 1.67048e-08
43535 1.63307e-08
43033 1.52014e-08
43969 1.51026e-08
48847 1.49422e-08
47633 1.48919e-08
49167 1.48286e-08
46288 1.46443e-08
50410 1.35315e-08
49851 1.27436e-08
47582 1.14407e-08
43415 1.09704e-08
49678 1.02322e-08
49631 1.01208e-08
49940 9.93193e-09
44324 9.91728e-09
46441 9.87946e-09
43608 9.55171e-09
46125 9.43013e-09
42445 9.40141e-09
41814 9.05054e-09
42960 8.72499e-09
46333 8.62595e-09
44202 7.93347e-09
44609 7.487e-09
42349 7.05787e-09
46131 7.0109e-09
42241 6.57957e-09
46897 6.30775e-09
45978 5.96537e-09
43426 5.66373e-09
47087 5.1953e-09
49061 5.12011e-09
48007 4.89173e-09
45853 4.1737e-09
44370 4.10623e-09
46381 4.04813e-09
47462 3.79509e-09
44613 3.70661e-09
50493 3.41399e-09
45676 3.40764e-09
46830 3.17027e-09
48472 2.98471e-09
45368 2.36763e-09
44883 1.5028e-09
42851 1.49249e-09
42121 6.90256e-10
47558 2.4059e-10
50588 1.2753e-10
49923 0.0
43272 0.0
44655 0.0
42694 0.0
48925 0.0
46196 0.0
44374 0.0
42413 0.0
47620 0.0
45915 0.0
49704 0.0
43069 0.0
47595 0.0
48706 0.0
49439 0.0
44155 0.0
42194 0.0
48425 0.0
46464 0.0
50525 0.0
43874 0.0
47120 0.0
49220 0.0
44704 0.0
42759 0.0
48222 0.0
46261 0.0
44439 0.0
47941 0.0
45980 0.0
50025 0.0
42540 0.0
48771 0.0
44220 0.0
42259 0.0
47722 0.0
45761 0.0
50590 0.0
43939 0.0
47441 0.0
46607 0.0
49285 0.0
45025 0.0
42040 0.0
48287 0.0
46582 0.0
50371 0.0
45277 0.0
50090 0.0
43455 0.0
44566 0.0
42861 0.0
46107 0.0
44541 0.0
47787 0.0
45826 0.0
49887 0.0
43236 0.0
47506 0.0
48873 0.0
46912 0.0
49606 0.0
50717 0.0
44066 0.0
42361 0.0
48592 0.0
45623 0.0
50436 0.0
43785 0.0
47303 0.0
45342 0.0
46709 0.0
49387 0.0
44887 0.0
42926 0.0
46428 0.0
50217 0.0
43582 0.0
48108 0.0
45123 0.0
49936 0.0
43301 0.0
42707 0.0
48938 0.0
46977 0.0
44387 0.0
45928 0.0
49733 0.0
43082 0.0
47608 0.0
48735 0.0
46774 0.0
44936 0.0
42223 0.0
48454 0.0
46493 0.0
50538 0.0
43903 0.0
47149 0.0
45188 0.0
49233 0.0
42772 0.0
48235 0.0
46274 0.0
44452 0.0
45993 0.0
49798 0.0
43147 0.0
42553 0.0
48784 0.0
47095 0.0
44233 0.0
42272 0.0
48519 0.0
45790 0.0
43952 0.0
45509 0.0
46620 0.0
49298 0.0
45054 0.0
42069 0.0
48300 0.0
46339 0.0
50384 0.0
43749 0.0
48019 0.0
50119 0.0
43468 0.0
44579 0.0
42874 0.0
49105 0.0
46120 0.0
44298 0.0
47800 0.0
49900 0.0
43249 0.0
47535 0.0
48646 0.0
46941 0.0
49619 0.0
44095 0.0
42134 0.0
45636 0.0
50449 0.0
43814 0.0
47316 0.0
45355 0.0
49400 0.0
44900 0.0
42939 0.0
48146 0.0
50246 0.0
43595 0.0
48121 0.0
45136 0.0
49965 0.0
43314 0.0
48967 0.0
44400 0.0
47662 0.0
49746 0.0
43111 0.0
47381 0.0
48748 0.0
46787 0.0
44965 0.0
42236 0.0
48467 0.0
46506 0.0
50311 0.0
43660 0.0
41955 0.0
47162 0.0
45201 0.0
49262 0.0
44746 0.0
42785 0.0
48248 0.0
46303 0.0
44465 0.0
46022 0.0
47983 0.0
49811 0.0
42582 0.0
48813 0.0
46852 0.0
44262 0.0
42301 0.0
48532 0.0
45803 0.0
50616 0.0
43981 0.0
47483 0.0
45522 0.0
46633 0.0
49327 0.0
44811 0.0
42082 0.0
46352 0.0
50413 0.0
43762 0.0
48032 0.0
45063 0.0
50132 0.0
43481 0.0
44592 0.0
49134 0.0
46149 0.0
44327 0.0
47829 0.0
45868 0.0
43022 0.0
47548 0.0
48659 0.0
46954 0.0
49632 0.0
44108 0.0
42147 0.0
48634 0.0
45649 0.0
50478 0.0
43827 0.0
41866 0.0
47329 0.0
49173 0.0
44913 0.0
42952 0.0
48175 0.0
46214 0.0
50259 0.0
47894 0.0
45165 0.0
49978 0.0
42749 0.0
48980 0.0
47019 0.0
44173 0.0
42468 0.0
45714 0.0
43124 0.0
47394 0.0
48761 0.0
46800 0.0
49494 0.0
48480 0.0
46535 0.0
50324 0.0
43673 0.0
41968 0.0
47191 0.0
45230 0.0
49275 0.0
43392 0.0
44775 0.0
42814 0.0
49045 0.0
46316 0.0
47996 0.0
46035 0.0
49824 0.0
43189 0.0
42595 0.0
46865 0.0
49559 0.0
44275 0.0
42314 0.0
48545 0.0
45816 0.0
50645 0.0
43994 0.0
47240 0.0
45551 0.0
46662 0.0
49340 0.0
44824 0.0
42111 0.0
48342 0.0
50426 0.0
41830 0.0
48061 0.0
45076 0.0
50145 0.0
43510 0.0
44621 0.0
42660 0.0
49147 0.0
46162 0.0
47842 0.0
45881 0.0
49686 0.0
43035 0.0
47561 0.0
48672 0.0
46727 0.0
44121 0.0
42160 0.0
48407 0.0
45678 0.0
50491 0.0
43840 0.0
41895 0.0
47358 0.0
45397 0.0
49186 0.0
44686 0.0
42981 0.0
48188 0.0
50272 0.0
43637 0.0
47907 0.0
45178 0.0
50007 0.0
43356 0.0
42506 0.0
48993 0.0
44186 0.0
42481 0.0
47688 0.0
45743 0.0
49788 0.0
43905 0.0
47423 0.0
45462 0.0
46829 0.0
49507 0.0
45007 0.0
42022 0.0
48509 0.0
46548 0.0
50337 0.0
43702 0.0
47204 0.0
45243 0.0
50056 0.0
44507 0.0
47753 0.0
46048 0.0
42608 0.0
48855 0.0
46894 0.0
49572 0.0
44032 0.0
42343 0.0
48574 0.0
50658 0.0
44023 0.0
47269 0.0
46675 0.0
44853 0.0
42892 0.0
48355 0.0
46394 0.0
50199 0.0
43548 0.0
48074 0.0
45089 0.0
50174 0.0
43267 0.0
44634 0.0
42673 0.0
48904 0.0
46191 0.0
44353 0.0
47871 0.0
45910 0.0
49699 0.0
43048 0.0
47590 0.0
48701 0.0
46740 0.0
44150 0.0
42189 0.0
45691 0.0
50504 0.0
43869 0.0
41908 0.0
47115 0.0
45410 0.0
49215 0.0
44699 0.0
42994 0.0
48201 0.0
46240 0.0
50301 0.0
44418 0.0
47920 0.0
45975 0.0
50020 0.0
43369 0.0
42535 0.0
49022 0.0
47061 0.0
42254 0.0
47717 0.0
45756 0.0
50569 0.0
43934 0.0
47436 0.0
45475 0.0
46842 0.0
49520 0.0
42035 0.0
48266 0.0
46561 0.0
50366 0.0
43715 0.0
50085 0.0
43434 0.0
44545 0.0
42840 0.0
49087 0.0
46102 0.0
47782 0.0
46077 0.0
49866 0.0
43231 0.0
47501 0.0
48868 0.0
46907 0.0
49585 0.0
50696 0.0
44061 0.0
42356 0.0
48587 0.0
50687 0.0
43780 0.0
47282 0.0
45321 0.0
46688 0.0
49382 0.0
44866 0.0
42905 0.0
46423 0.0
50212 0.0
48103 0.0
45118 0.0
43280 0.0
44663 0.0
42702 0.0
46204 0.0
44382 0.0
42421 0.0
47628 0.0
45923 0.0
49712 0.0
43077 0.0
47603 0.0
48714 0.0
46753 0.0
49447 0.0
44931 0.0
42202 0.0
48433 0.0
50533 0.0
43882 0.0
41921 0.0
47128 0.0
45439 0.0
49228 0.0
44712 0.0
42767 0.0
48230 0.0
46269 0.0
44447 0.0
47949 0.0
45988 0.0
50033 0.0
43142 0.0
47074 0.0
44228 0.0
42267 0.0
45769 0.0
50598 0.0
43947 0.0
49293 0.0
45033 0.0
42048 0.0
48295 0.0
46590 0.0
50379 0.0
43728 0.0
48014 0.0
45285 0.0
43463 0.0
44574 0.0
42869 0.0
46115 0.0
44293 0.0
47795 0.0
45834 0.0
49895 0.0
43244 0.0
47514 0.0
48881 0.0
46920 0.0
44074 0.0
42113 0.0
45631 0.0
50444 0.0
43793 0.0
47311 0.0
49395 0.0
44895 0.0
42934 0.0
46436 0.0
50225 0.0
43590 0.0
48116 0.0
49944 0.0
43309 0.0
42715 0.0
48946 0.0
46985 0.0
44395 0.0
42434 0.0
47641 0.0
45936 0.0
43090 0.0
47360 0.0
48743 0.0
49460 0.0
44944 0.0
42231 0.0
46501 0.0
50546 0.0
43655 0.0
47157 0.0
45196 0.0
49241 0.0
44741 0.0
42780 0.0
48243 0.0
46282 0.0
44460 0.0
47962 0.0
43155 0.0
42561 0.0
48792 0.0
47103 0.0
44241 0.0
42280 0.0
48527 0.0
45798 0.0
50611 0.0
43960 0.0
47478 0.0
45517 0.0
46628 0.0
49306 0.0
42077 0.0
48308 0.0
46347 0.0
50392 0.0
43757 0.0
48027 0.0
45298 0.0
50127 0.0
43476 0.0
44587 0.0
42626 0.0
49113 0.0
46128 0.0
44306 0.0
47808 0.0
45863 0.0
49908 0.0
43257 0.0
47543 0.0
48654 0.0
46949 0.0
49627 0.0
44103 0.0
42142 0.0
45644 0.0
50457 0.0
43822 0.0
41861 0.0
47324 0.0
45363 0.0
49152 0.0
44908 0.0
48154 0.0
46449 0.0
43603 0.0
47873 0.0
45144 0.0
49973 0.0
43322 0.0
42728 0.0
48975 0.0
47014 0.0
44408 0.0
42463 0.0
47670 0.0
45709 0.0
49754 0.0
43119 0.0
47389 0.0
48756 0.0
46795 0.0
49473 0.0
44973 0.0
41988 0.0
48475 0.0
46514 0.0
50319 0.0
43668 0.0
41963 0.0
47170 0.0
45209 0.0
49270 0.0
44754 0.0
42793 0.0
49024 0.0
46311 0.0
44473 0.0
47991 0.0
46030 0.0
49819 0.0
43168 0.0
48821 0.0
46860 0.0
49538 0.0
44270 0.0
42309 0.0
48540 0.0
45811 0.0
50624 0.0
43989 0.0
47235 0.0
45530 0.0
46641 0.0
49335 0.0
44819 0.0
42090 0.0
48321 0.0
46360 0.0
43770 0.0
41809 0.0
45071 0.0
43489 0.0
44600 0.0
49142 0.0
46157 0.0
42374 0.0
47837 0.0
45876 0.0
49665 0.0
43030 0.0
47556 0.0
48667 0.0
46962 0.0
49640 0.0
44116 0.0
42155 0.0
45657 0.0
48386 0.0
50486 0.0
43835 0.0
41874 0.0
47337 0.0
49181 0.0
44921 0.0
48183 0.0
43616 0.0
47902 0.0
45173 0.0
49986 0.0
43351 0.0
42501 0.0
48988 0.0
47027 0.0
42476 0.0
47683 0.0
45722 0.0
43132 0.0
47402 0.0
45441 0.0
49502 0.0
44986 0.0
42001 0.0
48488 0.0
46543 0.0
50332 0.0
43681 0.0
41976 0.0
47199 0.0
50051 0.0
43400 0.0
42822 0.0
49053 0.0
46324 0.0
44502 0.0
47748 0.0
46043 0.0
49832 0.0
43197 0.0
42603 0.0
48834 0.0
49567 0.0
44283 0.0
42322 0.0
48553 0.0
50653 0.0
44002 0.0
45559 0.0
46670 0.0
49348 0.0
44832 0.0
42887 0.0
48350 0.0
46389 0.0
43543 0.0
41838 0.0
48069 0.0
45084 0.0
50153 0.0
43518 0.0
44629 0.0
42668 0.0
46170 0.0
44348 0.0
42387 0.0
45889 0.0
49694 0.0
43043 0.0
47569 0.0
49413 0.0
44129 0.0
42168 0.0
48415 0.0
45686 0.0
50499 0.0
43848 0.0
41903 0.0
47110 0.0
49194 0.0
44694 0.0
42989 0.0
48196 0.0
46235 0.0
50280 0.0
43645 0.0
47915 0.0
45954 0.0
43364 0.0
42514 0.0
49001 0.0
44194 0.0
42489 0.0
45751 0.0
50564 0.0
43913 0.0
47431 0.0
45470 0.0
46837 0.0
49515 0.0
45015 0.0
42030 0.0
48261 0.0
46556 0.0
50345 0.0
43710 0.0
45251 0.0
50064 0.0
43429 0.0
44796 0.0
42835 0.0
49066 0.0
46081 0.0
44515 0.0
47761 0.0
46056 0.0
43210 0.0
42616 0.0
48863 0.0
46902 0.0
49580 0.0
50691 0.0
44040 0.0
42351 0.0
48582 0.0
45597 0.0
50666 0.0
47277 0.0
45316 0.0
46683 0.0
49361 0.0
48363 0.0
46402 0.0
50207 0.0
43556 0.0
41851 0.0
48082 0.0
45097 0.0
49926 0.0
43275 0.0
44642 0.0
48912 0.0
46199 0.0
44361 0.0
42400 0.0
47623 0.0
45918 0.0
49707 0.0
43056 0.0
46748 0.0
49426 0.0
44158 0.0
42197 0.0
48428 0.0
46467 0.0
50512 0.0
43877 0.0
41916 0.0
47123 0.0
45418 0.0
49223 0.0
43002 0.0
48209 0.0
46248 0.0
44426 0.0
47928 0.0
45983 0.0
50028 0.0
48774 0.0
47069 0.0
44223 0.0
42262 0.0
47725 0.0
45764 0.0
43942 0.0
47444 0.0
45483 0.0
46594 0.0
49528 0.0
45028 0.0
42043 0.0
48274 0.0
46569 0.0
50374 0.0
43723 0.0
47225 0.0
50093 0.0
43442 0.0
44553 0.0
42848 0.0
49095 0.0
46110 0.0
44528 0.0
47790 0.0
45829 0.0
49874 0.0
43239 0.0
48876 0.0
46915 0.0
49593 0.0
50704 0.0
44069 0.0
42364 0.0
48595 0.0
45610 0.0
50439 0.0
43788 0.0
47290 0.0
45329 0.0
46696 0.0
49390 0.0
42913 0.0
48376 0.0
50220 0.0
43569 0.0
48111 0.0
45126 0.0
49939 0.0
43288 0.0
44671 0.0
42710 0.0
48941 0.0
46980 0.0
44390 0.0
42429 0.0
45931 0.0
49720 0.0
43085 0.0
47611 0.0
48722 0.0
49455 0.0
44939 0.0
42210 0.0
48441 0.0
46480 0.0
50541 0.0
43890 0.0
41929 0.0
47136 0.0
45191 0.0
49236 0.0
42775 0.0
46277 0.0
47957 0.0
45996 0.0
50041 0.0
42556 0.0
48787 0.0
44236 0.0
42275 0.0
50606 0.0
43955 0.0
47457 0.0
46623 0.0
49301 0.0
45041 0.0
42056 0.0
46342 0.0
50387 0.0
43736 0.0
48022 0.0
45293 0.0
50106 0.0
43471 0.0
44582 0.0
42877 0.0
46123 0.0
44301 0.0
47803 0.0
45842 0.0
49903 0.0
43252 0.0
47522 0.0
49622 0.0
48608 0.0
45639 0.0
50452 0.0
47319 0.0
45358 0.0
49403 0.0
44903 0.0
48149 0.0
46444 0.0
43598 0.0
48124 0.0
45139 0.0
49952 0.0
43317 0.0
42723 0.0
46993 0.0
48954 0.0
44403 0.0
42442 0.0
47649 0.0
45944 0.0
49749 0.0
43098 0.0
47368 0.0
48751 0.0
49468 0.0
44952 0.0
42239 0.0
43663 0.0
41958 0.0
47165 0.0
45204 0.0
49249 0.0
44749 0.0
48251 0.0
46290 0.0
44468 0.0
47970 0.0
49814 0.0
43163 0.0
42569 0.0
48800 0.0
46855 0.0
44249 0.0
42288 0.0
48535 0.0
45806 0.0
47486 0.0
45525 0.0
46636 0.0
49314 0.0
44814 0.0
42085 0.0
48316 0.0
46355 0.0
50400 0.0
43765 0.0
48035 0.0
45306 0.0
50135 0.0
43484 0.0
44595 0.0
42634 0.0
49121 0.0
46136 0.0
44314 0.0
45871 0.0
49916 0.0
43009 0.0
47551 0.0
48662 0.0
46957 0.0
49635 0.0
44111 0.0
42150 0.0
48637 0.0
45652 0.0
50465 0.0
43830 0.0
41869 0.0
47332 0.0
45371 0.0
49160 0.0
44916 0.0
42955 0.0
48162 0.0
46457 0.0
50262 0.0
43611 0.0
47881 0.0
49981 0.0
43330 0.0
42736 0.0
48983 0.0
47022 0.0
44160 0.0
42471 0.0
47678 0.0
45717 0.0
49762 0.0
43127 0.0
47397 0.0
48764 0.0
46803 0.0
44981 0.0
41996 0.0
48483 0.0
46522 0.0
50327 0.0
43676 0.0
41971 0.0
47178 0.0
45217 0.0
43395 0.0
44762 0.0
42801 0.0
49032 0.0
44481 0.0
47999 0.0
46038 0.0
49827 0.0
42598 0.0
48829 0.0
46868 0.0
49546 0.0
44278 0.0
42317 0.0
48548 0.0
45819 0.0
50632 0.0
43997 0.0
47243 0.0
45538 0.0
46649 0.0
49343 0.0
44827 0.0
42098 0.0
48329 0.0
46368 0.0
50429 0.0
43522 0.0
41817 0.0
48048 0.0
45079 0.0
50148 0.0
43497 0.0
44608 0.0
42663 0.0
46165 0.0
44343 0.0
42382 0.0
47845 0.0
49673 0.0
43038 0.0
47564 0.0
48675 0.0
49648 0.0
44124 0.0
42163 0.0
45665 0.0
50494 0.0
43843 0.0
41882 0.0
47345 0.0
49189 0.0
44673 0.0
42968 0.0
46230 0.0
50275 0.0
43624 0.0
47910 0.0
45181 0.0
49994 0.0
42509 0.0
48996 0.0
47035 0.0
44189 0.0
42484 0.0
47691 0.0
45730 0.0
43908 0.0
47410 0.0
46816 0.0
49510 0.0
44994 0.0
42009 0.0
48496 0.0
46551 0.0
50340 0.0
43689 0.0
47207 0.0
45246 0.0
43408 0.0
44791 0.0
42830 0.0
46332 0.0
44510 0.0
47756 0.0
46051 0.0
49840 0.0
43205 0.0
42611 0.0
46881 0.0
49575 0.0
44035 0.0
42330 0.0
48561 0.0
45576 0.0
44010 0.0
47256 0.0
45567 0.0
46678 0.0
49356 0.0
44840 0.0
42895 0.0
48358 0.0
50186 0.0
43551 0.0
41846 0.0
48077 0.0
45092 0.0
50161 0.0
43270 0.0
44637 0.0
42676 0.0
48907 0.0
46178 0.0
44356 0.0
45897 0.0
49702 0.0
43051 0.0
47577 0.0
48688 0.0
46743 0.0
44137 0.0
42176 0.0
48423 0.0
45694 0.0
50507 0.0
43856 0.0
41911 0.0
47118 0.0
45413 0.0
44702 0.0
42997 0.0
48204 0.0
46243 0.0
44421 0.0
47923 0.0
45962 0.0
43372 0.0
42522 0.0
49009 0.0
47048 0.0
47704 0.0
45759 0.0
50572 0.0
43921 0.0
47439 0.0
45478 0.0
46845 0.0
45023 0.0
42038 0.0
48269 0.0
46564 0.0
50353 0.0
47220 0.0
50072 0.0
43437 0.0
44548 0.0
42843 0.0
49074 0.0
44523 0.0
47769 0.0
46064 0.0
49869 0.0
43218 0.0
47488 0.0
48871 0.0
46910 0.0
50699 0.0
42359 0.0
45605 0.0
50674 0.0
43783 0.0
47285 0.0
45324 0.0
46691 0.0
49369 0.0
44869 0.0
42908 0.0
48371 0.0
46410 0.0
50215 0.0
43564 0.0
45105 0.0
49934 0.0
43283 0.0
44650 0.0
42689 0.0
48920 0.0
46207 0.0
44369 0.0
47631 0.0
45926 0.0
43064 0.0
47606 0.0
48717 0.0
46756 0.0
49434 0.0
44934 0.0
42205 0.0
48436 0.0
46475 0.0
50520 0.0
41924 0.0
47131 0.0
45426 0.0
49231 0.0
44715 0.0
42754 0.0
48217 0.0
46256 0.0
44434 0.0
47936 0.0
45991 0.0
50036 0.0
43385 0.0
42551 0.0
48782 0.0
47077 0.0
44231 0.0
47733 0.0
45772 0.0
50585 0.0
47452 0.0
46602 0.0
45036 0.0
42051 0.0
48282 0.0
46577 0.0
50382 0.0
43731 0.0
45272 0.0
50101 0.0
42856 0.0
49103 0.0
46118 0.0
44536 0.0
47798 0.0
45837 0.0
49882 0.0
47517 0.0
48884 0.0
46923 0.0
44077 0.0
42116 0.0
48603 0.0
45618 0.0
50447 0.0
43796 0.0
47298 0.0
45337 0.0
46704 0.0
49398 0.0
44882 0.0
42921 0.0
46439 0.0
50228 0.0
43577 0.0
48119 0.0
45134 0.0
49947 0.0
43296 0.0
42718 0.0
48949 0.0
44398 0.0
42437 0.0
45939 0.0
49728 0.0
43093 0.0
47363 0.0
48730 0.0
49463 0.0
44947 0.0
42218 0.0
48449 0.0
46488 0.0
43898 0.0
41937 0.0
47144 0.0
45199 0.0
49244 0.0
44728 0.0
42783 0.0
48246 0.0
46285 0.0
47965 0.0
46004 0.0
49793 0.0
42564 0.0
48795 0.0
47090 0.0
44244 0.0
42283 0.0
48514 0.0
45785 0.0
50614 0.0
43963 0.0
47465 0.0
46631 0.0
49309 0.0
45049 0.0
42064 0.0
48311 0.0
46350 0.0
43744 0.0
48030 0.0
45301 0.0
50114 0.0
43479 0.0
44590 0.0
42629 0.0
49116 0.0
44309 0.0
47811 0.0
45850 0.0
43260 0.0
47530 0.0
48641 0.0
46936 0.0
49630 0.0
44090 0.0
48616 0.0
45647 0.0
43809 0.0
47327 0.0
45366 0.0
49155 0.0
44911 0.0
48157 0.0
50241 0.0
43606 0.0
47876 0.0
49960 0.0
42731 0.0
48962 0.0
47001 0.0
44411 0.0
42450 0.0
47657 0.0
45696 0.0
49757 0.0
43106 0.0
47376 0.0
48759 0.0
46798 0.0
49476 0.0
44960 0.0
41991 0.0
48478 0.0
46517 0.0
50306 0.0
43671 0.0
41966 0.0
47173 0.0
49257 0.0
44757 0.0
42796 0.0
49027 0.0
46298 0.0
47978 0.0
46017 0.0
42577 0.0
48808 0.0
46863 0.0
49541 0.0
48543 0.0
45814 0.0
50627 0.0
47238 0.0
49322 0.0
42093 0.0
46363 0.0
48324 0.0
50408 0.0
43773 0.0
41812 0.0
48043 0.0
45058 0.0
50143 0.0
43492 0.0
44603 0.0
42642 0.0
49129 0.0
44322 0.0
47824 0.0
45879 0.0
49668 0.0
43017 0.0
47559 0.0
48670 0.0
46965 0.0
49643 0.0
44119 0.0
42158 0.0
48389 0.0
45660 0.0
50473 0.0
41877 0.0
47340 0.0
45379 0.0
49168 0.0
44924 0.0
42963 0.0
48170 0.0
46209 0.0
50270 0.0
43619 0.0
47889 0.0
49989 0.0
43338 0.0
42744 0.0
48991 0.0
47030 0.0
44168 0.0
42479 0.0
47686 0.0
45725 0.0
49770 0.0
43135 0.0
47405 0.0
45444 0.0
46811 0.0
49489 0.0
44989 0.0
42004 0.0
48491 0.0
46530 0.0
50335 0.0
43684 0.0
47186 0.0
45225 0.0
50054 0.0
43403 0.0
44770 0.0
42809 0.0
49040 0.0
46327 0.0
44489 0.0
47751 0.0
46046 0.0
49835 0.0
43184 0.0
42606 0.0
48837 0.0
46876 0.0
49554 0.0
44286 0.0
48556 0.0
45571 0.0
50640 0.0
47251 0.0
45546 0.0
46657 0.0
49351 0.0
44835 0.0
42106 0.0
46376 0.0
50181 0.0
41825 0.0
48056 0.0
45087 0.0
43505 0.0
42671 0.0
48902 0.0
44351 0.0
42390 0.0
47853 0.0
49681 0.0
43046 0.0
47572 0.0
48683 0.0
46722 0.0
49656 0.0
44132 0.0
42171 0.0
48402 0.0
45673 0.0
50502 0.0
43851 0.0
41890 0.0
47353 0.0
45392 0.0
49197 0.0
44681 0.0
42976 0.0
43632 0.0
47918 0.0
45957 0.0
50002 0.0
43367 0.0
42517 0.0
49004 0.0
47043 0.0
44197 0.0
42492 0.0
47699 0.0
45738 0.0
50567 0.0
43916 0.0
45457 0.0
46824 0.0
47418 0.0
49518 0.0
42017 0.0
46559 0.0
50348 0.0
43697 0.0
47215 0.0
45254 0.0
50067 0.0
44799 0.0
49069 0.0
46084 0.0
47764 0.0
46059 0.0
49848 0.0
42619 0.0
48850 0.0
46889 0.0
49583 0.0
50694 0.0
44043 0.0
42338 0.0
48569 0.0
50669 0.0
44018 0.0
47264 0.0
45319 0.0
46686 0.0
49364 0.0
44848 0.0
42903 0.0
48366 0.0
46405 0.0
50194 0.0
43559 0.0
41854 0.0
48085 0.0
50169 0.0
43278 0.0
44645 0.0
48915 0.0
46186 0.0
42403 0.0
47866 0.0
45905 0.0
49710 0.0
43059 0.0
47585 0.0
48696 0.0
46751 0.0
49429 0.0
42184 0.0
48431 0.0
46470 0.0
50515 0.0
43864 0.0
41919 0.0
47126 0.0
45421 0.0
49210 0.0
44710 0.0
43005 0.0
48212 0.0
46251 0.0
50296 0.0
44429 0.0
47931 0.0
45970 0.0
50031 0.0
43380 0.0
42530 0.0
47056 0.0
44210 0.0
42249 0.0
47712 0.0
45767 0.0
50580 0.0
43929 0.0
45486 0.0
46597 0.0
49531 0.0
45031 0.0
42046 0.0
48277 0.0
46572 0.0
50361 0.0
43726 0.0
47228 0.0
45267 0.0
50080 0.0
43445 0.0
44556 0.0
46097 0.0
44531 0.0
47777 0.0
46072 0.0
49877 0.0
43226 0.0
47496 0.0
48879 0.0
49596 0.0
50707 0.0
44056 0.0
42367 0.0
48598 0.0
45613 0.0
50682 0.0
43791 0.0
47293 0.0
45332 0.0
46699 0.0
49377 0.0
44877 0.0
42916 0.0
48379 0.0
46418 0.0
50223 0.0
43572 0.0
48098 0.0
45113 0.0
49942 0.0
43291 0.0
44658 0.0
42697 0.0
48928 0.0
46983 0.0
44377 0.0
42416 0.0
45934 0.0
49723 0.0
43072 0.0
47614 0.0
48725 0.0
46764 0.0
49442 0.0
44942 0.0
42213 0.0
48444 0.0
46483 0.0
50528 0.0
43893 0.0
41932 0.0
47139 0.0
45434 0.0
49239 0.0
42762 0.0
48225 0.0
46264 0.0
44442 0.0
47944 0.0
45999 0.0
50044 0.0
43137 0.0
42559 0.0
48790 0.0
47741 0.0
45780 0.0
50593 0.0
43958 0.0
47460 0.0
45499 0.0
46610 0.0
49288 0.0
45044 0.0
42059 0.0
48290 0.0
46585 0.0
50390 0.0
43739 0.0
45280 0.0
50109 0.0
43458 0.0
44569 0.0
49111 0.0
46126 0.0
44288 0.0
47806 0.0
45845 0.0
49890 0.0
43255 0.0
47525 0.0
49609 0.0
44085 0.0
42124 0.0
48611 0.0
45626 0.0
47306 0.0
45345 0.0
46712 0.0
49406 0.0
44890 0.0
48136 0.0
50236 0.0
43585 0.0
42726 0.0
48957 0.0
46996 0.0
44406 0.0
47652 0.0
45947 0.0
49736 0.0
47371 0.0
48738 0.0
46777 0.0
49471 0.0
44955 0.0
42226 0.0
48457 0.0
46496 0.0
50557 0.0
43650 0.0
41945 0.0
47152 0.0
45207 0.0
42791 0.0
44471 0.0
47973 0.0
46012 0.0
43166 0.0
42572 0.0
48803 0.0
47098 0.0
44252 0.0
42291 0.0
48522 0.0
50622 0.0
43971 0.0
45512 0.0
46639 0.0
49317 0.0
44801 0.0
42072 0.0
48319 0.0
50403 0.0
43752 0.0
41807 0.0
48038 0.0
45309 0.0
50122 0.0
43487 0.0
44598 0.0
42637 0.0
49124 0.0
46139 0.0
44317 0.0
47819 0.0
45858 0.0
49919 0.0
43012 0.0
47538 0.0
48649 0.0
46944 0.0
49638 0.0
44098 0.0
42137 0.0
45655 0.0
50468 0.0
43817 0.0
41856 0.0
47335 0.0
45374 0.0
49163 0.0
44919 0.0
42958 0.0
48165 0.0
46460 0.0
43614 0.0
47884 0.0
45155 0.0
49968 0.0
43333 0.0
42739 0.0
48970 0.0
47009 0.0
44163 0.0
42458 0.0
47665 0.0
45704 0.0
49765 0.0
43114 0.0
47384 0.0
48767 0.0
46806 0.0
49484 0.0
44968 0.0
41999 0.0
48486 0.0
46525 0.0
50314 0.0
43679 0.0
49265 0.0
43398 0.0
44765 0.0
49035 0.0
46306 0.0
44484 0.0
47986 0.0
46025 0.0
49830 0.0
43179 0.0
42585 0.0
48816 0.0
46871 0.0
49549 0.0
44265 0.0
42304 0.0
45822 0.0
50635 0.0
43984 0.0
47246 0.0
45541 0.0
46652 0.0
49330 0.0
44830 0.0
42101 0.0
48332 0.0
50416 0.0
43525 0.0
41820 0.0
48051 0.0
45066 0.0
50151 0.0
44611 0.0
49137 0.0
46152 0.0
44330 0.0
42369 0.0
47832 0.0
45887 0.0
49676 0.0
43025 0.0
47567 0.0
48678 0.0
46973 0.0
49651 0.0
44127 0.0
48397 0.0
45668 0.0
50481 0.0
41885 0.0
47348 0.0
45387 0.0
49176 0.0
44676 0.0
42971 0.0
48178 0.0
46217 0.0
50278 0.0
43627 0.0
47897 0.0
45168 0.0
49997 0.0
43346 0.0
42496 0.0
47038 0.0
48999 0.0
44176 0.0
42487 0.0
47694 0.0
45733 0.0
49778 0.0
43911 0.0
47413 0.0
45452 0.0
46819 0.0
49497 0.0
44997 0.0
42012 0.0
46538 0.0
50343 0.0
43692 0.0
47194 0.0
50062 0.0
42817 0.0
49048 0.0
46335 0.0
44497 0.0
46054 0.0
49843 0.0
42614 0.0
46884 0.0
49562 0.0
44038 0.0
42333 0.0
48564 0.0
45579 0.0
50648 0.0
44013 0.0
47259 0.0
45554 0.0
46665 0.0
49359 0.0
44843 0.0
42882 0.0
48345 0.0
46384 0.0
50189 0.0
43538 0.0
41833 0.0
45095 0.0
50164 0.0
43513 0.0
44624 0.0
46181 0.0
44359 0.0
42398 0.0
47861 0.0
45900 0.0
49689 0.0
43054 0.0
47580 0.0
48691 0.0
46730 0.0
49408 0.0
44140 0.0
42179 0.0
48410 0.0
45681 0.0
50510 0.0
41898 0.0
47105 0.0
49205 0.0
44689 0.0
42984 0.0
48207 0.0
46246 0.0
50291 0.0
43640 0.0
47926 0.0
45965 0.0
50010 0.0
43375 0.0
42525 0.0
49012 0.0
44205 0.0
42244 0.0
47707 0.0
45746 0.0
50575 0.0
43924 0.0
47426 0.0
45465 0.0
46832 0.0
49526 0.0
42025 0.0
48256 0.0
50356 0.0
43705 0.0
50075 0.0
43424 0.0
44551 0.0
49077 0.0
44526 0.0
47772 0.0
46067 0.0
49856 0.0
43221 0.0
47491 0.0
48858 0.0
50702 0.0
44051 0.0
42346 0.0
45592 0.0
48577 0.0
50677 0.0
44026 0.0
45327 0.0
46694 0.0
49372 0.0
44856 0.0
46413 0.0
50202 0.0
43567 0.0
48093 0.0
45108 0.0
43286 0.0
44653 0.0
42692 0.0
46194 0.0
42411 0.0
45913 0.0
49718 0.0
43067 0.0
47593 0.0
48704 0.0
46759 0.0
49437 0.0
44153 0.0
42192 0.0
48439 0.0
46478 0.0
50523 0.0
43872 0.0
41927 0.0
47134 0.0
45429 0.0
49218 0.0
42757 0.0
48220 0.0
46259 0.0
44437 0.0
47939 0.0
43388 0.0
42538 0.0
48769 0.0
47064 0.0
44218 0.0
42257 0.0
47720 0.0
43937 0.0
47455 0.0
45494 0.0
46605 0.0
45039 0.0
48285 0.0
50369 0.0
43734 0.0
48004 0.0
45275 0.0
50088 0.0
43453 0.0
44564 0.0
42859 0.0
49090 0.0
46105 0.0
44539 0.0
47785 0.0
45824 0.0
43234 0.0
47504 0.0
48887 0.0
49604 0.0
50715 0.0
44064 0.0
42119 0.0
48606 0.0
45621 0.0
50434 0.0
43799 0.0
47301 0.0
45340 0.0
46707 0.0
49385 0.0
44885 0.0
42924 0.0
48131 0.0
46426 0.0
50231 0.0
43580 0.0
48106 0.0
45121 0.0
49950 0.0
43299 0.0
44666 0.0
42705 0.0
44385 0.0
42424 0.0
47647 0.0
45942 0.0
49731 0.0
43080 0.0
47366 0.0
48733 0.0
46772 0.0
49450 0.0
44950 0.0
46491 0.0
50536 0.0
43901 0.0
41940 0.0
47147 0.0
45186 0.0
42770 0.0
48233 0.0
44450 0.0
47952 0.0
46007 0.0
49796 0.0
43145 0.0
42567 0.0
48798 0.0
47093 0.0
44247 0.0
42286 0.0
48517 0.0
45788 0.0
50601 0.0
43966 0.0
47468 0.0
45507 0.0
46618 0.0
49296 0.0
45052 0.0
42067 0.0
48298 0.0
50398 0.0
43747 0.0
48017 0.0
50117 0.0
43466 0.0
44577 0.0
42872 0.0
49119 0.0
44296 0.0
47814 0.0
49898 0.0
47533 0.0
48644 0.0
46939 0.0
49617 0.0
44093 0.0
42132 0.0
48619 0.0
45634 0.0
50463 0.0
43812 0.0
45353 0.0
49158 0.0
44898 0.0
42937 0.0
48144 0.0
46455 0.0
50244 0.0
43593 0.0
47879 0.0
45150 0.0
49963 0.0
42734 0.0
48965 0.0
47004 0.0
44414 0.0
42453 0.0
47660 0.0
45699 0.0
49744 0.0
43109 0.0
47379 0.0
48746 0.0
49479 0.0
44963 0.0
42234 0.0
48465 0.0
46504 0.0
50309 0.0
43658 0.0
45215 0.0
49260 0.0
44744 0.0
42799 0.0
49030 0.0
46301 0.0
47981 0.0
46020 0.0
49809 0.0
43174 0.0
42580 0.0
48811 0.0
46850 0.0
44260 0.0
42299 0.0
48530 0.0
45801 0.0
50630 0.0
43979 0.0
47481 0.0
45520 0.0
46647 0.0
44809 0.0
48327 0.0
46366 0.0
50411 0.0
43760 0.0
41815 0.0
48046 0.0
45061 0.0
50130 0.0
43495 0.0
44606 0.0
42645 0.0
49132 0.0
46147 0.0
44325 0.0
47827 0.0
45866 0.0
49671 0.0
43020 0.0
47546 0.0
48657 0.0
46952 0.0
49646 0.0
44106 0.0
42145 0.0
48632 0.0
45663 0.0
50476 0.0
41864 0.0
47343 0.0
49171 0.0
44927 0.0
42966 0.0
48173 0.0
46212 0.0
50257 0.0
43622 0.0
45163 0.0
47892 0.0
49976 0.0
43341 0.0
42747 0.0
48978 0.0
47017 0.0
44171 0.0
42466 0.0
47673 0.0
45712 0.0
49773 0.0
43122 0.0
47392 0.0
45447 0.0
46814 0.0
49492 0.0
44976 0.0
42007 0.0
48494 0.0
50322 0.0
43687 0.0
41982 0.0
47189 0.0
45228 0.0
49273 0.0
43406 0.0
44773 0.0
42812 0.0
49043 0.0
46314 0.0
44492 0.0
47994 0.0
46033 0.0
49838 0.0
43187 0.0
42593 0.0
48824 0.0
46879 0.0
49557 0.0
44273 0.0
48559 0.0
45574 0.0
43992 0.0
46660 0.0
49338 0.0
44838 0.0
42109 0.0
48340 0.0
46379 0.0
50424 0.0
43533 0.0
48059 0.0
45074 0.0
50159 0.0
43508 0.0
44619 0.0
42658 0.0
49145 0.0
46160 0.0
44338 0.0
42377 0.0
47840 0.0
45895 0.0
47575 0.0
48686 0.0
46725 0.0
49659 0.0
44135 0.0
42174 0.0
50489 0.0
43854 0.0
41893 0.0
47356 0.0
45395 0.0
44684 0.0
42979 0.0
48186 0.0
46225 0.0
50286 0.0
43635 0.0
47905 0.0
45176 0.0
50005 0.0
43354 0.0
42504 0.0
49007 0.0
47046 0.0
44184 0.0
42495 0.0
47702 0.0
45741 0.0
49786 0.0
43919 0.0
47421 0.0
45460 0.0
46827 0.0
49505 0.0
42020 0.0
48507 0.0
46546 0.0
50351 0.0
47202 0.0
45241 0.0
50070 0.0
43419 0.0
42825 0.0
49056 0.0
46087 0.0
44505 0.0
47767 0.0
46062 0.0
43200 0.0
42622 0.0
48853 0.0
46892 0.0
49570 0.0
44046 0.0
42341 0.0
48572 0.0
45587 0.0
50656 0.0
44851 0.0
42890 0.0
46392 0.0
50197 0.0
43546 0.0
41841 0.0
48072 0.0
45103 0.0
50172 0.0
43265 0.0
44632 0.0
42687 0.0
44367 0.0
42406 0.0
47869 0.0
45908 0.0
43062 0.0
47588 0.0
48699 0.0
46738 0.0
49416 0.0
44148 0.0
42187 0.0
48418 0.0
50518 0.0
43867 0.0
41906 0.0
47113 0.0
49213 0.0
44697 0.0
42992 0.0
48215 0.0
46254 0.0
50299 0.0
44416 0.0
45973 0.0
50018 0.0
43383 0.0
42533 0.0
49020 0.0
47059 0.0
44213 0.0
42252 0.0
47715 0.0
45754 0.0
50583 0.0
43932 0.0
47434 0.0
45473 0.0
46840 0.0
49534 0.0
45018 0.0
42033 0.0
48264 0.0
46575 0.0
50364 0.0
43713 0.0
47231 0.0
45270 0.0
50083 0.0
43432 0.0
44559 0.0
42854 0.0
49085 0.0
46100 0.0
47780 0.0
46075 0.0
49864 0.0
43229 0.0
47499 0.0
48866 0.0
46905 0.0
49599 0.0
50710 0.0
44059 0.0
42354 0.0
48585 0.0
43778 0.0
47280 0.0
46702 0.0
49380 0.0
44864 0.0
42919 0.0
48382 0.0
46421 0.0
43575 0.0
48101 0.0
45116 0.0
49929 0.0
43294 0.0
44661 0.0
42700 0.0
48931 0.0
46202 0.0
42419 0.0
47626 0.0
45921 0.0
49726 0.0
43075 0.0
47601 0.0
48712 0.0
46767 0.0
49445 0.0
44929 0.0
48447 0.0
46486 0.0
50531 0.0
43880 0.0
41935 0.0
47142 0.0
45437 0.0
49226 0.0
44726 0.0
42765 0.0
48228 0.0
44445 0.0
47947 0.0
45986 0.0
50047 0.0
43140 0.0
42546 0.0
47072 0.0
44226 0.0
42265 0.0
47728 0.0
45783 0.0
50596 0.0
43945 0.0
45502 0.0
46613 0.0
49291 0.0
45047 0.0
42062 0.0
48293 0.0
46588 0.0
50377 0.0
43742 0.0
43461 0.0
44572 0.0
42867 0.0
49098 0.0
46113 0.0
44291 0.0
45832 0.0
49893 0.0
43242 0.0
47512 0.0
48895 0.0
46934 0.0
49612 0.0
44072 0.0
42127 0.0
48614 0.0
45629 0.0
50442 0.0
43807 0.0
47309 0.0
45348 0.0
44893 0.0
42932 0.0
48139 0.0
46434 0.0
43588 0.0
48114 0.0
45129 0.0
49958 0.0
43307 0.0
42713 0.0
48944 0.0
46999 0.0
44393 0.0
42432 0.0
45950 0.0
49739 0.0
43088 0.0
47374 0.0
48741 0.0
49458 0.0
44958 0.0
42229 0.0
48460 0.0
50544 0.0
41948 0.0
47155 0.0
45194 0.0
49255 0.0
44739 0.0
48241 0.0
46280 0.0
44458 0.0
46015 0.0
42575 0.0
48806 0.0
47101 0.0
44255 0.0
42294 0.0
48525 0.0
45796 0.0
50609 0.0
47476 0.0
45515 0.0
46626 0.0
49304 0.0
44804 0.0
42075 0.0
46345 0.0
50406 0.0
43755 0.0
48025 0.0
45296 0.0
50125 0.0
43474 0.0
44585 0.0
42624 0.0
49127 0.0
46142 0.0
47822 0.0
45861 0.0
49906 0.0
43015 0.0
47541 0.0
48652 0.0
46947 0.0
49625 0.0
44101 0.0
42140 0.0
48627 0.0
45642 0.0
50471 0.0
43820 0.0
41859 0.0
45361 0.0
49166 0.0
44906 0.0
42945 0.0
48152 0.0
50252 0.0
43601 0.0
45158 0.0
49971 0.0
43320 0.0
42742 0.0
48973 0.0
47012 0.0
47668 0.0
43117 0.0
47387 0.0
48754 0.0
46793 0.0
49487 0.0
44971 0.0
41986 0.0
48473 0.0
46512 0.0
50317 0.0
43666 0.0
41961 0.0
47168 0.0
49268 0.0
44752 0.0
42807 0.0
49038 0.0
46309 0.0
44487 0.0
47989 0.0
46028 0.0
49817 0.0
43182 0.0
42588 0.0
48819 0.0
46858 0.0
49536 0.0
44268 0.0
42307 0.0
45809 0.0
48538 0.0
50638 0.0
43987 0.0
47233 0.0
45528 0.0
46655 0.0
44817 0.0
42088 0.0
48335 0.0
46374 0.0
50419 0.0
43768 0.0
41823 0.0
45069 0.0
50138 0.0
43503 0.0
44614 0.0
42653 0.0
49140 0.0
46155 0.0
44333 0.0
42372 0.0
47835 0.0
45874 0.0
49679 0.0
43028 0.0
47554 0.0
48665 0.0
46960 0.0
49654 0.0
44114 0.0
42153 0.0
48384 0.0
45671 0.0
50484 0.0
43833 0.0
41872 0.0
47351 0.0
45390 0.0
49179 0.0
44679 0.0
42974 0.0
50265 0.0
43630 0.0
47900 0.0
45171 0.0
43349 0.0
48986 0.0
47025 0.0
44179 0.0
47681 0.0
45720 0.0
49781 0.0
43130 0.0
47400 0.0
45455 0.0
49500 0.0
44984 0.0
42015 0.0
48502 0.0
46541 0.0
50330 0.0
43695 0.0
47197 0.0
45236 0.0
50049 0.0
43414 0.0
44781 0.0
42820 0.0
49051 0.0
46322 0.0
44500 0.0
47746 0.0
46041 0.0
49846 0.0
43195 0.0
42601 0.0
48832 0.0
46887 0.0
49565 0.0
44281 0.0
42320 0.0
48567 0.0
45582 0.0
50651 0.0
44000 0.0
47262 0.0
45557 0.0
46668 0.0
49346 0.0
44846 0.0
42885 0.0
48348 0.0
46387 0.0
50176 0.0
48067 0.0
45082 0.0
50167 0.0
43516 0.0
44627 0.0
42666 0.0
48897 0.0
46168 0.0
44346 0.0
42385 0.0
47848 0.0
45903 0.0
43041 0.0
47583 0.0
48694 0.0
46733 0.0
44143 0.0
42182 0.0
48413 0.0
45684 0.0
50497 0.0
41901 0.0
47108 0.0
45403 0.0
44692 0.0
42987 0.0
48194 0.0
46233 0.0
50294 0.0
43643 0.0
47913 0.0
50013 0.0
43362 0.0
42512 0.0
49015 0.0
47054 0.0
44192 0.0
47710 0.0
50562 0.0
43927 0.0
47429 0.0
45468 0.0
45013 0.0
42028 0.0
46554 0.0
50359 0.0
43708 0.0
47210 0.0
45249 0.0
50078 0.0
43427 0.0
44794 0.0
42833 0.0
49064 0.0
46095 0.0
44513 0.0
47775 0.0
46070 0.0
49859 0.0
43208 0.0
47494 0.0
48861 0.0
46900 0.0
49578 0.0
44054 0.0
48580 0.0
45595 0.0
50664 0.0
44029 0.0
47275 0.0
45314 0.0
46681 0.0
49375 0.0
44859 0.0
42898 0.0
48361 0.0
46400 0.0
50205 0.0
43554 0.0
48080 0.0
45111 0.0
49924 0.0
43273 0.0
44640 0.0
42695 0.0
48926 0.0
46197 0.0
44375 0.0
42414 0.0
47621 0.0
45916 0.0
49705 0.0
43070 0.0
47596 0.0
48707 0.0
46746 0.0
49424 0.0
44156 0.0
48426 0.0
46465 0.0
50526 0.0
43875 0.0
41914 0.0
47121 0.0
45416 0.0
44705 0.0
43000 0.0
48223 0.0
46262 0.0
44424 0.0
47942 0.0
45981 0.0
50026 0.0
43391 0.0
42541 0.0
48772 0.0
47067 0.0
44221 0.0
42260 0.0
47723 0.0
45762 0.0
50591 0.0
43940 0.0
47442 0.0
45481 0.0
46592 0.0
45026 0.0
42041 0.0
46583 0.0
50372 0.0
43721 0.0
50091 0.0
43440 0.0
44567 0.0
42862 0.0
49093 0.0
46108 0.0
44542 0.0
45827 0.0
49872 0.0
43237 0.0
47507 0.0
48874 0.0
46913 0.0
49607 0.0
50718 0.0
42362 0.0
48593 0.0
45608 0.0
50437 0.0
43786 0.0
47288 0.0
45343 0.0
46710 0.0
49388 0.0
44872 0.0
42927 0.0
48134 0.0
46429 0.0
50218 0.0
43583 0.0
45124 0.0
49937 0.0
43302 0.0
44669 0.0
46978 0.0
44388 0.0
42427 0.0
47634 0.0
45929 0.0
49734 0.0
43083 0.0
47609 0.0
48720 0.0
46775 0.0
49453 0.0
42208 0.0
48455 0.0
46494 0.0
43888 0.0
41943 0.0
47150 0.0
45189 0.0
44734 0.0
42773 0.0
48236 0.0
46275 0.0
44453 0.0
47955 0.0
45994 0.0
43148 0.0
42554 0.0
47080 0.0
44234 0.0
42273 0.0
47736 0.0
45791 0.0
50604 0.0
43953 0.0
49299 0.0
45055 0.0
42070 0.0
48301 0.0
46340 0.0
50385 0.0
43750 0.0
50104 0.0
43469 0.0
44580 0.0
42875 0.0
49106 0.0
46121 0.0
44299 0.0
47801 0.0
45840 0.0
49901 0.0
48647 0.0
46942 0.0
49620 0.0
44080 0.0
42135 0.0
48622 0.0
45637 0.0
50450 0.0
43815 0.0
47317 0.0
45356 0.0
49401 0.0
44901 0.0
42940 0.0
48147 0.0
46442 0.0
43596 0.0
48122 0.0
45137 0.0
49966 0.0
43315 0.0
42721 0.0
48952 0.0
47007 0.0
44401 0.0
47663 0.0
45702 0.0
49747 0.0
43096 0.0
47382 0.0
48749 0.0
46788 0.0
49466 0.0
44966 0.0
42237 0.0
48468 0.0
46507 0.0
50552 0.0
43661 0.0
41956 0.0
47163 0.0
49263 0.0
44747 0.0
42786 0.0
48249 0.0
44466 0.0
46023 0.0
42583 0.0
48814 0.0
46853 0.0
44263 0.0
42302 0.0
48533 0.0
45804 0.0
50617 0.0
43982 0.0
47484 0.0
46634 0.0
49312 0.0
44812 0.0
42083 0.0
48314 0.0
43763 0.0
41802 0.0
48033 0.0
45304 0.0
50133 0.0
43482 0.0
44593 0.0
42632 0.0
49135 0.0
46150 0.0
47830 0.0
43023 0.0
47549 0.0
48660 0.0
49633 0.0
44109 0.0
42148 0.0
48635 0.0
50479 0.0
41867 0.0
47330 0.0
45369 0.0
49174 0.0
44914 0.0
42953 0.0
46215 0.0
50260 0.0
43609 0.0
47895 0.0
49979 0.0
43328 0.0
42750 0.0
48981 0.0
47020 0.0
44174 0.0
42469 0.0
45715 0.0
49760 0.0
43125 0.0
47395 0.0
48762 0.0
49495 0.0
44979 0.0
41994 0.0
48481 0.0
46520 0.0
50325 0.0
49276 0.0
43393 0.0
44760 0.0
49046 0.0
46317 0.0
44495 0.0
46036 0.0
49825 0.0
43190 0.0
42596 0.0
48827 0.0
46866 0.0
49544 0.0
44276 0.0
42315 0.0
45817 0.0
50646 0.0
43995 0.0
47241 0.0
45536 0.0
46663 0.0
49341 0.0
44825 0.0
42096 0.0
48343 0.0
46382 0.0
50427 0.0
43520 0.0
41831 0.0
48062 0.0
45077 0.0
50146 0.0
43511 0.0
44622 0.0
42661 0.0
49148 0.0
46163 0.0
44341 0.0
42380 0.0
47843 0.0
49687 0.0
47562 0.0
48673 0.0
46968 0.0
44122 0.0
42161 0.0
48392 0.0
45679 0.0
50492 0.0
43841 0.0
41880 0.0
47359 0.0
49187 0.0
44687 0.0
42982 0.0
46228 0.0
50273 0.0
43638 0.0
45179 0.0
43357 0.0
42507 0.0
48994 0.0
47033 0.0
44187 0.0
42482 0.0
47689 0.0
45728 0.0
49789 0.0
47408 0.0
45463 0.0
49508 0.0
44992 0.0
42023 0.0
48510 0.0
46549 0.0
50338 0.0
43703 0.0
50057 0.0
43422 0.0
44789 0.0
42828 0.0
49059 0.0
46330 0.0
44508 0.0
47754 0.0
49854 0.0
43203 0.0
42609 0.0
48840 0.0
46895 0.0
49573 0.0
44033 0.0
42328 0.0
50659 0.0
44008 0.0
47270 0.0
45565 0.0
46676 0.0
49354 0.0
44854 0.0
42893 0.0
48356 0.0
46395 0.0
50184 0.0
43549 0.0
41844 0.0
48075 0.0
45090 0.0
50175 0.0
43268 0.0
44635 0.0
48905 0.0
46176 0.0
42393 0.0
47856 0.0
45911 0.0
47591 0.0
49419 0.0
44151 0.0
42190 0.0
48421 0.0
45692 0.0
50505 0.0
41909 0.0
47116 0.0
45411 0.0
49200 0.0
44700 0.0
42995 0.0
48202 0.0
46241 0.0
44419 0.0
47921 0.0
45960 0.0
50021 0.0
43370 0.0
47062 0.0
42255 0.0
47718 0.0
45757 0.0
50570 0.0
43935 0.0
47437 0.0
45476 0.0
46843 0.0
49521 0.0
45021 0.0
42036 0.0
48267 0.0
50367 0.0
43716 0.0
47218 0.0
50086 0.0
43435 0.0
44546 0.0
49072 0.0
46103 0.0
44521 0.0
47783 0.0
46078 0.0
49867 0.0
43216 0.0
47502 0.0
48869 0.0
46908 0.0
49586 0.0
44062 0.0
48588 0.0
45603 0.0
50672 0.0
43781 0.0
47283 0.0
49383 0.0
42906 0.0
48369 0.0
46408 0.0
50213 0.0
48088 0.0
45119 0.0
49932 0.0
43281 0.0
44648 0.0
42703 0.0
48934 0.0
46205 0.0
44383 0.0
42422 0.0
47629 0.0
45924 0.0
43078 0.0
47604 0.0
48715 0.0
46754 0.0
49432 0.0
44932 0.0
42203 0.0
48434 0.0
46473 0.0
50534 0.0
43883 0.0
47129 0.0
45424 0.0
49229 0.0
44713 0.0
42752 0.0
48231 0.0
44432 0.0
47950 0.0
45989 0.0
50034 0.0
43143 0.0
42549 0.0
48780 0.0
47075 0.0
44229 0.0
42268 0.0
47731 0.0
45770 0.0
50599 0.0
47450 0.0
45489 0.0
46600 0.0
49294 0.0
42049 0.0
46591 0.0
48280 0.0
50380 0.0
43729 0.0
48015 0.0
45286 0.0
50099 0.0
43448 0.0
44575 0.0
42870 0.0
49101 0.0
46116 0.0
47796 0.0
45835 0.0
43245 0.0
47515 0.0
48882 0.0
44075 0.0
42114 0.0
48601 0.0
45616 0.0
50445 0.0
43794 0.0
47296 0.0
45351 0.0
46718 0.0
44880 0.0
46437 0.0
50226 0.0
43591 0.0
48117 0.0
45132 0.0
49945 0.0
43310 0.0
42716 0.0
48947 0.0
46986 0.0
44396 0.0
47642 0.0
45937 0.0
49742 0.0
43091 0.0
47361 0.0
48728 0.0
46783 0.0
44945 0.0
42216 0.0
48463 0.0
46502 0.0
50547 0.0
43896 0.0
41951 0.0
47158 0.0
45197 0.0
44742 0.0
42781 0.0
48244 0.0
46283 0.0
44461 0.0
47963 0.0
46002 0.0
49807 0.0
43156 0.0
48793 0.0
47088 0.0
44242 0.0
42281 0.0
48512 0.0
45799 0.0
43961 0.0
47479 0.0
45518 0.0
46629 0.0
44807 0.0
48309 0.0
46348 0.0
50393 0.0
45299 0.0
43477 0.0
44588 0.0
42627 0.0
49114 0.0
44307 0.0
47809 0.0
45848 0.0
49909 0.0
43258 0.0
48655 0.0
46950 0.0
44088 0.0
42143 0.0
48630 0.0
45645 0.0
50458 0.0
43823 0.0
45364 0.0
49153 0.0
44909 0.0
42948 0.0
48155 0.0
46450 0.0
43604 0.0
47874 0.0
49974 0.0
43323 0.0
42729 0.0
48960 0.0
47015 0.0
44409 0.0
42448 0.0
47671 0.0
45710 0.0
49755 0.0
43104 0.0
47390 0.0
48757 0.0
46796 0.0
49474 0.0
44974 0.0
41989 0.0
48476 0.0
46515 0.0
50304 0.0
43669 0.0
47171 0.0
45210 0.0
49271 0.0
44755 0.0
42794 0.0
46296 0.0
44474 0.0
46031 0.0
49820 0.0
43169 0.0
42591 0.0
48822 0.0
46861 0.0
49539 0.0
42310 0.0
45812 0.0
50625 0.0
43990 0.0
47236 0.0
45531 0.0
46642 0.0
49320 0.0
44820 0.0
42091 0.0
50422 0.0
43771 0.0
41810 0.0
48041 0.0
45056 0.0
50141 0.0
43490 0.0
42640 0.0
49143 0.0
46158 0.0
42375 0.0
45877 0.0
49666 0.0
43031 0.0
47557 0.0
48668 0.0
46963 0.0
49641 0.0
44117 0.0
42156 0.0
48387 0.0
45658 0.0
43836 0.0
41875 0.0
47338 0.0
45377 0.0
49182 0.0
44922 0.0
48168 0.0
50268 0.0
43617 0.0
47903 0.0
45174 0.0
49987 0.0
43336 0.0
42502 0.0
48989 0.0
44182 0.0
42477 0.0
47684 0.0
45723 0.0
49768 0.0
43133 0.0
47403 0.0
45442 0.0
46809 0.0
49503 0.0
44987 0.0
42002 0.0
48489 0.0
46528 0.0
50333 0.0
43682 0.0
41977 0.0
47184 0.0
50052 0.0
43401 0.0
44768 0.0
42823 0.0
49054 0.0
46325 0.0
44503 0.0
47749 0.0
46044 0.0
49833 0.0
43198 0.0
42604 0.0
46874 0.0
49552 0.0
44284 0.0
45569 0.0
50654 0.0
44003 0.0
47249 0.0
45544 0.0
46671 0.0
49349 0.0
44833 0.0
42104 0.0
48351 0.0
50179 0.0
43528 0.0
48070 0.0
50154 0.0
43519 0.0
44630 0.0
48900 0.0
46171 0.0
44349 0.0
42388 0.0
47851 0.0
45890 0.0
49695 0.0
47570 0.0
48681 0.0
46720 0.0
44130 0.0
42169 0.0
48400 0.0
45687 0.0
50500 0.0
43849 0.0
41888 0.0
47111 0.0
45406 0.0
49195 0.0
44695 0.0
42990 0.0
48197 0.0
46236 0.0
50281 0.0
43646 0.0
47916 0.0
45955 0.0
50000 0.0
43365 0.0
42515 0.0
49002 0.0
47041 0.0
44195 0.0
42490 0.0
47697 0.0
45736 0.0
50565 0.0
43914 0.0
47416 0.0
45471 0.0
46838 0.0
49516 0.0
45000 0.0
42031 0.0
48262 0.0
46557 0.0
50346 0.0
43711 0.0
47213 0.0
50065 0.0
43430 0.0
42836 0.0
49067 0.0
46082 0.0
47762 0.0
46057 0.0
49862 0.0
43211 0.0
42617 0.0
48848 0.0
46903 0.0
49581 0.0
50692 0.0
44041 0.0
42336 0.0
48583 0.0
45598 0.0
50667 0.0
44016 0.0
47278 0.0
45317 0.0
46684 0.0
49362 0.0
44862 0.0
42901 0.0
48364 0.0
46403 0.0
50192 0.0
43557 0.0
41852 0.0
48083 0.0
45098 0.0
49927 0.0
43276 0.0
44643 0.0
42682 0.0
48913 0.0
46184 0.0
44362 0.0
42401 0.0
45919 0.0
43057 0.0
47599 0.0
48710 0.0
46749 0.0
49427 0.0
44159 0.0
42198 0.0
48429 0.0
46468 0.0
41917 0.0
47124 0.0
45419 0.0
49208 0.0
44708 0.0
43003 0.0
48210 0.0
44427 0.0
47929 0.0
45968 0.0
50029 0.0
43378 0.0
42528 0.0
47070 0.0
44208 0.0
42263 0.0
50578 0.0
43943 0.0
47445 0.0
45484 0.0
49529 0.0
45029 0.0
48275 0.0
50375 0.0
43724 0.0
47226 0.0
50094 0.0
43443 0.0
44554 0.0
42849 0.0
49080 0.0
46111 0.0
44529 0.0
47791 0.0
45830 0.0
49875 0.0
47510 0.0
48877 0.0
46916 0.0
49594 0.0
50705 0.0
44070 0.0
42365 0.0
48596 0.0
45611 0.0
50680 0.0
43789 0.0
47291 0.0
45330 0.0
49391 0.0
44875 0.0
42914 0.0
48377 0.0
46416 0.0
43570 0.0
48096 0.0
45127 0.0
43289 0.0
44656 0.0
42711 0.0
48942 0.0
46981 0.0
44391 0.0
42430 0.0
45932 0.0
49721 0.0
43086 0.0
46762 0.0
49440 0.0
44940 0.0
42211 0.0
46481 0.0
50542 0.0
43891 0.0
41930 0.0
47137 0.0
45432 0.0
49237 0.0
44721 0.0
42760 0.0
48239 0.0
44440 0.0
47958 0.0
45997 0.0
50042 0.0
43151 0.0
42557 0.0
48788 0.0
47083 0.0
42276 0.0
47739 0.0
45778 0.0
50607 0.0
43956 0.0
47458 0.0
45497 0.0
46608 0.0
49302 0.0
45042 0.0
42057 0.0
48288 0.0
46343 0.0
50388 0.0
43737 0.0
48023 0.0
45294 0.0
50107 0.0
43456 0.0
44583 0.0
42878 0.0
49109 0.0
46124 0.0
44302 0.0
45843 0.0
49888 0.0
43253 0.0
48890 0.0
46929 0.0
49623 0.0
44083 0.0
42122 0.0
48609 0.0
45624 0.0
50453 0.0
43802 0.0
47304 0.0
45359 0.0
49404 0.0
44888 0.0
42943 0.0
46445 0.0
50234 0.0
43599 0.0
48125 0.0
45140 0.0
49953 0.0
43318 0.0
42724 0.0
48955 0.0
46994 0.0
44404 0.0
42443 0.0
47650 0.0
45945 0.0
49750 0.0
43099 0.0
47369 0.0
48736 0.0
46791 0.0
42224 0.0
48471 0.0
50555 0.0
45205 0.0
49250 0.0
44750 0.0
42789 0.0
48252 0.0
46291 0.0
44469 0.0
46010 0.0
49815 0.0
43164 0.0
48801 0.0
47096 0.0
44250 0.0
48520 0.0
45807 0.0
50620 0.0
47487 0.0
45526 0.0
46637 0.0
49315 0.0
44815 0.0
42086 0.0
48317 0.0
46356 0.0
50401 0.0
43766 0.0
41805 0.0
48036 0.0
45307 0.0
50120 0.0
43485 0.0
44596 0.0
42635 0.0
49122 0.0
46137 0.0
47817 0.0
45856 0.0
49917 0.0
47536 0.0
49636 0.0
44096 0.0
42151 0.0
48638 0.0
50466 0.0
43831 0.0
41870 0.0
47333 0.0
45372 0.0
49161 0.0
44917 0.0
42956 0.0
48163 0.0
46458 0.0
50263 0.0
43612 0.0
47882 0.0
45153 0.0
49982 0.0
43331 0.0
42737 0.0
48968 0.0
47023 0.0
44161 0.0
42456 0.0
47679 0.0
45718 0.0
49763 0.0
43112 0.0
47398 0.0
48765 0.0
46804 0.0
49482 0.0
48484 0.0
46523 0.0
50312 0.0
43677 0.0
41972 0.0
47179 0.0
45218 0.0
49279 0.0
43396 0.0
44763 0.0
42802 0.0
44482 0.0
47984 0.0
46039 0.0
49828 0.0
43177 0.0
42599 0.0
46869 0.0
49547 0.0
44279 0.0
42318 0.0
48549 0.0
45820 0.0
50633 0.0
43998 0.0
45539 0.0
46650 0.0
49328 0.0
44828 0.0
42099 0.0
48330 0.0
46369 0.0
50430 0.0
43523 0.0
41818 0.0
45064 0.0
50149 0.0
43498 0.0
42648 0.0
49151 0.0
46166 0.0
44328 0.0
42383 0.0
45885 0.0
47846 0.0
49674 0.0
43039 0.0
47565 0.0
48676 0.0
49649 0.0
44125 0.0
42164 0.0
48395 0.0
45666 0.0
50495 0.0
43844 0.0
41883 0.0
47346 0.0
45385 0.0
49190 0.0
44674 0.0
42969 0.0
48176 0.0
46231 0.0
50276 0.0
43625 0.0
47911 0.0
45182 0.0
49995 0.0
43344 0.0
42510 0.0
48997 0.0
47036 0.0
44190 0.0
42485 0.0
47692 0.0
45731 0.0
49776 0.0
43909 0.0
47411 0.0
45450 0.0
46817 0.0
49511 0.0
44995 0.0
42010 0.0
48497 0.0
46536 0.0
50341 0.0
43690 0.0
47192 0.0
45247 0.0
50060 0.0
43409 0.0
44776 0.0
42831 0.0
49062 0.0
44511 0.0
47757 0.0
46052 0.0
49841 0.0
43206 0.0
42612 0.0
46882 0.0
49560 0.0
44036 0.0
42331 0.0
48562 0.0
45577 0.0
50662 0.0
44011 0.0
47257 0.0
45552 0.0
46679 0.0
44841 0.0
42880 0.0
48359 0.0
50187 0.0
43536 0.0
41847 0.0
48078 0.0
45093 0.0
50162 0.0
43271 0.0
44638 0.0
42677 0.0
48908 0.0
46179 0.0
44357 0.0
42396 0.0
47859 0.0
45898 0.0
49703 0.0
43052 0.0
47578 0.0
48689 0.0
46728 0.0
49422 0.0
44138 0.0
42177 0.0
48408 0.0
45695 0.0
50508 0.0
43857 0.0
47119 0.0
45414 0.0
49203 0.0
44703 0.0
42998 0.0
48205 0.0
46244 0.0
44422 0.0
47924 0.0
45963 0.0
50008 0.0
43373 0.0
42523 0.0
49010 0.0
47049 0.0
44203 0.0
42242 0.0
47705 0.0
45744 0.0
50573 0.0
47424 0.0
45479 0.0
46846 0.0
45008 0.0
42039 0.0
48270 0.0
46565 0.0
50354 0.0
43719 0.0
47221 0.0
50073 0.0
43438 0.0
44549 0.0
42844 0.0
49075 0.0
46090 0.0
44524 0.0
47770 0.0
46065 0.0
49870 0.0
43219 0.0
47489 0.0
48856 0.0
46911 0.0
49589 0.0
50700 0.0
42344 0.0
48591 0.0
45606 0.0
50675 0.0
44024 0.0
47286 0.0
45325 0.0
49370 0.0
44870 0.0
42909 0.0
48372 0.0
46411 0.0
50200 0.0
43565 0.0
48091 0.0
45106 0.0
49935 0.0
44651 0.0
42690 0.0
48921 0.0
46192 0.0
42409 0.0
47616 0.0
45927 0.0
49716 0.0
43065 0.0
47607 0.0
48718 0.0
49435 0.0
44935 0.0
42206 0.0
48437 0.0
46476 0.0
50521 0.0
43886 0.0
47132 0.0
45427 0.0
49216 0.0
44716 0.0
42755 0.0
48218 0.0
46257 0.0
44435 0.0
47937 0.0
50037 0.0
43386 0.0
48783 0.0
47078 0.0
44216 0.0
42271 0.0
47734 0.0
45773 0.0
50586 0.0
43951 0.0
45492 0.0
46603 0.0
45037 0.0
42052 0.0
48283 0.0
46578 0.0
50383 0.0
43732 0.0
50102 0.0
43451 0.0
42857 0.0
49088 0.0
46119 0.0
44537 0.0
47799 0.0
45838 0.0
49883 0.0
43232 0.0
47518 0.0
46924 0.0
49602 0.0
44078 0.0
48604 0.0
45619 0.0
50432 0.0
43797 0.0
47299 0.0
45338 0.0
46705 0.0
49399 0.0
42922 0.0
48129 0.0
46424 0.0
50229 0.0
43578 0.0
48104 0.0
45135 0.0
49948 0.0
43297 0.0
44664 0.0
42719 0.0
48950 0.0
46989 0.0
44399 0.0
42438 0.0
47645 0.0
45940 0.0
43094 0.0
47364 0.0
48731 0.0
46770 0.0
44948 0.0
42219 0.0
48450 0.0
46489 0.0
50550 0.0
43899 0.0
41938 0.0
47145 0.0
45184 0.0
49245 0.0
44729 0.0
42768 0.0
48247 0.0
46286 0.0
44448 0.0
47966 0.0
46005 0.0
49794 0.0
43159 0.0
42565 0.0
48796 0.0
47091 0.0
44245 0.0
42284 0.0
45786 0.0
50615 0.0
43964 0.0
45505 0.0
46616 0.0
49310 0.0
45050 0.0
48296 0.0
46351 0.0
50396 0.0
43745 0.0
45302 0.0
50115 0.0
43464 0.0
44591 0.0
42630 0.0
49117 0.0
46132 0.0
44310 0.0
47812 0.0
45851 0.0
49896 0.0
43261 0.0
47531 0.0
48642 0.0
46937 0.0
44091 0.0
42130 0.0
48617 0.0
45632 0.0
43810 0.0
47312 0.0
45367 0.0
49156 0.0
42951 0.0
46453 0.0
50242 0.0
43607 0.0
47877 0.0
45148 0.0
42732 0.0
48963 0.0
47002 0.0
44412 0.0
47658 0.0
45697 0.0
49758 0.0
47377 0.0
46799 0.0
44961 0.0
42232 0.0
48479 0.0
46518 0.0
50307 0.0
43656 0.0
47174 0.0
45213 0.0
49258 0.0
44758 0.0
49028 0.0
46299 0.0
44477 0.0
47979 0.0
46018 0.0
49823 0.0
48809 0.0
46848 0.0
49542 0.0
44258 0.0
42297 0.0
45815 0.0
50628 0.0
43977 0.0
47239 0.0
46645 0.0
48325 0.0
46364 0.0
43774 0.0
41813 0.0
48044 0.0
50128 0.0
43493 0.0
44604 0.0
42643 0.0
49130 0.0
46145 0.0
44323 0.0
47825 0.0
43018 0.0
47544 0.0
48671 0.0
46966 0.0
49644 0.0
42159 0.0
48390 0.0
43839 0.0
41878 0.0
47341 0.0
49169 0.0
42964 0.0
48171 0.0
50271 0.0
43620 0.0
47890 0.0
45161 0.0
43339 0.0
42745 0.0
48976 0.0
47031 0.0
44169 0.0
42464 0.0
47687 0.0
45726 0.0
49771 0.0
43120 0.0
47406 0.0
45445 0.0
49490 0.0
44990 0.0
42005 0.0
48492 0.0
46531 0.0
50320 0.0
43685 0.0
41980 0.0
47187 0.0
50055 0.0
43404 0.0
44771 0.0
42810 0.0
49041 0.0
46312 0.0
46047 0.0
49836 0.0
43185 0.0
42607 0.0
48838 0.0
46877 0.0
49555 0.0
44287 0.0
48557 0.0
45572 0.0
47252 0.0
45547 0.0
46658 0.0
44836 0.0
42107 0.0
48338 0.0
46377 0.0
50182 0.0
43531 0.0
41826 0.0
48057 0.0
45072 0.0
50157 0.0
44617 0.0
48903 0.0
44336 0.0
42391 0.0
47854 0.0
45893 0.0
49682 0.0
47573 0.0
49657 0.0
42172 0.0
48403 0.0
45674 0.0
50503 0.0
41891 0.0
47354 0.0
45393 0.0
49198 0.0
44682 0.0
42977 0.0
48184 0.0
46239 0.0
50284 0.0
47919 0.0
45958 0.0
50003 0.0
43352 0.0
42518 0.0
49005 0.0
47044 0.0
44198 0.0
42493 0.0
47700 0.0
45739 0.0
49784 0.0
43917 0.0
47419 0.0
45458 0.0
46825 0.0
49519 0.0
45003 0.0
42018 0.0
48505 0.0
46544 0.0
50349 0.0
43698 0.0
47200 0.0
50068 0.0
43417 0.0
44784 0.0
42839 0.0
46085 0.0
44519 0.0
47765 0.0
49849 0.0
42620 0.0
48851 0.0
46890 0.0
49568 0.0
50695 0.0
48570 0.0
45585 0.0
50670 0.0
47265 0.0
45560 0.0
46687 0.0
44849 0.0
42888 0.0
48367 0.0
46406 0.0
50195 0.0
43544 0.0
41855 0.0
48086 0.0
45101 0.0
50170 0.0
43279 0.0
44646 0.0
48916 0.0
46187 0.0
44365 0.0
42404 0.0
49711 0.0
43060 0.0
47586 0.0
48697 0.0
46736 0.0
49430 0.0
44146 0.0
42185 0.0
48416 0.0
46471 0.0
43865 0.0
41904 0.0
47127 0.0
45422 0.0
49211 0.0
44711 0.0
43006 0.0
48213 0.0
46252 0.0
50297 0.0
45971 0.0
50016 0.0
43381 0.0
42531 0.0
49018 0.0
47057 0.0
44211 0.0
42250 0.0
47713 0.0
50581 0.0
43930 0.0
47432 0.0
45487 0.0
49532 0.0
45016 0.0
48278 0.0
46573 0.0
50362 0.0
43727 0.0
47229 0.0
45268 0.0
50081 0.0
44557 0.0
44532 0.0
47778 0.0
46073 0.0
49878 0.0
43227 0.0
47497 0.0
48864 0.0
46919 0.0
49597 0.0
44057 0.0
42352 0.0
48599 0.0
45614 0.0
50683 0.0
43776 0.0
47294 0.0
45333 0.0
46700 0.0
49378 0.0
44878 0.0
42917 0.0
48380 0.0
50208 0.0
43573 0.0
48099 0.0
45114 0.0
49943 0.0
44659 0.0
42698 0.0
46200 0.0
44378 0.0
42417 0.0
47624 0.0
45935 0.0
49724 0.0
43073 0.0
47615 0.0
46765 0.0
44943 0.0
42214 0.0
46484 0.0
50529 0.0
43894 0.0
41933 0.0
45435 0.0
49224 0.0
44724 0.0
42763 0.0
48226 0.0
46265 0.0
44443 0.0
47945 0.0
50045 0.0
42544 0.0
47086 0.0
42279 0.0
47742 0.0
50594 0.0
43959 0.0
47461 0.0
45500 0.0
46611 0.0
49289 0.0
45045 0.0
42060 0.0
48291 0.0
46586 0.0
50391 0.0
43740 0.0
45281 0.0
50110 0.0
43459 0.0
44570 0.0
42865 0.0
49096 0.0
46127 0.0
44289 0.0
47807 0.0
45846 0.0
49891 0.0
43240 0.0
47526 0.0
48893 0.0
44086 0.0
42125 0.0
48612 0.0
45627 0.0
50440 0.0
43805 0.0
47307 0.0
46713 0.0
49407 0.0
44891 0.0
42930 0.0
46432 0.0
43586 0.0
45143 0.0
49956 0.0
42727 0.0
48958 0.0
46997 0.0
44407 0.0
47653 0.0
45948 0.0
49737 0.0
43102 0.0
48739 0.0
46778 0.0
49456 0.0
42227 0.0
48458 0.0
50558 0.0
47153 0.0
45192 0.0
49253 0.0
44737 0.0
48255 0.0
46294 0.0
44456 0.0
47974 0.0
46013 0.0
43167 0.0
42573 0.0
48804 0.0
47099 0.0
44253 0.0
42292 0.0
48523 0.0
45794 0.0
50623 0.0
43972 0.0
47474 0.0
45513 0.0
46624 0.0
49318 0.0
44802 0.0
42073 0.0
48304 0.0
46359 0.0
50404 0.0
43753 0.0
45310 0.0
50123 0.0
43472 0.0
44599 0.0
42638 0.0
49125 0.0
46140 0.0
44318 0.0
47820 0.0
45859 0.0
49904 0.0
43013 0.0
48650 0.0
46945 0.0
49639 0.0
44099 0.0
42138 0.0
48625 0.0
45640 0.0
50469 0.0
43818 0.0
41857 0.0
45375 0.0
49164 0.0
44904 0.0
42959 0.0
46461 0.0
50250 0.0
43615 0.0
45156 0.0
49969 0.0
43334 0.0
42740 0.0
48971 0.0
47010 0.0
44164 0.0
42459 0.0
47666 0.0
45705 0.0
49766 0.0
43115 0.0
47385 0.0
48752 0.0
46807 0.0
49485 0.0
44969 0.0
41984 0.0
48487 0.0
46526 0.0
50315 0.0
43664 0.0
41975 0.0
47182 0.0
45221 0.0
49266 0.0
43399 0.0
44766 0.0
42805 0.0
49036 0.0
46307 0.0
44485 0.0
47987 0.0
46026 0.0
49831 0.0
42586 0.0
46856 0.0
49550 0.0
44266 0.0
42305 0.0
48536 0.0
45823 0.0
50636 0.0
43985 0.0
47247 0.0
45542 0.0
46653 0.0
49331 0.0
44831 0.0
42102 0.0
48333 0.0
46372 0.0
43526 0.0
41821 0.0
48052 0.0
45067 0.0
50136 0.0
43501 0.0
44612 0.0
42651 0.0
49138 0.0
46153 0.0
44331 0.0
42370 0.0
47833 0.0
45872 0.0
43026 0.0
47552 0.0
48679 0.0
46974 0.0
49652 0.0
44112 0.0
42167 0.0
48398 0.0
50482 0.0
43847 0.0
41886 0.0
47349 0.0
45388 0.0
49177 0.0
44677 0.0
48179 0.0
46218 0.0
50279 0.0
43628 0.0
47898 0.0
45169 0.0
49998 0.0
43347 0.0
48984 0.0
47039 0.0
44177 0.0
42472 0.0
47695 0.0
45734 0.0
49779 0.0
43128 0.0
45453 0.0
46820 0.0
49498 0.0
42013 0.0
48500 0.0
46539 0.0
43693 0.0
47195 0.0
50063 0.0
43412 0.0
44779 0.0
42818 0.0
49049 0.0
44498 0.0
49844 0.0
43193 0.0
42615 0.0
46885 0.0
49563 0.0
44039 0.0
42334 0.0
48565 0.0
45580 0.0
50649 0.0
44014 0.0
45555 0.0
46666 0.0
49344 0.0
44844 0.0
42883 0.0
48346 0.0
46385 0.0
50190 0.0
43539 0.0
41834 0.0
48065 0.0
45080 0.0
50165 0.0
43514 0.0
44625 0.0
48911 0.0
46182 0.0
44344 0.0
42399 0.0
45901 0.0
47862 0.0
49690 0.0
43055 0.0
47581 0.0
48692 0.0
46731 0.0
49409 0.0
42180 0.0
48411 0.0
45682 0.0
50511 0.0
43860 0.0
47106 0.0
49206 0.0
44690 0.0
42985 0.0
48192 0.0
46247 0.0
50292 0.0
43641 0.0
47927 0.0
45966 0.0
43360 0.0
42526 0.0
49013 0.0
47052 0.0
44206 0.0
42245 0.0
47708 0.0
45747 0.0
50560 0.0
43925 0.0
47427 0.0
46833 0.0
49527 0.0
42026 0.0
48257 0.0
46552 0.0
50357 0.0
47208 0.0
45263 0.0
50076 0.0
43425 0.0
44792 0.0
42847 0.0
49078 0.0
46093 0.0
44527 0.0
47773 0.0
46068 0.0
49857 0.0
43222 0.0
47492 0.0
48859 0.0
46898 0.0
49576 0.0
50703 0.0
42347 0.0
48578 0.0
45593 0.0
50678 0.0
44027 0.0
47273 0.0
45312 0.0
46695 0.0
44857 0.0
42896 0.0
48375 0.0
46414 0.0
50203 0.0
43552 0.0
48094 0.0
45109 0.0
49922 0.0
43287 0.0
44654 0.0
42693 0.0
48924 0.0
46195 0.0
44373 0.0
42412 0.0
47619 0.0
45914 0.0
49719 0.0
43068 0.0
47594 0.0
48705 0.0
46744 0.0
49438 0.0
44154 0.0
42193 0.0
50524 0.0
43873 0.0
45430 0.0
49219 0.0
44719 0.0
42758 0.0
48221 0.0
44438 0.0
47940 0.0
45979 0.0
50024 0.0
43389 0.0
42539 0.0
48770 0.0
47065 0.0
44219 0.0
42258 0.0
47721 0.0
45760 0.0
50589 0.0
43938 0.0
47440 0.0
45495 0.0
49284 0.0
45024 0.0
42055 0.0
48286 0.0
50370 0.0
43735 0.0
48005 0.0
45276 0.0
50089 0.0
43454 0.0
44565 0.0
42860 0.0
49091 0.0
46106 0.0
47786 0.0
45825 0.0
49886 0.0
43235 0.0
47505 0.0
48872 0.0
46927 0.0
49605 0.0
50716 0.0
44065 0.0
42360 0.0
48607 0.0
45622 0.0
50435 0.0
43784 0.0
47302 0.0
45341 0.0
46708 0.0
49386 0.0
44886 0.0
42925 0.0
48132 0.0
43581 0.0
48107 0.0
45122 0.0
49951 0.0
43300 0.0
44667 0.0
42706 0.0
48937 0.0
44386 0.0
42425 0.0
45943 0.0
49732 0.0
43081 0.0
47367 0.0
48734 0.0
46773 0.0
44951 0.0
42222 0.0
48453 0.0
46492 0.0
50537 0.0
43902 0.0
41941 0.0
47148 0.0
49232 0.0
44732 0.0
42771 0.0
48234 0.0
46273 0.0
44451 0.0
47953 0.0
45992 0.0
49797 0.0
43146 0.0
42552 0.0
48799 0.0
47094 0.0
44232 0.0
42287 0.0
45789 0.0
48518 0.0
43967 0.0
47469 0.0
45508 0.0
46619 0.0
49297 0.0
45053 0.0
42068 0.0
48299 0.0
48018 0.0
50118 0.0
43467 0.0
44578 0.0
42873 0.0
49104 0.0
44297 0.0
47815 0.0
45854 0.0
49899 0.0
43248 0.0
47534 0.0
46940 0.0
48645 0.0
49618 0.0
42133 0.0
45635 0.0
50448 0.0
43813 0.0
47315 0.0
45354 0.0
49159 0.0
44899 0.0
46440 0.0
50245 0.0
43594 0.0
45151 0.0
49964 0.0
43313 0.0
42735 0.0
48966 0.0
47005 0.0
44415 0.0
42454 0.0
47661 0.0
45700 0.0
49745 0.0
43110 0.0
47380 0.0
48747 0.0
46786 0.0
44964 0.0
42235 0.0
48466 0.0
46505 0.0
43659 0.0
41954 0.0
47161 0.0
45200 0.0
49261 0.0
44745 0.0
42784 0.0
49031 0.0
44464 0.0
47982 0.0
46021 0.0
49810 0.0
43175 0.0
42581 0.0
46851 0.0
44261 0.0
42300 0.0
48531 0.0
45802 0.0
50631 0.0
43980 0.0
47482 0.0
45521 0.0
46632 0.0
44810 0.0
42081 0.0
48312 0.0
46367 0.0
50412 0.0
43761 0.0
48047 0.0
45062 0.0
50131 0.0
43480 0.0
49133 0.0
46148 0.0
44326 0.0
47828 0.0
49912 0.0
43021 0.0
47547 0.0
48658 0.0
46953 0.0
49647 0.0
44107 0.0
42146 0.0
48633 0.0
45648 0.0
50477 0.0
43826 0.0
41865 0.0
47328 0.0
44912 0.0
42967 0.0
48174 0.0
46213 0.0
43623 0.0
47893 0.0
49977 0.0
43342 0.0
42748 0.0
48979 0.0
47018 0.0
44172 0.0
42467 0.0
47674 0.0
45713 0.0
49774 0.0
43123 0.0
47393 0.0
48760 0.0
46815 0.0
49493 0.0
44977 0.0
41992 0.0
48495 0.0
46534 0.0
50323 0.0
43672 0.0
41983 0.0
47190 0.0
49274 0.0
44774 0.0
42813 0.0
46315 0.0
47995 0.0
46034 0.0
49839 0.0
43188 0.0
42594 0.0
46864 0.0
49558 0.0
44274 0.0
48544 0.0
45575 0.0
50644 0.0
43993 0.0
47255 0.0
45550 0.0
46661 0.0
49339 0.0
44839 0.0
42110 0.0
48341 0.0
46380 0.0
50425 0.0
43534 0.0
41829 0.0
48060 0.0
45075 0.0
50144 0.0
43509 0.0
44620 0.0
42659 0.0
49146 0.0
46161 0.0
44339 0.0
42378 0.0
47841 0.0
45880 0.0
49685 0.0
43034 0.0
47560 0.0
46726 0.0
44120 0.0
42175 0.0
48406 0.0
45677 0.0
50490 0.0
43855 0.0
47357 0.0
45396 0.0
49185 0.0
44685 0.0
48187 0.0
46226 0.0
43636 0.0
47906 0.0
45177 0.0
50006 0.0
43355 0.0
42505 0.0
48992 0.0
47047 0.0
44185 0.0
42480 0.0
45742 0.0
49787 0.0
43904 0.0
47422 0.0
45461 0.0
46828 0.0
49506 0.0
45006 0.0
42021 0.0
48508 0.0
43701 0.0
47203 0.0
43420 0.0
44787 0.0
42826 0.0
49057 0.0
46328 0.0
44506 0.0
47752 0.0
46063 0.0
49852 0.0
43201 0.0
42623 0.0
48854 0.0
46893 0.0
49571 0.0
44047 0.0
42342 0.0
48573 0.0
45588 0.0
50657 0.0
44022 0.0
47268 0.0
45563 0.0
46674 0.0
49352 0.0
46393 0.0
50198 0.0
43547 0.0
41842 0.0
48073 0.0
50173 0.0
43266 0.0
44633 0.0
42672 0.0
48919 0.0
46190 0.0
44352 0.0
42407 0.0
47870 0.0
45909 0.0
49698 0.0
43063 0.0
47589 0.0
48700 0.0
46739 0.0
49417 0.0
44149 0.0
42188 0.0
48419 0.0
45690 0.0
43868 0.0
41907 0.0
47114 0.0
49214 0.0
44698 0.0
42993 0.0
48200 0.0
46255 0.0
50300 0.0
44417 0.0
47935 0.0
45974 0.0
50019 0.0
43368 0.0
42534 0.0
49021 0.0
47060 0.0
44214 0.0
42253 0.0
45755 0.0
50568 0.0
43933 0.0
47435 0.0
45474 0.0
46841 0.0
49535 0.0
42034 0.0
48265 0.0
46560 0.0
50365 0.0
43714 0.0
47216 0.0
50084 0.0
43433 0.0
44544 0.0
42855 0.0
49086 0.0
46101 0.0
47781 0.0
49865 0.0
43230 0.0
47500 0.0
48867 0.0
46906 0.0
49584 0.0
50711 0.0
44060 0.0
42355 0.0
48586 0.0
45601 0.0
50686 0.0
43779 0.0
47281 0.0
45320 0.0
46703 0.0
49381 0.0
44865 0.0
42904 0.0
48383 0.0
46422 0.0
43560 0.0
48102 0.0
45117 0.0
49930 0.0
43295 0.0
44662 0.0
42701 0.0
48932 0.0
46203 0.0
44381 0.0
42420 0.0
47627 0.0
45922 0.0
49727 0.0
47602 0.0
48713 0.0
46752 0.0
49446 0.0
42201 0.0
48432 0.0
50532 0.0
43881 0.0
41920 0.0
47143 0.0
45438 0.0
49227 0.0
44727 0.0
42766 0.0
48229 0.0
46268 0.0
44446 0.0
45987 0.0
50032 0.0
43141 0.0
42547 0.0
48778 0.0
47073 0.0
42266 0.0
47729 0.0
50597 0.0
43946 0.0
47448 0.0
45503 0.0
49292 0.0
45032 0.0
42063 0.0
46589 0.0
50378 0.0
50097 0.0
43462 0.0
44573 0.0
42868 0.0
49099 0.0
46114 0.0
44292 0.0
47794 0.0
45833 0.0
49894 0.0
43243 0.0
47513 0.0
46935 0.0
48880 0.0
49613 0.0
44073 0.0
42112 0.0
48615 0.0
45630 0.0
50443 0.0
43792 0.0
47310 0.0
45349 0.0
46716 0.0
49394 0.0
42933 0.0
48140 0.0
46435 0.0
50224 0.0
43589 0.0
48115 0.0
45130 0.0
49959 0.0
43308 0.0
42714 0.0
48945 0.0
46984 0.0
44394 0.0
42433 0.0
47640 0.0
45951 0.0
43089 0.0
47375 0.0
48742 0.0
46781 0.0
49459 0.0
44959 0.0
42230 0.0
48461 0.0
46500 0.0
50545 0.0
43654 0.0
41949 0.0
47156 0.0
45195 0.0
49240 0.0
44740 0.0
42779 0.0
48242 0.0
46281 0.0
44459 0.0
47961 0.0
49805 0.0
43154 0.0
42560 0.0
48807 0.0
47102 0.0
44240 0.0
42295 0.0
48526 0.0
45797 0.0
50610 0.0
43975 0.0
47477 0.0
45516 0.0
46627 0.0
49305 0.0
44805 0.0
42076 0.0
48307 0.0
46346 0.0
50407 0.0
48026 0.0
45297 0.0
50126 0.0
43475 0.0
44586 0.0
42625 0.0
46143 0.0
44305 0.0
45862 0.0
49907 0.0
43256 0.0
47542 0.0
48653 0.0
46948 0.0
49626 0.0
44102 0.0
42141 0.0
48628 0.0
45643 0.0
43821 0.0
41860 0.0
47323 0.0
45362 0.0
42946 0.0
48153 0.0
50253 0.0
43602 0.0
47872 0.0
45159 0.0
49972 0.0
43321 0.0
42743 0.0
48974 0.0
47013 0.0
44167 0.0
42462 0.0
47669 0.0
45708 0.0
43118 0.0
47388 0.0
48755 0.0
46794 0.0
49472 0.0
44972 0.0
41987 0.0
48474 0.0
46513 0.0
50318 0.0
41962 0.0
47169 0.0
45208 0.0
49269 0.0
44753 0.0
42792 0.0
49039 0.0
46310 0.0
44472 0.0
46029 0.0
43183 0.0
42589 0.0
48820 0.0
46859 0.0
49537 0.0
44269 0.0
42308 0.0
48539 0.0
45810 0.0
50639 0.0
47234 0.0
46640 0.0
49334 0.0
44818 0.0
42089 0.0
46375 0.0
50420 0.0
41808 0.0
48055 0.0
45070 0.0
50139 0.0
43488 0.0
44615 0.0
42654 0.0
49141 0.0
46156 0.0
44334 0.0
42373 0.0
47836 0.0
49664 0.0
43029 0.0
47555 0.0
48666 0.0
46961 0.0
44115 0.0
42154 0.0
45656 0.0
50485 0.0
41873 0.0
45391 0.0
49180 0.0
44920 0.0
42975 0.0
48182 0.0
46221 0.0
43631 0.0
45172 0.0
42500 0.0
48987 0.0
47026 0.0
44180 0.0
42475 0.0
47682 0.0
45721 0.0
49782 0.0
43131 0.0
47401 0.0
46823 0.0
49501 0.0
44985 0.0
42000 0.0
48503 0.0
46542 0.0
50331 0.0
43680 0.0
47198 0.0
45237 0.0
50050 0.0
44782 0.0
42821 0.0
49052 0.0
46323 0.0
44501 0.0
49847 0.0
43196 0.0
42602 0.0
48833 0.0
46872 0.0
49566 0.0
44282 0.0
42321 0.0
48552 0.0
45583 0.0
50652 0.0
44001 0.0
47263 0.0
45558 0.0
46669 0.0
49347 0.0
44847 0.0
42886 0.0
48349 0.0
46388 0.0
50177 0.0
43542 0.0
41837 0.0
48068 0.0
45083 0.0
50152 0.0
43517 0.0
44628 0.0
42667 0.0
48898 0.0
46169 0.0
44347 0.0
42386 0.0
47849 0.0
45888 0.0
49693 0.0
43042 0.0
48695 0.0
46734 0.0
49412 0.0
44128 0.0
45685 0.0
50498 0.0
41902 0.0
47109 0.0
45404 0.0
49193 0.0
44693 0.0
48195 0.0
46234 0.0
50295 0.0
43644 0.0
47914 0.0
45953 0.0
50014 0.0
43363 0.0
42513 0.0
49000 0.0
47055 0.0
44193 0.0
42488 0.0
47711 0.0
45750 0.0
50563 0.0
43912 0.0
47430 0.0
45469 0.0
46836 0.0
45014 0.0
42029 0.0
48260 0.0
46555 0.0
50344 0.0
43709 0.0
47211 0.0
45250 0.0
50079 0.0
43428 0.0
44795 0.0
42834 0.0
49065 0.0
46080 0.0
44514 0.0
47760 0.0
46071 0.0
43209 0.0
47495 0.0
48862 0.0
46901 0.0
50690 0.0
44055 0.0
42350 0.0
48581 0.0
45596 0.0
50665 0.0
47276 0.0
45315 0.0
46682 0.0
49360 0.0
44860 0.0
42899 0.0
48362 0.0
46401 0.0
50206 0.0
43555 0.0
41850 0.0
48081 0.0
45096 0.0
49925 0.0
43274 0.0
44641 0.0
42680 0.0
48927 0.0
46198 0.0
44360 0.0
42415 0.0
47622 0.0
45917 0.0
49706 0.0
43071 0.0
47597 0.0
48708 0.0
49425 0.0
44157 0.0
42196 0.0
48427 0.0
46466 0.0
50527 0.0
43876 0.0
41915 0.0
47122 0.0
49222 0.0
44706 0.0
43001 0.0
48208 0.0
44425 0.0
45982 0.0
50027 0.0
42542 0.0
48773 0.0
47068 0.0
44222 0.0
42261 0.0
47724 0.0
45763 0.0
50576 0.0
43941 0.0
47443 0.0
45482 0.0
46593 0.0
49287 0.0
45027 0.0
42042 0.0
46568 0.0
43722 0.0
47224 0.0
45279 0.0
43441 0.0
44552 0.0
42863 0.0
44543 0.0
47789 0.0
45828 0.0
49873 0.0
43238 0.0
47508 0.0
48875 0.0
46914 0.0
49592 0.0
50719 0.0
44068 0.0
48594 0.0
45609 0.0
50438 0.0
46711 0.0
49389 0.0
44873 0.0
42912 0.0
48135 0.0
46430 0.0
50219 0.0
43568 0.0
48110 0.0
45125 0.0
49938 0.0
43303 0.0
44670 0.0
42709 0.0
44389 0.0
42428 0.0
47635 0.0
49735 0.0
43084 0.0
47610 0.0
48721 0.0
49454 0.0
44938 0.0
42209 0.0
50540 0.0
43889 0.0
41928 0.0
47151 0.0
49235 0.0
44735 0.0
42774 0.0
48237 0.0
46276 0.0
44454 0.0
47956 0.0
45995 0.0
50040 0.0
43149 0.0
42555 0.0
48786 0.0
47081 0.0
44235 0.0
42274 0.0
50605 0.0
45511 0.0
49300 0.0
45040 0.0
42071 0.0
50386 0.0
43751 0.0
48021 0.0
50105 0.0
43470 0.0
44581 0.0
42876 0.0
49107 0.0
46122 0.0
44300 0.0
47802 0.0
45841 0.0
49902 0.0
43251 0.0
47521 0.0
48888 0.0
46943 0.0
49621 0.0
44081 0.0
42120 0.0
48623 0.0
45638 0.0
50451 0.0
43800 0.0
45357 0.0
49402 0.0
44902 0.0
42941 0.0
48148 0.0
46443 0.0
50232 0.0
43597 0.0
48123 0.0
45138 0.0
49967 0.0
43316 0.0
42722 0.0
48953 0.0
46992 0.0
44402 0.0
42441 0.0
47648 0.0
45703 0.0
49748 0.0
43097 0.0
48750 0.0
49467 0.0
44967 0.0
48469 0.0
46508 0.0
50553 0.0
45203 0.0
49248 0.0
44748 0.0
42787 0.0
48250 0.0
46289 0.0
44467 0.0
47969 0.0
46008 0.0
49813 0.0
43162 0.0
42568 0.0
48815 0.0
44248 0.0
42303 0.0
48534 0.0
45805 0.0
50618 0.0
47485 0.0
45524 0.0
46635 0.0
49313 0.0
42084 0.0
48315 0.0
46354 0.0
41803 0.0
48034 0.0
45305 0.0
50134 0.0
43483 0.0
44594 0.0
42633 0.0
49120 0.0
46151 0.0
44313 0.0
47831 0.0
45870 0.0
49915 0.0
47550 0.0
48661 0.0
46956 0.0
44110 0.0
42149 0.0
48636 0.0
45651 0.0
41868 0.0
47331 0.0
45370 0.0
49175 0.0
44915 0.0
42954 0.0
48161 0.0
50261 0.0
43610 0.0
45167 0.0
49980 0.0
43329 0.0
42751 0.0
48982 0.0
47021 0.0
44175 0.0
42470 0.0
45716 0.0
49761 0.0
43126 0.0
47396 0.0
48763 0.0
46802 0.0
49480 0.0
44980 0.0
41995 0.0
48482 0.0
46521 0.0
50326 0.0
43675 0.0
41970 0.0
47177 0.0
45216 0.0
49277 0.0
43394 0.0
44761 0.0
42800 0.0
49047 0.0
46318 0.0
44480 0.0
47998 0.0
46037 0.0
49826 0.0
43191 0.0
42597 0.0
48828 0.0
46867 0.0
49545 0.0
44277 0.0
42316 0.0
48547 0.0
45818 0.0
50647 0.0
43996 0.0
47242 0.0
46648 0.0
49342 0.0
44826 0.0
42097 0.0
46383 0.0
50428 0.0
43521 0.0
48063 0.0
45078 0.0
50147 0.0
43496 0.0
44623 0.0
42662 0.0
49149 0.0
46164 0.0
44342 0.0
42381 0.0
47844 0.0
45883 0.0
43037 0.0
47563 0.0
48674 0.0
46969 0.0
42162 0.0
48393 0.0
45664 0.0
43842 0.0
47344 0.0
45399 0.0
49188 0.0
44672 0.0
42983 0.0
48190 0.0
46229 0.0
50274 0.0
47909 0.0
45180 0.0
49993 0.0
43358 0.0
42508 0.0
48995 0.0
47034 0.0
44188 0.0
42483 0.0
45729 0.0
49790 0.0
43907 0.0
47409 0.0
45448 0.0
49509 0.0
44993 0.0
42008 0.0
48511 0.0
46550 0.0
50339 0.0
50058 0.0
43423 0.0
44790 0.0
49060 0.0
46331 0.0
44509 0.0
47755 0.0
46050 0.0
49855 0.0
43204 0.0
42610 0.0
48841 0.0
46880 0.0
49574 0.0
42329 0.0
45591 0.0
48560 0.0
50660 0.0
45566 0.0
46677 0.0
44855 0.0
42894 0.0
46396 0.0
48357 0.0
50185 0.0
43550 0.0
41845 0.0
48076 0.0
45091 0.0
50160 0.0
44636 0.0
48906 0.0
46177 0.0
42394 0.0
47857 0.0
45896 0.0
49701 0.0
43050 0.0
47576 0.0
48703 0.0
46742 0.0
49420 0.0
44136 0.0
42191 0.0
48422 0.0
50506 0.0
43871 0.0
41910 0.0
47117 0.0
45412 0.0
49201 0.0
44701 0.0
42996 0.0
48203 0.0
46242 0.0
44420 0.0
45961 0.0
50022 0.0
43371 0.0
42521 0.0
49008 0.0
47063 0.0
44201 0.0
42240 0.0
45758 0.0
50571 0.0
43920 0.0
45477 0.0
46844 0.0
49522 0.0
45022 0.0
42037 0.0
48268 0.0
46563 0.0
50352 0.0
50087 0.0
43436 0.0
44547 0.0
42842 0.0
49073 0.0
46088 0.0
44522 0.0
47768 0.0
46079 0.0
49868 0.0
43217 0.0
47503 0.0
48870 0.0
46909 0.0
49587 0.0
50698 0.0
44063 0.0
42358 0.0
48589 0.0
45604 0.0
50673 0.0
43782 0.0
47284 0.0
45323 0.0
46690 0.0
49368 0.0
44868 0.0
42907 0.0
48370 0.0
46409 0.0
50214 0.0
43563 0.0
45104 0.0
43282 0.0
44649 0.0
48935 0.0
46206 0.0
44368 0.0
42423 0.0
47630 0.0
49714 0.0
43079 0.0
47605 0.0
48716 0.0
46755 0.0
49433 0.0
42204 0.0
48435 0.0
46474 0.0
50535 0.0
41923 0.0
47130 0.0
45425 0.0
44714 0.0
42753 0.0
48216 0.0
44433 0.0
47951 0.0
45990 0.0
43384 0.0
42550 0.0
48781 0.0
47076 0.0
44230 0.0
42269 0.0
47732 0.0
45771 0.0
50584 0.0
43949 0.0
47451 0.0
45490 0.0
49295 0.0
45035 0.0
42050 0.0
48281 0.0
43730 0.0
48000 0.0
44560 0.0
42871 0.0
49102 0.0
46117 0.0
47797 0.0
45836 0.0
49881 0.0
43246 0.0
47516 0.0
48883 0.0
46922 0.0
48602 0.0
45617 0.0
50446 0.0
43795 0.0
47297 0.0
45336 0.0
46719 0.0
49397 0.0
44881 0.0
42920 0.0
48143 0.0
46438 0.0
50227 0.0
43576 0.0
48118 0.0
49946 0.0
43311 0.0
42717 0.0
48948 0.0
46987 0.0
44397 0.0
42436 0.0
47643 0.0
45938 0.0
49743 0.0
43092 0.0
48729 0.0
46768 0.0
49462 0.0
44946 0.0
42217 0.0
48448 0.0
46503 0.0
43897 0.0
41936 0.0
47159 0.0
45198 0.0
49243 0.0
44743 0.0
42782 0.0
46284 0.0
44462 0.0
47964 0.0
46003 0.0
49792 0.0
43157 0.0
42563 0.0
48794 0.0
47089 0.0
44243 0.0
42282 0.0
50613 0.0
43962 0.0
47464 0.0
45519 0.0
46630 0.0
49308 0.0
45048 0.0
42079 0.0
48310 0.0
46349 0.0
50394 0.0
43759 0.0
48029 0.0
45300 0.0
50113 0.0
43478 0.0
44589 0.0
42628 0.0
49115 0.0
46130 0.0
44308 0.0
47810 0.0
45849 0.0
49910 0.0
43259 0.0
47529 0.0
48640 0.0
46951 0.0
44089 0.0
42128 0.0
48631 0.0
45646 0.0
50459 0.0
41863 0.0
47326 0.0
45365 0.0
49154 0.0
42949 0.0
48156 0.0
46451 0.0
43605 0.0
47875 0.0
45146 0.0
49975 0.0
43324 0.0
42730 0.0
48961 0.0
47000 0.0
44410 0.0
42449 0.0
47656 0.0
45711 0.0
49756 0.0
43105 0.0
47391 0.0
48758 0.0
44975 0.0
41990 0.0
48477 0.0
46516 0.0
50305 0.0
41965 0.0
47172 0.0
49256 0.0
44756 0.0
42795 0.0
49026 0.0
46297 0.0
44475 0.0
47977 0.0
46016 0.0
49821 0.0
43170 0.0
42576 0.0
46862 0.0
49540 0.0
42311 0.0
48542 0.0
45813 0.0
50626 0.0
43991 0.0
47237 0.0
45532 0.0
46643 0.0
49321 0.0
44821 0.0
42092 0.0
48323 0.0
46362 0.0
50423 0.0
43772 0.0
41811 0.0
48042 0.0
45057 0.0
50142 0.0
43491 0.0
44602 0.0
49128 0.0
46159 0.0
44321 0.0
47839 0.0
45878 0.0
49667 0.0
43016 0.0
48669 0.0
46964 0.0
44118 0.0
42157 0.0
48388 0.0
45659 0.0
50472 0.0
43837 0.0
41876 0.0
47339 0.0
49183 0.0
44923 0.0
42962 0.0
48169 0.0
46208 0.0
43618 0.0
47888 0.0
45175 0.0
49988 0.0
42503 0.0
48990 0.0
47029 0.0
44183 0.0
42478 0.0
47685 0.0
45724 0.0
49769 0.0
47404 0.0
46810 0.0
49488 0.0
44988 0.0
42003 0.0
46529 0.0
50334 0.0
43683 0.0
50053 0.0
43402 0.0
44769 0.0
42808 0.0
46326 0.0
44488 0.0
49834 0.0
43199 0.0
42605 0.0
48836 0.0
46875 0.0
49553 0.0
44285 0.0
42324 0.0
48555 0.0
45570 0.0
44004 0.0
47250 0.0
45545 0.0
46656 0.0
49350 0.0
44834 0.0
42105 0.0
46391 0.0
50180 0.0
43529 0.0
41824 0.0
48071 0.0
45086 0.0
50155 0.0
43504 0.0
44631 0.0
42670 0.0
48901 0.0
46172 0.0
44350 0.0
42389 0.0
47852 0.0
45891 0.0
49680 0.0
48682 0.0
46721 0.0
49415 0.0
44131 0.0
48401 0.0
45672 0.0
50501 0.0
43850 0.0
41889 0.0
45407 0.0
49196 0.0
44680 0.0
42991 0.0
48198 0.0
46237 0.0
50282 0.0
43647 0.0
47917 0.0
50001 0.0
43366 0.0
42516 0.0
47042 0.0
44196 0.0
42491 0.0
47698 0.0
43915 0.0
47417 0.0
45456 0.0
46839 0.0
49517 0.0
42016 0.0
46558 0.0
48263 0.0
43696 0.0
47214 0.0
45253 0.0
50066 0.0
43431 0.0
44798 0.0
42837 0.0
49068 0.0
46083 0.0
44517 0.0
47763 0.0
46058 0.0
49863 0.0
43212 0.0
42618 0.0
48849 0.0
49582 0.0
50693 0.0
44042 0.0
42337 0.0
48568 0.0
45599 0.0
50668 0.0
44017 0.0
47279 0.0
45318 0.0
46685 0.0
49363 0.0
44863 0.0
42902 0.0
48365 0.0
46404 0.0
50193 0.0
43558 0.0
41853 0.0
48084 0.0
45099 0.0
50168 0.0
43277 0.0
44644 0.0
48914 0.0
44363 0.0
42402 0.0
47865 0.0
49709 0.0
43058 0.0
47584 0.0
48711 0.0
46750 0.0
49428 0.0
44144 0.0
42199 0.0
48430 0.0
46469 0.0
50514 0.0
43879 0.0
41918 0.0
45420 0.0
49209 0.0
44709 0.0
43004 0.0
48211 0.0
46250 0.0
44428 0.0
47930 0.0
45969 0.0
50030 0.0
43379 0.0
42529 0.0
49016 0.0
47071 0.0
44209 0.0
42248 0.0
45766 0.0
43928 0.0
47446 0.0
45485 0.0
46596 0.0
45030 0.0
42045 0.0
50360 0.0
43725 0.0
50095 0.0
43444 0.0
44555 0.0
42850 0.0
46096 0.0
44530 0.0
47776 0.0
45831 0.0
49876 0.0
43225 0.0
47511 0.0
48878 0.0
49595 0.0
50706 0.0
44071 0.0
42366 0.0
48597 0.0
45612 0.0
50681 0.0
43790 0.0
47292 0.0
45331 0.0
46698 0.0
49376 0.0
44876 0.0
42915 0.0
48378 0.0
46417 0.0
50222 0.0
48097 0.0
45112 0.0
49941 0.0
43290 0.0
44657 0.0
48943 0.0
46982 0.0
44376 0.0
42431 0.0
47638 0.0
45933 0.0
43087 0.0
47613 0.0
48724 0.0
46763 0.0
44941 0.0
42212 0.0
48443 0.0
46482 0.0
50543 0.0
43892 0.0
41931 0.0
47138 0.0
45433 0.0
44722 0.0
46279 0.0
44441 0.0
50043 0.0
43136 0.0
42558 0.0
48789 0.0
47084 0.0
44238 0.0
47740 0.0
45779 0.0
50592 0.0
43957 0.0
45498 0.0
46609 0.0
49303 0.0
45043 0.0
42058 0.0
48289 0.0
46584 0.0
50389 0.0
43738 0.0
48008 0.0
45295 0.0
50108 0.0
43457 0.0
44568 0.0
42879 0.0
49110 0.0
44303 0.0
47805 0.0
45844 0.0
49889 0.0
43254 0.0
47524 0.0
48891 0.0
46930 0.0
49608 0.0
44084 0.0
42123 0.0
48610 0.0
45625 0.0
50454 0.0
43803 0.0
47305 0.0
45344 0.0
44889 0.0
42928 0.0
46446 0.0
50235 0.0
43584 0.0
48126 0.0
45141 0.0
49954 0.0
42725 0.0
48956 0.0
46995 0.0
44405 0.0
42444 0.0
47651 0.0
45946 0.0
49751 0.0
43100 0.0
48737 0.0
46776 0.0
49470 0.0
44954 0.0
42225 0.0
48456 0.0
43649 0.0
41944 0.0
47167 0.0
45206 0.0
49251 0.0
44751 0.0
42790 0.0
48253 0.0
46292 0.0
47972 0.0
46011 0.0
49800 0.0
43165 0.0
42571 0.0
48802 0.0
47097 0.0
44251 0.0
48521 0.0
45792 0.0
50621 0.0
47472 0.0
45527 0.0
46638 0.0
44800 0.0
42087 0.0
46357 0.0
50402 0.0
41806 0.0
50121 0.0
43486 0.0
44597 0.0
42636 0.0
46138 0.0
44316 0.0
45857 0.0
47537 0.0
48648 0.0
49637 0.0
44097 0.0
42136 0.0
48639 0.0
45654 0.0
50467 0.0
43816 0.0
41871 0.0
47334 0.0
45373 0.0
49162 0.0
44918 0.0
42957 0.0
48164 0.0
46459 0.0
50248 0.0
43613 0.0
47883 0.0
45154 0.0
49983 0.0
43332 0.0
48969 0.0
47008 0.0
44162 0.0
42457 0.0
47664 0.0
45719 0.0
43113 0.0
47399 0.0
48766 0.0
46805 0.0
49483 0.0
44983 0.0
41998 0.0
48485 0.0
46524 0.0
50313 0.0
43678 0.0
41973 0.0
47180 0.0
49264 0.0
43397 0.0
42803 0.0
49034 0.0
44483 0.0
47985 0.0
46024 0.0
49829 0.0
43178 0.0
42584 0.0
48831 0.0
46870 0.0
49548 0.0
42319 0.0
45821 0.0
50634 0.0
47245 0.0
45540 0.0
46651 0.0
49329 0.0
44829 0.0
42100 0.0
48331 0.0
46370 0.0
50431 0.0
43524 0.0
41819 0.0
48050 0.0
45065 0.0
50150 0.0
43499 0.0
44610 0.0
42649 0.0
49136 0.0
46167 0.0
44329 0.0
42368 0.0
47847 0.0
45886 0.0
49675 0.0
48677 0.0
46972 0.0
49650 0.0
44126 0.0
50480 0.0
43845 0.0
41884 0.0
47347 0.0
45386 0.0
49191 0.0
44675 0.0
48177 0.0
46216 0.0
50277 0.0
43626 0.0
47896 0.0
49996 0.0
43345 0.0
42511 0.0
48998 0.0
47037 0.0
44191 0.0
42486 0.0
47693 0.0
45732 0.0
49777 0.0
43910 0.0
47412 0.0
46818 0.0
49496 0.0
44996 0.0
42011 0.0
48498 0.0
46537 0.0
50342 0.0
43691 0.0
47193 0.0
50061 0.0
43410 0.0
44777 0.0
49063 0.0
46334 0.0
44496 0.0
47758 0.0
46053 0.0
49842 0.0
43207 0.0
42613 0.0
48844 0.0
44037 0.0
42332 0.0
48563 0.0
45578 0.0
50663 0.0
44012 0.0
47258 0.0
45553 0.0
46664 0.0
49358 0.0
42881 0.0
48344 0.0
46399 0.0
50188 0.0
41832 0.0
43512 0.0
44639 0.0
42678 0.0
48909 0.0
46180 0.0
44358 0.0
42397 0.0
47860 0.0
45899 0.0
49688 0.0
43053 0.0
47579 0.0
48690 0.0
46729 0.0
49423 0.0
44139 0.0
42178 0.0
48409 0.0
45680 0.0
50509 0.0
43858 0.0
41897 0.0
47104 0.0
45415 0.0
49204 0.0
44688 0.0
48206 0.0
46245 0.0
50290 0.0
44423 0.0
47925 0.0
45964 0.0
50009 0.0
43374 0.0
42524 0.0
49011 0.0
44204 0.0
42243 0.0
45745 0.0
43923 0.0
45464 0.0
46847 0.0
49525 0.0
45009 0.0
48271 0.0
46566 0.0
50355 0.0
43704 0.0
47222 0.0
45261 0.0
50074 0.0
43439 0.0
42845 0.0
49076 0.0
46091 0.0
44525 0.0
46066 0.0
49871 0.0
43220 0.0
47490 0.0
46896 0.0
49590 0.0
50701 0.0
44050 0.0
42345 0.0
48576 0.0
45607 0.0
50676 0.0
44025 0.0
47287 0.0
45326 0.0
46693 0.0
49371 0.0
44871 0.0
42910 0.0
48373 0.0
46412 0.0
50201 0.0
43566 0.0
48092 0.0
49920 0.0
43285 0.0
44652 0.0
42691 0.0
48922 0.0
46193 0.0
44371 0.0
42410 0.0
47617 0.0
45912 0.0
49717 0.0
43066 0.0
47592 0.0
48719 0.0
49436 0.0
44152 0.0
42207 0.0
48438 0.0
46477 0.0
50522 0.0
43887 0.0
41926 0.0
47133 0.0
45428 0.0
49217 0.0
44717 0.0
48219 0.0
46258 0.0
47938 0.0
45977 0.0
50038 0.0
43387 0.0
42537 0.0
48768 0.0
47079 0.0
44217 0.0
42256 0.0
47735 0.0
45774 0.0
47454 0.0
45493 0.0
46604 0.0
49282 0.0
45038 0.0
42053 0.0
48284 0.0
46579 0.0
50368 0.0
43733 0.0
48003 0.0
50103 0.0
43452 0.0
44563 0.0
49089 0.0
46104 0.0
44538 0.0
43233 0.0
47519 0.0
48886 0.0
46925 0.0
49603 0.0
50714 0.0
44079 0.0
42118 0.0
48605 0.0
45620 0.0
50433 0.0
43798 0.0
45339 0.0
46706 0.0
49384 0.0
44884 0.0
42923 0.0
48130 0.0
46425 0.0
50230 0.0
43579 0.0
48105 0.0
45120 0.0
49949 0.0
43298 0.0
44665 0.0
48951 0.0
46990 0.0
42439 0.0
49730 0.0
47365 0.0
46771 0.0
48732 0.0
44949 0.0
42220 0.0
46490 0.0
43900 0.0
41939 0.0
47146 0.0
45185 0.0
49246 0.0
44730 0.0
42769 0.0
44449 0.0
47967 0.0
49795 0.0
44246 0.0
42285 0.0
48516 0.0
45787 0.0
47467 0.0
45506 0.0
46617 0.0
45051 0.0
42066 0.0
48297 0.0
46336 0.0
50397 0.0
43746 0.0
48016 0.0
45303 0.0
50116 0.0
43465 0.0
44576 0.0
42631 0.0
49118 0.0
46133 0.0
44311 0.0
47813 0.0
45852 0.0
49897 0.0
43262 0.0
48643 0.0
46938 0.0
49616 0.0
42131 0.0
48618 0.0
45633 0.0
50462 0.0
43811 0.0
47313 0.0
45352 0.0
49157 0.0
44897 0.0
48159 0.0
50243 0.0
43592 0.0
45149 0.0
49962 0.0
43327 0.0
42733 0.0
48964 0.0
47003 0.0
42452 0.0
45698 0.0
49759 0.0
43108 0.0
47378 0.0
46784 0.0
49478 0.0
44962 0.0
42233 0.0
48464 0.0
46519 0.0
50308 0.0
43657 0.0
41952 0.0
47175 0.0
45214 0.0
49259 0.0
44759 0.0
42798 0.0
49029 0.0
46300 0.0
44478 0.0
46019 0.0
49808 0.0
43173 0.0
46849 0.0
49543 0.0
44259 0.0
42298 0.0
48529 0.0
45800 0.0
50629 0.0
43978 0.0
47480 0.0
45535 0.0
49324 0.0
44808 0.0
42095 0.0
48326 0.0
46365 0.0
48045 0.0
45060 0.0
50129 0.0
43494 0.0
44605 0.0
42644 0.0
46146 0.0
47826 0.0
45865 0.0
43019 0.0
47545 0.0
46967 0.0
49645 0.0
42144 0.0
48391 0.0
45662 0.0
50475 0.0
43824 0.0
41879 0.0
47342 0.0
49170 0.0
42965 0.0
48172 0.0
46211 0.0
50256 0.0
47891 0.0
45162 0.0
49991 0.0
43340 0.0
42746 0.0
48977 0.0
47016 0.0
44170 0.0
42465 0.0
47672 0.0
45727 0.0
49772 0.0
43121 0.0
47407 0.0
45446 0.0
46813 0.0
49491 0.0
44991 0.0
42006 0.0
48493 0.0
46532 0.0
50321 0.0
43686 0.0
41981 0.0
47188 0.0
49272 0.0
44772 0.0
49042 0.0
46313 0.0
44491 0.0
47993 0.0
46032 0.0
49837 0.0
43186 0.0
42592 0.0
46878 0.0
44272 0.0
48558 0.0
45573 0.0
50642 0.0
44007 0.0
47253 0.0
45548 0.0
46659 0.0
49337 0.0
44837 0.0
42108 0.0
50183 0.0
43532 0.0
41827 0.0
45073 0.0
50158 0.0
43507 0.0
44618 0.0
42657 0.0
49144 0.0
46175 0.0
44337 0.0
42376 0.0
47855 0.0
43032 0.0
47574 0.0
48685 0.0
46724 0.0
49658 0.0
44134 0.0
42173 0.0
48404 0.0
45675 0.0
50488 0.0
43853 0.0
41892 0.0
45394 0.0
49199 0.0
44683 0.0
42978 0.0
50285 0.0
43634 0.0
47904 0.0
45959 0.0
50004 0.0
43353 0.0
42519 0.0
49006 0.0
47045 0.0
44199 0.0
42494 0.0
47701 0.0
49785 0.0
43918 0.0
45459 0.0
46826 0.0
47420 0.0
49504 0.0
45004 0.0
42019 0.0
48506 0.0
46545 0.0
50350 0.0
43699 0.0
47201 0.0
50069 0.0
43418 0.0
44785 0.0
42824 0.0
49071 0.0
46086 0.0
44504 0.0
47766 0.0
46061 0.0
49850 0.0
43215 0.0
42621 0.0
48852 0.0
46891 0.0
49569 0.0
44045 0.0
42340 0.0
48571 0.0
45586 0.0
50671 0.0
44020 0.0
45561 0.0
49366 0.0
44850 0.0
42889 0.0
48352 0.0
50196 0.0
43545 0.0
41840 0.0
45102 0.0
48087 0.0
50171 0.0
43264 0.0
44647 0.0
42686 0.0
46188 0.0
44366 0.0
42405 0.0
47868 0.0
45907 0.0
49696 0.0
43061 0.0
47587 0.0
48698 0.0
46737 0.0
44147 0.0
42186 0.0
48417 0.0
45688 0.0
50517 0.0
43866 0.0
41905 0.0
47112 0.0
45423 0.0
49212 0.0
44696 0.0
43007 0.0
48214 0.0
46253 0.0
50298 0.0
44431 0.0
47933 0.0
50017 0.0
43382 0.0
42532 0.0
49019 0.0
47058 0.0
44212 0.0
42251 0.0
47714 0.0
45753 0.0
50582 0.0
43931 0.0
47433 0.0
45472 0.0
46599 0.0
49533 0.0
45017 0.0
50363 0.0
43712 0.0
47230 0.0
45269 0.0
50082 0.0
43447 0.0
44558 0.0
42853 0.0
46099 0.0
44533 0.0
47779 0.0
46074 0.0
49879 0.0
43228 0.0
47498 0.0
48865 0.0
46904 0.0
49598 0.0
50709 0.0
44058 0.0
42353 0.0
45615 0.0
50684 0.0
43777 0.0
47295 0.0
45334 0.0
46701 0.0
44879 0.0
42918 0.0
48381 0.0
46420 0.0
43574 0.0
45115 0.0
49928 0.0
43293 0.0
44660 0.0
48930 0.0
46201 0.0
44379 0.0
42418 0.0
47625 0.0
45920 0.0
49725 0.0
43074 0.0
47600 0.0
48727 0.0
46766 0.0
49444 0.0
44928 0.0
42215 0.0
48446 0.0
43895 0.0
41934 0.0
47141 0.0
45436 0.0
49225 0.0
44725 0.0
42764 0.0
46266 0.0
44444 0.0
45985 0.0
43139 0.0
42545 0.0
48776 0.0
44225 0.0
47743 0.0
45782 0.0
50595 0.0
45501 0.0
46612 0.0
49290 0.0
42061 0.0
48292 0.0
50376 0.0
43741 0.0
48011 0.0
50111 0.0
43460 0.0
44571 0.0
42866 0.0
49097 0.0
46112 0.0
44290 0.0
47792 0.0
49892 0.0
43241 0.0
47527 0.0
48894 0.0
46933 0.0
44087 0.0
42126 0.0
48613 0.0
45628 0.0
43806 0.0
47308 0.0
45347 0.0
46714 0.0
49392 0.0
44892 0.0
42931 0.0
48138 0.0
46433 0.0
43587 0.0
48113 0.0
45128 0.0
49957 0.0
43306 0.0
42712 0.0
48959 0.0
46998 0.0
44392 0.0
42447 0.0
47654 0.0
45949 0.0
49738 0.0
43103 0.0
48740 0.0
46779 0.0
42228 0.0
48459 0.0
46498 0.0
50559 0.0
43652 0.0
41947 0.0
47154 0.0
45193 0.0
49254 0.0
44738 0.0
42777 0.0
48240 0.0
46295 0.0
44457 0.0
46014 0.0
49803 0.0
43152 0.0
42574 0.0
48805 0.0
47100 0.0
44254 0.0
42293 0.0
48524 0.0
45795 0.0
50608 0.0
43973 0.0
47475 0.0
45514 0.0
46625 0.0
49319 0.0
44803 0.0
42074 0.0
48305 0.0
46344 0.0
50405 0.0
43754 0.0
48024 0.0
43473 0.0
44584 0.0
42639 0.0
49126 0.0
46141 0.0
44319 0.0
47821 0.0
45860 0.0
43014 0.0
47540 0.0
48651 0.0
46946 0.0
49624 0.0
44100 0.0
42139 0.0
48626 0.0
45641 0.0
43819 0.0
41858 0.0
47321 0.0
45360 0.0
49165 0.0
44905 0.0
48167 0.0
46462 0.0
50251 0.0
43600 0.0
47886 0.0
45157 0.0
49970 0.0
43335 0.0
42741 0.0
48972 0.0
47011 0.0
44165 0.0
42460 0.0
47667 0.0
45706 0.0
49767 0.0
43116 0.0
48753 0.0
46792 0.0
49486 0.0
44970 0.0
41985 0.0
46527 0.0
50316 0.0
43665 0.0
41960 0.0
47183 0.0
49267 0.0
44767 0.0
42806 0.0
49037 0.0
46308 0.0
44486 0.0
47988 0.0
46027 0.0
49816 0.0
43181 0.0
42587 0.0
49551 0.0
44267 0.0
42306 0.0
48537 0.0
45808 0.0
50637 0.0
43986 0.0
47232 0.0
45543 0.0
46654 0.0
49332 0.0
44816 0.0
42103 0.0
50418 0.0
43527 0.0
41822 0.0
48053 0.0
45068 0.0
50137 0.0
42652 0.0
49139 0.0
46154 0.0
44332 0.0
42371 0.0
47834 0.0
45873 0.0
48664 0.0
46975 0.0
44113 0.0
42152 0.0
48399 0.0
45670 0.0
50483 0.0
43832 0.0
41887 0.0
47350 0.0
49178 0.0
44678 0.0
42973 0.0
48180 0.0
46219 0.0
50264 0.0
43629 0.0
47899 0.0
45170 0.0
43348 0.0
42498 0.0
48985 0.0
47024 0.0
44178 0.0
42473 0.0
47680 0.0
45735 0.0
49780 0.0
43129 0.0
45454 0.0
46821 0.0
49499 0.0
44999 0.0
48501 0.0
46540 0.0
50329 0.0
43694 0.0
47196 0.0
45235 0.0
50048 0.0
43413 0.0
44780 0.0
42819 0.0
49050 0.0
46321 0.0
44499 0.0
47745 0.0
46040 0.0
49845 0.0
43194 0.0
42600 0.0
46886 0.0
49564 0.0
44280 0.0
42335 0.0
45581 0.0
44015 0.0
47261 0.0
45556 0.0
49345 0.0
44845 0.0
42884 0.0
48347 0.0
43540 0.0
41835 0.0
45081 0.0
50166 0.0
43515 0.0
42665 0.0
48896 0.0
46183 0.0
44345 0.0
47863 0.0
49691 0.0
43040 0.0
48693 0.0
49410 0.0
44142 0.0
48412 0.0
45683 0.0
43861 0.0
47107 0.0
49207 0.0
44691 0.0
42986 0.0
48193 0.0
46232 0.0
43642 0.0
47912 0.0
45967 0.0
50012 0.0
43361 0.0
42527 0.0
47053 0.0
49014 0.0
44207 0.0
42246 0.0
45748 0.0
50561 0.0
43926 0.0
47428 0.0
45467 0.0
49512 0.0
45012 0.0
42027 0.0
46553 0.0
50358 0.0
43707 0.0
47209 0.0
45248 0.0
44793 0.0
42832 0.0
49079 0.0
46094 0.0
44512 0.0
47774 0.0
46069 0.0
49858 0.0
43223 0.0
47493 0.0
46899 0.0
49577 0.0
50688 0.0
44053 0.0
42348 0.0
48579 0.0
45594 0.0
50679 0.0
44028 0.0
47274 0.0
45313 0.0
46680 0.0
49374 0.0
44858 0.0
42897 0.0
48360 0.0
46415 0.0
50204 0.0
43553 0.0
48095 0.0
45110 0.0
