13352 5.506e-06
1208901 5.506e-06
2752811 1.02724e-07
3129231 1.61444e-08
4168001 0.000260659
6135562 0.00189362
6989942 6.84615e-06
7204382 3.85361e-08
7886222 2.76051e-06
8299422 4.13109e-06
8363442 9.41275e-08
8576852 3.50777e-07
9550492 5.84031e-06
10474062 0.000512197
10712082 5.83282e-08
11116672 1.11361e-05
11707152 1.99722e-06
11762642 6.16351e-07
12387282 5.506e-06
12560122 2.753e-06
12703602 5.78795e-05
12788542 5.09815e-08
12911702 8.43358e-05
13038662 1.7307e-07
14066928 1.22356e-06
14094328 1.16803e-05
14183175 2.90116e-08
14202157 3.44125e-07
14223809 3.5307e-07
14256540 1.30059e-05
14322592 3.93286e-07
14375858 3.1722e-09
14376500 5.55436e-06
14382426 1.1352e-06
14383707 2.52949e-09
14386428 9.36636e-06
14391677 1.00558e-05
14472579 9.74989e-06
14543218 0.00011057
14625412 1.10533e-05
14625761 4.87916e-08
14759343 8.17655e-09
14774424 6.4066e-06
14790356 3.13911e-08
14870642 1.09334e-08
14893303 6.34014e-06
14936704 3.11734e-08
14972766 8.88065e-08
15083026 2.2024e-05
15167969 5.70423e-06
15230090 1.63366e-07
15261864 3.15372e-09
15262271 1.83267e-07
15267777 1.73911e-08
15286917 6.92427e-06
15301503 0.000323885
15376771 1.87281e-05
15506290 6.40233e-09
15512670 6.70123e-10
15656716 1.76577e-07
15793875 4.25173e-06
15827782 1.483e-05
16086504 1.42105e-05
16185879 1.98368e-06
16584737 1.84953e-08
16680479 5.506e-06
16683162 4.04031e-09
16777778 1.14462e-05
16827148 0.00144483
16832793 3.7656e-09
16894559 6.97179e-05
17228509 1.74752e-08
17288352 5.46616e-08
17437342 0.000568013
17562550 3.76936e-09
17664609 0.000118379
17718831 6.27622e-06
17839060 9.83499e-09
17869799 3.3036e-05
17964137 0.000876344
17988848 1.5369e-06
18020500 9.83215e-08
18161336 0.000777041
18164029 1.62232e-07
18187991 1.4118e-06
18213388 9.47951e-08
18247373 1.07842e-07
18284651 1.21731e-07
18329181 1.10173e-05
18542950 3.39192e-08
18548294 0.000757494
18598033 1.57261e-08
18693919 5.11421e-06
18800449 0.000287578
18820792 1.86644e-07
18938972 5.30151e-08
18976173 4.4048e-06
19136302 1.1012e-05
19153654 2.05695e-08
19213516 0.000632279
19265358 6.72956e-06
19300543 1.22458e-06
19329013 3.6222e-08
19346439 5.2414e-05
19373063 3.40764e-09
19387688 5.58699e-07
19392372 5.7561e-07
19393968 1.31592e-05
19406460 3.02309e-05
19483191 0.000137712
19499572 2.8979e-08
19503310 0.000262482
19526431 2.55112e-06
19638066 1.83533e-06
19672165 0.000143807
19702280 1.04143e-06
19725518 7.04654e-09
19759808 1.00109e-08
19810661 3.67067e-06
19816057 0.000117375
19856378 7.34457e-06
19899730 7.50739e-06
20173013 1.02724e-07
20298177 3.01878e-06
20312948 6.90148e-09
20472128 2.68058e-07
20477268 2.753e-06
20494798 2.04113e-05
20510157 0.00226423
20536910 0.00135073
20556000 4.03636e-09
20670772 1.2035e-07
20759034 1.83533e-06
20761151 1.22038e-05
20764844 1.02687e-06
20836056 0.000268498
20851192 9.53205e-08
20860002 5.506e-06
20905367 0.0102336
21088921 1.35944e-06
21552473 6.42367e-06
21745914 5.22857e-06
21758993 5.13655e-09
21784813 5.506e-06
21885474 2.19489e-07
22002933 3.07618e-09
22070245 4.67936e-08
22245277 5.61135e-06
22252276 2.2024e-06
22457220 5.506e-06
22545549 1.32308e-08
22744107 6.03038e-06
22747472 4.18177e-07
22799257 1.1885e-05
23192081 2.52187e-07
23549130 1.92953e-07
23567803 1.83533e-06
23917612 3.93286e-06
23936177 0.00117682
24077883 3.67067e-06
24343921 2.20951e-07
24361948 2.64452e-05
24724342 7.85766e-08
24725480 2.24755e-05
24919927 6.73403e-10
24962090 9.9292e-07
25223553 2.41661e-09
25255663 6.8825e-06
25394868 5.506e-06
25461790 1.10579e-05
25537721 2.2485e-06
25575822 2.94321e-09
25599948 5.53199e-07
25708156 8.7678e-07
25794084 2.67029e-08
25977838 1.44895e-07
26028634 1.8458e-06
26498461 5.506e-06
26759279 3.34119e-08
26792050 1.57081e-07
27224051 2.753e-06
27275766 8.27286e-06
28131209 2.98005e-09
28210206 4.88374e-07
28298779 2.9398e-07
28302297 1.3765e-06
28600107 8.02317e-08
28674716 1.85822e-09
28773721 5.506e-06
28805462 8.09706e-08
28859692 1.13052e-05
29010710 5.56336e-06
29489622 2.13605e-05
29589780 7.52965e-05
29651682 1.76493e-09
29691401 4.61029e-08
29775265 0.000228654
29989681 1.50038e-07
30178619 5.506e-06
30195239 0.000349631
30429638 2.753e-05
30460070 8.21647e-08
30892684 3.03381e-07
31096552 3.58663e-06
31111422 5.352e-05
31140449 0.000210096
31388065 5.59977e-06
31808443 1.11684e-08
31922947 5.09872e-05
32194107 5.52315e-06
32421706 0.000724068
32840896 9.46109e-09
32857453 2.27643e-05
32898319 3.90726e-08
32974222 2.04999e-07
33010531 7.89426e-08
33022058 5.506e-06
33169364 6.8825e-06
33193222 2.7306e-09
33461442 1.29391e-05
33472726 4.86855e-06
33736915 1.84165e-09
33816202 9.38523e-08
33892408 2.65192e-07
34191814 5.34856e-05
34200559 0.00796594
34209920 5.17816e-05
34578514 4.37876e-08
34684728 1.35498e-07
34694428 6.14508e-09
35233615 0.00259639
35320767 5.8397e-06
35698156 5.506e-06
36071202 3.07896e-08
36309919 0.00523511
36609285 3.62679e-08
36629564 9.96425e-06
36905725 1.54821e-08
36943651 1.1376e-07
37483590 2.05359e-05
37608388 2.59449e-05
37627855 2.63306e-06
37888310 2.85178e-08
37902453 1.29145e-09
38123446 8.42638e-07
38138072 4.56593e-07
39033398 2.70184e-05
39082967 2.00264e-05
39086167 7.4651e-05
39254274 1.12792e-05
39706299 1.27818e-06
39745672 6.21708e-08
39760075 6.95787e-08
40033030 8.08858e-06
40225056 1.7845e-07
40281777 1.21456e-05
40284212 1.41397e-07
40447766 0.000618049
40652622 1.65196e-05
40709176 1.16939e-05
40807205 0.000422667
40847449 4.96348e-09
40900747 6.0728e-08
41077434 1.24547e-07
41099515 4.78663e-06
41130964 0.000478536
41180986 2.76336e-08
41235693 1.44832e-06
41329463 5.06029e-05
41392603 2.06595e-06
41468232 1.93235e-09
41787906 1.89769e-08
42059099 1.96916e-06
42192853 1.11181e-07
42214076 1.10238e-05
42225543 3.14629e-06
42265635 6.51286e-07
42375639 5.32024e-06
42567069 6.4203e-08
42617240 0.000798836
42621347 2.2946e-09
42878084 2.753e-06
42895605 0.00155481
42955392 8.03306e-08
43063566 2.11141e-08
43094442 1.89544e-07
43151657 2.0343e-06
43169798 5.56999e-06
43370523 2.49173e-06
43390477 3.3904e-08
43429477 0.00074791
43455739 1.05936e-08
43687492 3.73471e-05
43971725 5.506e-06
44193300 1.03511e-08
