0 1.78064e-05
2 4.4285e-08
3 0
4 5.36024e-09
5 7.04195e-07
6 4.6043e-06
7 0
8 1.91195e-05
9 0
10 1.72274e-07
11 1.33388e-05
15 0
16 0
17 8.35566e-09
18 2.49573e-07
19 2.59209e-09
20 4.5664e-06
21 4.65253e-06
24 0
25 8.20871e-07
26 1.55698e-07
27 3.11543e-07
28 7.0174e-06
29 0
30 3.10303e-05
31 4.94746e-05
32 0
33 0
34 0
35 0
36 0
37 4.4258e-05
38 9.88936e-07
39 0
40 6.22208e-09
41 0
42 0
43 1.05027e-05
44 0
45 1.51196e-05
46 1.15356e-05
47 0
48 2.46134e-05
49 0
50 4.37725e-09
51 2.04285e-06
52 2.49622e-07
53 0
54 0
55 6.89095e-07
56 0
57 0
58 5.03984e-05
59 0
60 2.46342e-06
62 7.12149e-06
63 0
64 0
65 0
66 0
67 0
68 5.31913e-06
69 0
70 0
71 0
72 9.63823e-07
73 1.26932e-07
74 0
75 0
76 1.72274e-07
77 0
78 2.06248e-07
80 0
81 2.69633e-06
82 0
83 6.34045e-06
84 2.51087e-07
85 3.25822e-07
86 0
87 0
88 2.57755e-05
89 0
90 4.89465e-09
91 0
92 0
93 1.06118e-05
94 0
95 4.61507e-07
96 1.97772e-06
97 0
98 0.00015115
99 0
100 1.35982e-06
101 0
102 0
103 4.98392e-05
110 0
111 4.95118e-05
112 0
113 3.11146e-06
114 1.67725e-09
115 0
116 0
117 7.84145e-06
118 0
119 0
121 0
123 0
124 0
125 5.44079e-07
126 0
127 0
128 6.89339e-07
129 0
130 1.77391e-06
131 2.50465e-07
132 0
135 0
136 1.7628e-07
137 0
138 0
139 0
140 0
141 0
142 0
143 2.6975e-07
144 6.17466e-09
145 0
146 0
147 4.28327e-05
148 3.44548e-07
149 4.35125e-09
150 1.68029e-07
151 0
152 0
153 3.4853e-07
154 1.37819e-07
155 0
156 7.46967e-09
157 0
158 1.4623e-06
