0 7.68881e-06
4 5.36024e-09
5 4.95106e-07
6 1.60297e-07
8 1.017e-05
10 1.72274e-07
11 5.52677e-06
17 8.35566e-09
18 3.65672e-07
19 3.78762e-10
21 2.92039e-05
25 3.10551e-07
26 1.04822e-07
27 1.67612e-07
28 4.08873e-06
30 7.73749e-06
40 6.22208e-09
45 5.42041e-06
46 6.60915e-06
50 4.64464e-09
52 3.55018e-07
55 6.89095e-07
60 1.61994e-06
62 1.78701e-06
72 8.71103e-07
73 7.42414e-08
76 1.72274e-07
78 3.62965e-07
81 3.91163e-06
83 2.23594e-06
84 4.46408e-09
85 1.25917e-06
88 4.48665e-06
90 1.92577e-07
96 9.72087e-07
100 1.2928e-06
111 1.28142e-06
113 3.30468e-06
114 1.72288e-07
117 5.69874e-06
125 1.82642e-07
128 6.89823e-07
131 1.08103e-09
136 1.72274e-07
143 3.30839e-07
144 3.12807e-11
147 2.30009e-06
148 3.44548e-07
149 4.35125e-09
150 2.22916e-07
153 1.6917e-07
154 2.41183e-07
158 9.96454e-07
162 5.73084e-10
164 5.4055e-06
175 6.82116e-09
180 1.81757e-07
181 6.67048e-07
182 1.30542e-06
184 1.53151e-06
185 1.72197e-06
186 2.15121e-06
188 1.99091e-06
191 1.59957e-05
194 9.15802e-06
195 1.16401e-07
200 1.03838e-09
201 8.16263e-06
202 8.62187e-08
204 3.08645e-07
209 5.27287e-07
213 1.15633e-07
215 5.22042e-09
220 1.30523e-06
224 5.21869e-06
229 2.53936e-07
230 2.11785e-09
231 3.89252e-07
232 1.19138e-06
234 1.27787e-07
240 6.23448e-07
241 4.60826e-08
242 4.89083e-06
244 5.16821e-07
250 8.10342e-09
252 9.38313e-08
257 4.30684e-07
259 2.68163e-06
262 5.83708e-10
263 5.95236e-06
265 5.33089e-07
266 1.48021e-05
273 2.23724e-06
276 2.27089e-07
279 1.58244e-06
281 8.77688e-06
282 1.08446e-09
286 1.72274e-07
291 1.72274e-07
294 1.88164e-06
297 3.33013e-06
303 5.90994e-06
305 2.30526e-07
306 4.36642e-06
308 9.65318e-07
311 3.69528e-07
318 3.77901e-10
319 8.65426e-09
325 4.21431e-11
327 8.19179e-08
329 4.70265e-10
331 1.30137e-07
333 3.54463e-07
334 5.13663e-10
340 2.20092e-07
341 1.29418e-09
345 2.72787e-11
351 3.37619e-07
357 5.64665e-12
360 7.27611e-07
364 2.89311e-06
368 2.61245e-07
376 1.72274e-07
382 4.3282e-07
385 2.51882e-06
389 1.32664e-09
402 1.72274e-07
406 6.3476e-11
408 8.35604e-10
413 6.93798e-08
423 2.45696e-10
425 3.73987e-10
426 1.17473e-07
427 8.01677e-07
428 2.12967e-08
430 2.20196e-05
437 1.72274e-07
438 1.41595e-07
440 4.59092e-07
446 1.57215e-06
447 4.5203e-10
448 2.58071e-06
454 3.97782e-07
457 3.22524e-09
459 5.36138e-07
460 1.72405e-07
462 4.78049e-07
466 2.37619e-09
475 3.44548e-07
477 1.72274e-07
479 3.44548e-07
481 3.15809e-08
484 2.94983e-06
489 1.72274e-07
495 2.47188e-07
498 9.08885e-08
499 1.87867e-07
502 5.69555e-06
507 1.0764e-05
509 3.97365e-06
512 1.34692e-06
514 5.16052e-07
517 5.32178e-09
518 3.96922e-07
519 5.56845e-08
521 4.55844e-08
522 1.39446e-06
523 2.41183e-07
528 2.70016e-09
533 7.51158e-09
535 5.0489e-07
536 2.36231e-06
541 3.799e-07
545 1.33363e-06
546 3.73646e-09
547 9.12156e-07
548 2.66663e-07
550 1.12169e-07
551 4.85005e-10
557 6.79024e-06
560 1.42371e-06
562 5.23517e-07
565 9.87135e-07
569 1.93767e-08
570 5.08125e-09
580 8.87178e-10
585 6.78263e-07
587 4.95293e-08
595 4.29351e-11
597 3.44548e-07
599 3.20687e-07
604 6.74348e-06
606 3.35323e-07
607 2.97845e-11
608 2.48378e-07
611 2.72366e-06
619 1.99842e-07
620 4.28542e-10
622 3.11168e-06
623 1.84834e-06
628 1.80921e-06
629 3.82858e-06
632 2.95826e-07
633 7.33452e-07
636 6.92815e-07
637 7.90026e-07
640 3.72177e-06
647 2.12809e-09
648 4.55559e-08
656 1.72274e-07
663 2.35738e-06
666 6.89095e-07
668 3.36111e-07
670 5.15413e-07
686 2.06515e-08
687 1.6297e-06
691 3.97427e-07
692 1.61179e-06
694 4.13863e-08
696 3.4306e-08
698 1.43495e-06
701 9.69363e-09
702 1.36199e-07
703 3.44548e-07
708 9.77178e-07
713 1.43671e-07
715 1.60712e-06
716 3.6842e-07
719 1.5026e-08
720 8.01462e-08
723 9.93022e-08
740 3.44548e-07
742 1.72274e-07
745 3.58825e-06
749 3.51192e-11
755 9.25208e-10
759 3.96638e-07
761 8.67454e-10
762 2.67014e-10
768 1.71095e-06
779 9.92613e-07
780 2.30037e-07
783 2.25502e-07
787 7.37888e-07
790 2.02809e-07
793 6.38006e-06
800 1.72624e-07
807 9.28917e-07
814 2.21441e-07
827 7.05136e-07
831 1.72274e-07
834 1.80682e-07
839 4.18263e-09
842 1.72274e-07
846 6.98191e-09
847 1.98904e-06
848 3.87712e-07
849 1.72274e-07
857 4.67673e-09
861 7.61052e-06
862 2.30209e-06
864 5.89712e-06
865 8.36137e-06
872 1.72274e-07
879 5.32852e-09
882 1.16653e-09
886 2.15342e-07
894 1.29205e-07
895 4.3991e-07
896 9.69194e-07
899 2.46559e-07
902 4.24942e-07
903 7.36505e-07
906 1.11316e-06
910 1.46012e-06
911 1.85735e-07
914 2.14589e-07
916 8.80123e-07
918 4.02997e-07
920 5.21364e-07
925 1.72274e-07
929 1.72274e-07
931 3.55262e-08
935 1.29529e-09
937 9.28047e-06
938 7.20451e-06
940 2.68386e-09
941 3.3735e-09
942 2.39414e-07
943 6.91208e-07
944 2.73205e-07
947 1.49875e-09
954 6.33783e-09
963 1.0444e-06
964 3.86631e-07
965 1.40327e-07
967 2.72253e-07
973 1.179e-06
974 1.74691e-07
977 3.09103e-06
980 1.58014e-06
984 8.29599e-08
1000 0
1001 1.30125e-07
1002 3.76028e-07
1008 8.50339e-06
1011 1.72274e-07
1014 1.72274e-07
1024 4.73537e-06
1025 3.82997e-06
1036 3.34193e-07
1041 1.74095e-07
1042 3.2732e-07
1044 1.0032e-06
1048 6.78838e-06
1051 2.41506e-08
1052 6.09211e-08
1053 3.88584e-08
1054 6.56907e-11
1056 6.55156e-08
1060 3.44548e-07
1063 1.72274e-07
1068 6.63728e-07
1071 4.59467e-08
1072 1.40394e-07
1073 1.80329e-07
1074 1.20592e-07
1084 9.17946e-08
1085 2.72383e-09
1091 1.72574e-07
1094 4.03865e-08
1095 3.82595e-07
1097 8.19135e-07
1100 4.04806e-10
1101 1.8234e-08
1104 1.39252e-06
1105 3.12287e-10
1107 1.57447e-09
1112 2.53593e-08
1114 1.87182e-07
1118 5.1949e-10
1130 2.18732e-06
1133 8.57399e-08
1136 1.35956e-06
1138 8.84504e-06
1143 1.88648e-07
1145 1.54381e-11
1148 3.34151e-08
1150 1.40477e-11
1152 1.72274e-07
1155 3.44548e-07
1157 6.15952e-08
1161 3.41146e-06
1164 1.84792e-06
1166 4.69411e-10
1167 2.02294e-08
1169 1.06598e-07
1170 2.11427e-07
1179 3.31739e-07
1180 5.85037e-11
1181 8.68369e-10
1184 9.99303e-07
1190 2.56951e-09
1204 3.15906e-07
1211 1.72274e-07
1218 9.1269e-07
1220 3.61963e-07
1221 1.09677e-07
1223 1.72274e-07
1225 3.91976e-09
1227 8.04419e-07
1228 8.05018e-10
1230 3.37427e-08
1231 8.61369e-08
1235 8.46777e-07
1243 4.17227e-10
1246 9.9812e-09
1247 1.55832e-09
1256 4.28554e-09
1257 1.14849e-07
1261 7.72835e-09
1263 1.67026e-08
1264 4.92211e-08
1265 2.21495e-07
1270 5.60994e-07
1273 4.2583e-07
1275 1.72274e-07
1278 1.72274e-07
1280 1.30976e-06
1283 5.04245e-07
1284 2.92901e-06
1286 2.42793e-08
1288 2.20013e-07
1293 1.50665e-06
1295 6.55875e-08
1297 2.20231e-07
1299 3.41969e-07
1309 2.06729e-07
1310 1.76152e-08
1313 6.72903e-10
1316 3.96036e-05
1320 1.53535e-06
1322 1.72274e-07
1324 1.72274e-07
1327 2.07341e-11
1329 2.52495e-07
1340 1.68288e-08
1343 4.42258e-06
1344 5.48093e-07
1346 5.22381e-10
1350 3.57507e-06
1357 9.15845e-11
1365 1.72274e-07
1370 6.98431e-06
1376 9.30707e-11
1380 6.38051e-09
1385 9.59022e-07
1389 1.79408e-07
1390 1.32828e-09
1393 7.99439e-09
1394 1.72274e-07
1395 3.42552e-07
1397 8.61369e-08
1402 4.54728e-08
1416 1.72274e-07
1418 1.86383e-07
