11604 0.0196981
5597 0.00643008
11374 0.00641819
92737 0.00602457
49933 0.00415052
23240 0.00374781
51522 0.00370949
17447 0.00334605
119142 0.00334171
109190 0.00323417
36532 0.00292437
52233 0.00273032
119881 0.00249965
34223 0.00244594
22694 0.00241572
16383 0.00228716
19794 0.00201139
2923 0.00194032
33290 0.00191663
29773 0.00190463
117682 0.00186066
106309 0.00161205
119593 0.00160764
8726 0.00152432
30577 0.00143857
28939 0.00140366
26459 0.00129681
44696 0.00128281
22847 0.00128099
4861 0.00122892
42800 0.00120287
50244 0.00117607
11514 0.00114344
99924 0.00113572
12846 0.00112263
122387 0.00102768
12872 0.000935303
2622 0.00091881
20010 0.000907578
2230 0.000902607
53338 0.000895385
119614 0.000875967
120945 0.000826356
66399 0.000812761
15818 0.000804481
40219 0.000799767
11336 0.000788795
23478 0.000767549
32930 0.000756227
4143 0.00073833
22149 0.000734907
79526 0.000734017
118918 0.000711992
84396 0.000708452
34124 0.000695929
114470 0.000664298
51524 0.00065942
97672 0.000623201
120893 0.000607608
26088 0.000595346
112400 0.000587368
119981 0.000586866
113231 0.00058086
121984 0.000577326
16313 0.000560551
108953 0.000558865
6456 0.000555885
82040 0.000517908
122089 0.000515652
112623 0.000513636
18900 0.000509899
113779 0.000507857
677 0.000506692
18786 0.00050362
119650 0.000467656
11419 0.000464926
80056 0.000464535
119791 0.00046406
119774 0.000456505
111412 0.000454473
119918 0.000442376
91235 0.00043515
117746 0.000426762
75730 0.000423858
119861 0.000421016
124234 0.000415972
32927 0.00041174
26458 0.000409222
117636 0.000369386
31373 0.000354301
2304 0.000350031
66330 0.000344518
16066 0.000343325
69663 0.000340978
5363 0.000339483
57613 0.000324245
119797 0.000318508
32259 0.000318458
123372 0.000312179
97102 0.000309238
205 0.000303238
120204 0.000302838
118697 0.0003027
6364 0.000301045
20962 0.000297854
44389 0.000297133
121342 0.000296748
13453 0.000295746
120081 0.000293308
119677 0.000276257
119836 0.000270965
33443 0.000269033
83655 0.000266741
43184 0.000265903
123082 0.000264723
15471 0.000256799
106871 0.000253942
1345 0.000253389
117646 0.000252026
119898 0.000251049
11895 0.000249641
52984 0.000245613
121831 0.000243401
121289 0.000241469
120200 0.000235508
120178 0.000232035
76159 0.000231637
1268 0.000230589
93 0.000223259
6688 0.000218961
28894 0.00021875
20089 0.000217787
105217 0.000216813
22925 0.000214738
1027 0.000213482
119663 0.000213124
7994 0.000208909
106211 0.000204703
23904 0.000203303
117677 0.000202895
117005 0.000201774
1636 0.000200338
5624 0.000199922
104013 0.000195829
110813 0.000194532
50578 0.000194491
18736 0.000192939
119712 0.000190953
120203 0.00018836
60047 0.000188289
41459 0.000186926
85877 0.000185558
38464 0.000183995
119788 0.000183506
652 0.000183217
101018 0.000181581
121204 0.000180977
120699 0.000178198
12732 0.000177644
122985 0.000175393
119920 0.000175305
11161 0.000174084
9155 0.000172385
10083 0.000170259
35446 0.000168884
13890 0.000167499
47478 0.000166618
99206 0.000166582
23124 0.000163198
1548 0.000162891
41285 0.000162475
15479 0.00016085
15405 0.000157157
11553 0.000154494
33408 0.000154172
34421 0.000152441
48379 0.000151518
23441 0.000151318
11662 0.000148502
47521 0.000146159
117012 0.000145007
117600 0.000144831
119878 0.00014439
48747 0.000140461
109345 0.000139502
68247 0.000139236
64466 0.000136574
111024 0.000136512
120011 0.000134547
37 0.000133959
57447 0.000133892
5844 0.000132709
109989 0.000129516
39499 0.000129482
117788 0.000129433
17193 0.000129406
86337 0.000129148
121983 0.000127963
388 0.000127538
116990 0.000126994
117630 0.000125878
44640 0.000123953
14253 0.000123407
121507 0.000122608
98722 0.000122089
40555 0.000121137
117655 0.000120809
120462 0.000120608
41554 0.000119795
48518 0.000119216
48834 0.000114954
123711 0.000114848
54928 0.000114573
120782 0.000113923
93636 0.000113593
86269 0.000113514
46278 0.000111883
20336 0.000111156
49290 0.000109938
119706 0.000109558
2138 0.000108454
117961 0.00010743
11716 0.00010731
2067 0.000105787
41437 0.000105094
121124 0.000101802
86066 0.000101125
22857 0.000101079
117026 0.000100467
111028 0.000100093
4348 9.67524e-05
21757 9.67432e-05
120022 9.65479e-05
66810 9.4814e-05
117652 9.32781e-05
66690 9.29808e-05
82386 9.21328e-05
11818 9.18047e-05
6389 9.0941e-05
34125 9.05726e-05
44498 9.02875e-05
38623 9.01114e-05
20488 8.96866e-05
47116 8.90739e-05
1302 8.8791e-05
113868 8.72731e-05
3764 8.68636e-05
35531 8.66568e-05
38969 8.50362e-05
1018 8.43812e-05
51 8.43638e-05
4886 8.28902e-05
14207 8.18808e-05
48978 8.17034e-05
36480 7.98434e-05
119942 7.92386e-05
46768 7.91138e-05
69616 7.85936e-05
39245 7.83946e-05
6418 7.83618e-05
117966 7.82633e-05
121583 7.79405e-05
56608 7.7478e-05
86291 7.70072e-05
121475 7.69438e-05
6432 7.65984e-05
119583 7.60388e-05
19819 7.53255e-05
22917 7.5095e-05
88421 7.50236e-05
45920 7.48158e-05
67522 7.44309e-05
4973 7.442e-05
16397 7.42825e-05
12369 7.38955e-05
56272 7.2607e-05
11372 7.24496e-05
116804 7.14131e-05
14072 7.11107e-05
61903 6.97948e-05
1058 6.97178e-05
119625 6.9676e-05
92690 6.92355e-05
123997 6.88539e-05
37896 6.86704e-05
120219 6.83741e-05
542 6.82789e-05
4094 6.81316e-05
122646 6.781e-05
38561 6.73412e-05
62341 6.69413e-05
1003 6.63699e-05
91141 6.57096e-05
66070 6.48425e-05
120095 6.47014e-05
21902 6.43914e-05
92476 6.43781e-05
82489 6.4029e-05
17142 6.3997e-05
61492 6.37246e-05
19962 6.36728e-05
5931 6.28895e-05
119827 6.24885e-05
58717 6.22178e-05
11742 6.21169e-05
86573 6.20029e-05
12473 6.15098e-05
70717 6.10305e-05
79951 6.09219e-05
20223 6.07804e-05
55264 6.01639e-05
62716 5.95448e-05
67754 5.94324e-05
61000 5.93708e-05
59768 5.92467e-05
87994 5.90527e-05
12336 5.84304e-05
69908 5.83658e-05
71011 5.83572e-05
49590 5.80903e-05
30215 5.79125e-05
7525 5.74521e-05
124035 5.74307e-05
118808 5.72888e-05
64512 5.70801e-05
98569 5.6947e-05
55164 5.65204e-05
91068 5.63657e-05
828 5.63636e-05
119165 5.63496e-05
121038 5.60664e-05
111294 5.57585e-05
73897 5.56245e-05
26769 5.56168e-05
117807 5.53651e-05
