37 4.4258e-05
51 2.04285e-06
93 1.06118e-05
205 6.65765e-06
388 1.14828e-05
542 1.59004e-05
652 1.22944e-05
677 3.22335e-06
828 8.5139e-06
1003 1.39794e-05
1018 1.28926e-05
1027 6.15218e-05
1058 3.1596e-06
1268 2.54322e-06
1302 3.07911e-05
1345 2.09901e-07
1548 6.86492e-05
1636 3.50589e-06
2067 8.9973e-06
2138 5.77695e-05
2230 0.00036623
2304 9.75417e-05
2622 0.000838573
2923 0.00134002
3764 9.97946e-07
4094 1.85545e-05
4143 3.61632e-05
4348 5.33855e-05
4861 0.000972328
4886 6.3151e-05
4973 1.31593e-06
5363 0.000155086
5597 2.16504e-06
5624 7.9749e-06
5844 0.000111761
5931 2.46735e-07
6364 0.000118949
6389 5.84432e-06
6418 2.37e-05
6432 4.68293e-06
6456 4.06409e-05
6688 6.45615e-05
7525 9.68029e-06
7994 5.71675e-06
8726 0.000856422
9155 3.20753e-06
10083 0.000124119
11161 5.41608e-09
11336 0.000223186
11372 7.65972e-07
11374 0.00012603
11419 0.000136558
11514 0.000444024
11553 0.000586962
11604 0.00302043
11662 0.00124622
11716 4.20347e-05
11742 5.03888e-06
11818 0.000748969
11895 0.000163482
12336 6.52539e-05
12369 4.52035e-05
12473 1.91511e-05
12732 1.40599e-07
12846 1.29735e-05
12872 0.000507836
13453 5.34972e-06
13890 3.84202e-05
14072 6.3963e-06
14207 3.41402e-06
14253 5.5023e-05
15405 1.01156e-06
15471 4.79477e-05
15479 0.000114386
15818 7.40448e-10
16066 0.00057209
16313 3.68061e-05
16383 0.000270343
16397 1.2701e-06
17142 7.76e-05
17193 9.30339e-05
17447 0.000415879
18736 7.62619e-07
18786 2.02957e-05
18900 2.47798e-06
19794 7.62226e-06
19819 0.000264995
19962 2.14369e-07
20010 4.27573e-07
20089 0.000253681
20223 2.34746e-06
20336 2.19245e-06
20488 1.07028e-05
20962 0.000406618
21757 3.17805e-06
21902 4.59529e-05
22149 4.49926e-06
22694 0.000523954
22847 0.00263673
22857 8.58575e-06
22917 4.88559e-07
22925 2.76834e-06
23124 0.000583067
23240 2.88093e-06
23441 0.000302075
23478 0.00015083
23904 5.9704e-05
26088 0.000653463
26458 4.35837e-06
26459 5.8447e-07
26769 6.71546e-06
28894 5.2246e-05
28939 0.000539394
29773 0.00116251
30215 4.42915e-07
30577 0.000274743
31373 0.000318017
32259 3.50814e-05
32927 3.20745e-08
32930 7.58996e-05
33290 3.69747e-05
33408 1.08845e-05
33443 6.99076e-05
34124 0.000197933
34125 5.18001e-06
34223 0.000441619
34421 1.14214e-05
35446 3.53634e-05
35531 5.3835e-05
36480 1.49336e-05
36532 3.89155e-05
37896 8.92737e-05
38464 7.06567e-07
38561 5.03175e-06
38623 1.65409e-06
38969 4.72757e-05
39245 7.97792e-05
39499 8.90108e-06
40219 0.000194065
40555 4.20905e-06
41285 8.15176e-07
41437 0.000205445
41459 0.000691268
41554 4.80986e-06
42800 4.0666e-05
43184 3.77491e-05
44389 6.18998e-07
44498 4.86593e-06
44640 5.60117e-05
44696 3.19474e-05
45920 7.81555e-06
46278 2.78836e-08
46768 1.19303e-05
47116 0.000621721
47478 0.000436491
47521 9.16995e-07
48379 2.14974e-06
48518 6.70765e-07
48747 1.16591e-09
48834 0.000108321
48978 4.43527e-05
49290 1.24848e-06
49590 1.7918e-05
49933 0.000352491
50244 1.43222e-05
50578 2.89494e-05
51522 0.000850571
51524 0.000426454
52233 1.89551e-05
52984 0.00301116
53338 0.000529501
54928 6.49296e-06
55164 4.29708e-07
55264 1.0965e-05
56272 2.50115e-06
56608 1.2762e-06
57447 5.74323e-06
57613 2.74889e-05
58717 2.10316e-06
59768 6.0683e-05
60047 0.000395754
61000 2.26617e-05
61492 1.86163e-06
61903 1.72111e-06
62341 3.67801e-06
62716 1.43314e-07
64466 9.36217e-05
64512 6.85721e-07
66070 1.40073e-05
66330 9.05281e-05
66399 5.29349e-05
66690 1.03453e-05
66810 1.13916e-05
67522 2.40125e-07
67754 1.40657e-05
68247 8.35315e-06
69616 2.86513e-06
69663 1.4216e-05
69908 1.93363e-05
70717 9.21352e-09
71011 0.000210405
73897 1.06477e-05
75730 5.7766e-07
76159 1.16067e-09
79526 0.000210847
79951 8.24448e-07
80056 6.31893e-07
82040 0.000923261
82386 2.85026e-05
82489 9.79137e-06
83655 8.4563e-05
84396 5.09601e-05
85877 1.42877e-06
86066 0.000202054
86269 1.42736e-05
86291 1.24942e-09
86337 6.03357e-06
86573 3.34337e-06
87994 9.91016e-05
88421 1.50505e-06
91068 1.21639e-05
91141 7.42431e-05
91235 0.000193909
92476 0.000190118
92690 4.38723e-06
92737 0.00319636
93636 1.02638e-06
97102 0.000502602
97672 1.69319e-06
98569 2.69517e-09
98722 6.44755e-05
99206 4.72717e-08
99924 0.000436344
101018 1.31681e-06
104013 0.000463856
105217 4.70974e-05
106211 1.36676e-05
106309 0.00220967
106871 3.908e-07
108953 0.000528598
109190 8.90597e-07
109345 7.80288e-05
109989 0.000170503
110813 1.65253e-06
111024 5.67313e-06
111028 0.000566967
111294 0.00037238
111412 0.000148166
112400 0.000245872
112623 0.00039919
113231 1.46931e-05
113779 0.000954432
113868 2.51522e-06
114470 0.000591457
116804 0.000213998
116990 2.1797e-07
117005 0.000132278
117012 4.38046e-06
117026 0.000172144
117600 1.89264e-06
117630 1.91218e-05
117636 2.79299e-06
117646 1.73681e-06
117652 0.000294866
117655 1.8304e-06
117677 8.3201e-05
117682 0.00020206
117746 0.000316942
117788 9.68197e-06
117807 0.000296109
117961 3.02389e-05
117966 5.48578e-06
118697 4.54173e-05
118808 6.30685e-05
118918 0.000606021
119142 0.000217682
119165 3.90351e-06
119583 2.12486e-07
119593 0.000143323
119614 0.00096781
119625 0.000444172
119650 0.000370226
119663 0.000109304
119677 0.000293853
119706 8.1934e-05
119712 5.29792e-06
119774 7.99241e-06
119788 0.00049852
119791 0.000489621
119797 0.000696402
119827 4.5353e-05
119836 0.000129967
119861 3.95803e-06
119878 3.76033e-05
119881 5.99871e-05
119898 0.000249717
119918 0.000264199
119920 4.26609e-05
119942 7.44315e-06
119981 0.0008664
120011 3.396e-05
120022 3.9894e-06
120081 3.81651e-05
120095 3.00501e-05
120178 0.00016406
120200 5.9735e-05
120203 9.16167e-05
120204 6.83467e-05
120219 0.000118936
120462 5.4119e-06
120699 1.53933e-05
120782 2.49582e-05
120893 1.10125e-05
120945 0.000502781
121038 5.01033e-05
121124 5.81431e-05
121204 3.87965e-05
121289 4.66693e-05
121342 6.18703e-05
121475 0.000239301
121507 1.69011e-05
121583 3.24825e-05
121831 6.2605e-05
121983 7.20954e-10
121984 3.8695e-07
122089 0.00129367
122387 6.3226e-05
122646 6.42687e-05
122985 1.05602e-05
123082 0.000724368
123372 1.02071e-05
123711 0.00010485
123997 5.28136e-05
124035 1.20623e-06
124234 0.000708887
