490872 0.0939913
519514 0.0638813
482551 0.0475634
495028 0.0180051
110361 0.0131892
236744 0.0128141
244531 0.0123262
908988 0.0119415
1484113 0.0118157
236648 0.0116374
821785 0.0113183
1491551 0.0111508
811424 0.0101271
836276 0.00950504
874115 0.00942349
828102 0.00909739
296675 0.00829476
66863 0.00808714
1491540 0.00763326
840247 0.00715972
491488 0.00714569
491222 0.00713148
1004172 0.00705145
535188 0.00702477
940496 0.0065104
430030 0.00618393
980392 0.00593685
1597497 0.0059285
235238 0.00571765
1508875 0.00548902
431395 0.00537636
910747 0.00537172
236740 0.00519538
19281 0.00478939
899195 0.00478932
814042 0.00469038
332261 0.00467287
236257 0.00463547
430031 0.0045329
1255217 0.00436811
820645 0.00423173
499525 0.00415115
235240 0.0039726
521251 0.0037785
450459 0.00355073
1264946 0.00341774
889270 0.00336646
499989 0.00333355
1645455 0.0032094
820518 0.00313039
945618 0.00306514
295630 0.00304048
26416 0.00295174
153610 0.0029307
1205647 0.00289957
69072 0.00283941
1634795 0.0026669
498529 0.00257786
1476032 0.00256785
236358 0.00256557
1561612 0.0025345
1158903 0.00240223
491496 0.00240063
33743 0.0023412
608634 0.00231348
810136 0.00225992
431304 0.00216765
12503 0.00216672
295508 0.00211844
1486301 0.00209652
1591363 0.00209066
515208 0.00203694
1500704 0.00200708
497197 0.00198392
288807 0.00195753
579781 0.00190474
839263 0.00189327
148795 0.00186911
610570 0.00185785
346619 0.00184072
331148 0.00182963
595921 0.00182649
1591371 0.00179822
1498417 0.00178474
1554943 0.00177598
529122 0.00177145
306942 0.00173354
78851 0.0017295
1507350 0.00172638
294430 0.00168638
1023375 0.00166094
1487123 0.00165937
488890 0.00163035
939582 0.00157088
677785 0.00156055
958108 0.00155674
602975 0.00155588
223728 0.00155028
102261 0.00152578
430894 0.00151941
216814 0.00151066
1390341 0.00150351
820857 0.00139061
986090 0.00137796
89388 0.00135495
227310 0.00135318
489558 0.0013517
677386 0.00134226
889123 0.00133298
37214 0.00132405
416224 0.00131886
235992 0.00128699
17937 0.00128144
629780 0.00127477
471641 0.00127341
908462 0.00126092
1483421 0.00125819
725757 0.00124644
1481338 0.00124269
431410 0.00120506
480414 0.00118186
679388 0.00118181
850711 0.00117027
1240664 0.00113961
820273 0.00113809
491535 0.00112861
466696 0.001128
420807 0.00111286
290474 0.00110344
503729 0.00110336
240991 0.00109141
1317739 0.00108202
490869 0.00105527
978003 0.00101441
1529457 0.00101267
50612 0.00100386
967994 0.000988013
494593 0.000982626
606701 0.000980344
485172 0.00097805
488319 0.000973723
1193463 0.000963403
873557 0.000961318
1295890 0.000954902
488355 0.000953878
1358074 0.000950307
1328662 0.000938397
900295 0.000912284
1084158 0.000895114
133082 0.000870014
1550474 0.000864978
529172 0.000862097
1674332 0.000837697
834235 0.000836468
218702 0.000835238
268347 0.000832945
13834 0.000824613
406972 0.000824587
831774 0.000812285
1353675 0.000811401
529203 0.000802303
691753 0.000784543
536723 0.000782268
1625977 0.000778812
1670713 0.000778035
266360 0.000777991
840220 0.000756274
946553 0.000752405
102616 0.000750134
869872 0.000735855
1750097 0.000726701
1587878 0.000725689
1486160 0.000722493
235993 0.000711334
382112 0.000705233
52526 0.000700777
606902 0.000698029
1673280 0.000686846
901101 0.00067814
838445 0.000671579
526599 0.000669675
550487 0.000665476
488904 0.000662091
820075 0.000661989
1710729 0.000661943
1486737 0.000658654
746657 0.000653048
1535449 0.000643516
635785 0.00064223
1358502 0.000627951
1021300 0.000621784
1012411 0.000611453
1724962 0.000609735
12539 0.000608173
24081 0.000608124
1588792 0.000605619
822164 0.000602506
1025812 0.000591208
271084 0.000589874
1245752 0.000588981
1389199 0.00058754
889228 0.000575691
974149 0.000569235
961854 0.00056663
904652 0.000561289
431473 0.00055778
962808 0.000555918
1025065 0.000552956
290661 0.000548508
862894 0.00054775
266955 0.000544915
537885 0.000544074
1501642 0.000539855
554550 0.000534303
268081 0.000531392
822759 0.00052868
902509 0.000524823
153602 0.000523289
1057776 0.000521324
1358379 0.0005203
103481 0.000507721
1610757 0.000505944
936840 0.000505039
144948 0.000500936
829794 0.00049994
151170 0.000495798
1724413 0.000495599
263673 0.000495544
488143 0.000493902
1655438 0.000488624
89237 0.00048198
185064 0.000476526
598128 0.000473895
105779 0.000471061
1569353 0.000470299
617771 0.000469565
820252 0.000468884
545995 0.000466299
1311190 0.000466044
1554863 0.000465208
928982 0.00046373
965366 0.000463235
377406 0.000462674
1588315 0.000462316
135127 0.000455391
1748096 0.000454122
509100 0.000453118
1192580 0.000451749
241326 0.000448505
1489025 0.000448342
604194 0.000442162
1604716 0.000441984
465532 0.000440286
1487200 0.000437088
1521599 0.000434902
1514430 0.000426761
1288747 0.000422748
1484438 0.000420509
469898 0.000416967
726235 0.00041602
295535 0.000414354
508346 0.000407937
1193272 0.000401153
59735 0.000400763
163044 0.000397661
746586 0.000393486
829315 0.000391269
120528 0.000390763
665868 0.000387495
746298 0.000383153
1610305 0.000382573
1175184 0.000380048
1495173 0.000373634
1761528 0.000372346
1653751 0.000371918
1152589 0.000370517
915680 0.000367957
487888 0.000366375
1464123 0.000366237
247480 0.000365831
267948 0.000362849
1094385 0.000362774
1702658 0.000362223
1586798 0.000361736
828606 0.000360691
820726 0.000354238
929624 0.000354024
838758 0.000353376
27881 0.00035334
430041 0.000349722
1138207 0.000348498
489938 0.000348286
936882 0.000348156
90444 0.000347568
821097 0.000345842
1739430 0.000345251
303063 0.000343819
1033287 0.000340505
123342 0.000339829
263221 0.000338782
435169 0.000335917
1526355 0.000333082
409081 0.000327404
236732 0.000325616
529449 0.000325454
245029 0.000323386
250445 0.000320667
817676 0.000319587
1483525 0.00031623
1073620 0.000315296
528197 0.000314751
621908 0.0003125
1007181 0.000312246
136253 0.000310582
1497245 0.000310566
458484 0.000308621
1261150 0.000302504
996580 0.00029931
834641 0.000298689
1022914 0.000296822
51187 0.000293674
906876 0.000293361
999497 0.000293273
819921 0.000293017
897159 0.000291841
120509 0.000291756
1381516 0.0002885
491608 0.000287512
1737367 0.00028366
1123438 0.000283584
490004 0.000283287
1264808 0.00027662
691798 0.000276051
1724405 0.000275758
538527 0.000275398
568289 0.000273692
436705 0.000273092
238596 0.000269676
1535431 0.000264782
107943 0.000263549
822398 0.000263366
236634 0.000263312
430852 0.000262902
295414 0.000262168
236217 0.000261474
1532253 0.000261105
86224 0.000259919
821325 0.000259792
424847 0.00025977
514024 0.000258055
1192107 0.000256988
1487559 0.000255682
1139587 0.000255529
242543 0.000254772
217204 0.000254491
1143919 0.000254089
834371 0.000253844
1481206 0.00025016
990414 0.000248199
563680 0.000248191
433158 0.000248147
76382 0.000246156
1509780 0.000246003
1170167 0.000245271
453593 0.000244819
565413 0.000242921
1733267 0.000242478
982944 0.000240777
699918 0.000239986
491229 0.000237596
852374 0.000237538
703432 0.000237479
224623 0.000231934
746284 0.000230371
125202 0.000229936
746605 0.000229131
474796 0.000228988
238400 0.000228826
265856 0.000227079
1307562 0.000226222
1114122 0.00022527
1743992 0.000225063
448479 0.000224874
746613 0.000224612
269829 0.000224191
108221 0.000223914
235773 0.000223497
369175 0.000223212
439305 0.00022125
220904 0.000221209
1724455 0.0002202
710449 0.000219727
281067 0.000219649
127693 0.000217236
47922 0.000216175
1702499 0.000215465
304834 0.000212678
543058 0.00021241
1372415 0.00020981
1436432 0.000207628
852925 0.000207563
490369 0.000207297
340430 0.00020678
296693 0.00020637
663349 0.000206033
844752 0.000205052
356004 0.000204638
1491639 0.000202867
515373 0.000201282
6269 0.000199931
466867 0.000198201
921628 0.000197964
828919 0.000197805
1557727 0.000197797
891244 0.000197622
835581 0.000195967
645747 0.000195689
1030671 0.000194886
987736 0.000194497
18641 0.000193456
1631410 0.00019289
1571847 0.000192794
503864 0.000192094
259702 0.000191764
903391 0.000190815
81610 0.000190663
919308 0.000190375
776518 0.000189343
914904 0.000189316
850026 0.000188992
954734 0.000188081
1261951 0.000187604
888909 0.0001861
1153673 0.000186013
1739559 0.000184074
1521364 0.000183011
455685 0.000180397
820180 0.0001787
746547 0.000177607
1027381 0.000177523
271871 0.000177252
235878 0.000176817
307473 0.00017646
1043323 0.000176389
366181 0.000176317
236735 0.000173282
65546 0.00017294
1462757 0.000172062
501126 0.00017201
12508 0.000171052
370185 0.000171037
1333527 0.000170768
1503753 0.000169767
921996 0.000169475
342490 0.000168161
1718386 0.000168036
519560 0.000167887
1110729 0.000167331
95750 0.000166616
1048850 0.000165889
867534 0.000165515
27326 0.000165467
518156 0.000164015
540469 0.000164009
94940 0.000163984
466554 0.000163304
492292 0.000162523
263003 0.000162415
20576 0.000162316
70076 0.000161039
745255 0.000160951
1544448 0.000160241
1619917 0.000159134
930730 0.000158614
722914 0.000158581
1361495 0.000157956
1056294 0.00015787
891925 0.000157423
1310421 0.000157304
265619 0.000157045
1292455 0.000155933
490459 0.000155893
1501097 0.000155778
1222682 0.000154928
263077 0.00015487
34187 0.000154309
752437 0.000153883
829317 0.000153761
800456 0.000152318
235040 0.000152136
1496693 0.00015177
1642001 0.000151494
1606188 0.00015016
633632 0.00014988
562074 0.000149007
916903 0.000148895
1413771 0.000148793
94997 0.000147213
734657 0.000146892
1618267 0.000146794
1189411 0.000146719
916823 0.000146222
387619 0.000144653
1134445 0.000143608
1490071 0.000142981
1125806 0.000142784
1230169 0.000142507
7660 0.000142462
1376226 0.000142461
1309321 0.000141357
449271 0.000141163
595907 0.000140408
602163 0.00014027
1542575 0.000140163
431234 0.000139212
1377994 0.000139104
1512057 0.000138677
1373835 0.000138287
582838 0.000138223
1020920 0.000137945
1227458 0.000137651
1259684 0.000137388
782548 0.000137356
1197901 0.000136808
294899 0.000136795
554861 0.00013667
1489588 0.000136653
219687 0.00013664
1543169 0.000136477
1577615 0.000136333
1500650 0.000136083
990467 0.000135963
398624 0.000135779
234340 0.00013549
825123 0.000135391
918363 0.000133756
1407293 0.00013342
456849 0.000132636
18818 0.000132347
1516742 0.000132309
258732 0.000131932
867453 0.000131894
1654285 0.000131499
1101514 0.000130801
820156 0.00013055
280461 0.000130358
545377 0.000130343
1431428 0.000130146
1378009 0.000129727
1544844 0.000129667
99831 0.000129555
1340906 0.000129196
236912 0.000128174
374260 0.000127865
496388 0.000127178
1740690 0.000126922
1236869 0.000126565
552230 0.000126499
2108 0.000125502
510610 0.000124994
78681 0.000124992
25750 0.000124984
502814 0.000124972
715582 0.000124737
643798 0.00012466
219985 0.000124577
890072 0.000124135
867675 0.000123787
1044430 0.000122666
256175 0.000122528
867700 0.000122364
749701 0.000122346
1641997 0.000122157
831602 0.00012182
85053 0.000121685
109870 0.000120713
86684 0.000120566
1702442 0.000120327
93726 0.000119913
1637567 0.000119881
443735 0.0001192
147960 0.000119162
158835 0.00011826
1138186 0.00011765
493020 0.000117607
1483231 0.000117403
1043220 0.00011692
98277 0.000116695
225651 0.000116489
364317 0.000115939
40909 0.000115568
1543663 0.000115143
1200539 0.000114753
482459 0.000114277
884856 0.000113817
893903 0.000113652
1045114 0.000113484
510054 0.000113354
296628 0.000113193
315458 0.000113022
386463 0.000112631
1745027 0.000112599
1324188 0.000112501
420068 0.000112412
151036 0.000112028
223873 0.000111876
1692108 0.000111822
715806 0.000111651
543253 0.000111369
264900 0.000111279
60160 0.000111095
261787 0.00011109
1687908 0.000110941
513658 0.000110477
72252 0.000110409
1114396 0.000109626
1439029 0.000109497
151042 0.000109333
793792 0.000109215
930502 0.000109068
1705716 0.000108781
1257585 0.000108688
1153474 0.000108488
832829 0.000108329
811493 0.000108262
1544204 0.000108216
966407 0.00010815
831440 0.000107917
1362508 0.000107791
271211 0.000107573
1184245 0.000107465
75649 0.000107301
189727 0.000107247
388012 0.000107037
1414512 0.000106308
880475 0.000106297
377754 0.000106295
570594 0.000106189
1491240 0.00010591
854699 0.000105852
1030688 0.000105672
1774171 0.000105473
1214842 0.000105419
720643 0.000104665
640230 0.000104607
651431 0.00010442
795431 0.000104063
1089294 0.000104027
1427827 0.000103941
1398072 0.00010371
1283201 0.00010337
1610615 0.00010333
1433042 0.000103254
919450 0.000103022
677752 0.000102825
125533 0.000102361
196866 0.000102345
1143500 0.000101684
1094446 0.000101083
151049 0.000100985
1256364 0.000100685
386469 0.000100633
825808 0.000100326
23535 0.000100178
66930 0.000100055
837230 9.97462e-05
433924 9.96179e-05
490627 9.94479e-05
1212558 9.92295e-05
1333501 9.91239e-05
1654291 9.89686e-05
1491035 9.8801e-05
727342 9.84934e-05
1713096 9.8459e-05
1512834 9.83038e-05
290051 9.78505e-05
708807 9.77594e-05
1713148 9.76152e-05
395142 9.69165e-05
176525 9.67422e-05
1358025 9.66478e-05
86804 9.6263e-05
53741 9.59195e-05
539431 9.57154e-05
760855 9.56773e-05
376749 9.55651e-05
247721 9.54812e-05
251197 9.48538e-05
1022395 9.45068e-05
1192953 9.41959e-05
1196845 9.41914e-05
1485417 9.38839e-05
1238936 9.34416e-05
909125 9.34237e-05
1775759 9.32063e-05
1160722 9.31158e-05
1692070 9.29085e-05
1722797 9.26118e-05
1561415 9.23405e-05
281134 9.21729e-05
222653 9.17217e-05
276175 9.13851e-05
1239368 9.12379e-05
289421 9.08422e-05
1143896 9.0586e-05
1343221 8.99634e-05
799703 8.98244e-05
1538410 8.97887e-05
1519649 8.94148e-05
68389 8.90922e-05
1521700 8.90232e-05
259627 8.89474e-05
219815 8.88333e-05
944240 8.81724e-05
1713140 8.80622e-05
904532 8.80449e-05
691781 8.79373e-05
1203777 8.77703e-05
708216 8.74409e-05
1093503 8.73765e-05
52530 8.71148e-05
616826 8.69568e-05
75798 8.67799e-05
1533719 8.64512e-05
903910 8.64506e-05
379180 8.64186e-05
802248 8.61719e-05
892171 8.57111e-05
899021 8.55507e-05
1050829 8.55128e-05
1178907 8.50917e-05
667150 8.4951e-05
490556 8.47857e-05
51020 8.45924e-05
891561 8.42667e-05
1512592 8.39463e-05
794292 8.38119e-05
797728 8.34547e-05
254086 8.29885e-05
1530239 8.29728e-05
1125083 8.27931e-05
1152515 8.27074e-05
860131 8.26889e-05
1489123 8.24931e-05
972454 8.24151e-05
236708 8.23179e-05
22338 8.19666e-05
76719 8.16778e-05
1681569 8.07973e-05
490685 8.06437e-05
746617 8.06274e-05
1490456 8.016e-05
1431414 7.98613e-05
308837 7.96488e-05
103777 7.95146e-05
822530 7.93618e-05
1559324 7.93023e-05
1421759 7.91959e-05
1282577 7.91327e-05
490938 7.90688e-05
786398 7.81691e-05
259494 7.81125e-05
785312 7.80089e-05
826122 7.77099e-05
84515 7.75843e-05
953153 7.74828e-05
140331 7.72177e-05
381400 7.71572e-05
1123638 7.70916e-05
288964 7.69906e-05
149841 7.69894e-05
1264729 7.66786e-05
1146923 7.6678e-05
509382 7.66188e-05
1333678 7.63741e-05
781623 7.63604e-05
652177 7.6015e-05
1366461 7.58903e-05
89408 7.58108e-05
726280 7.45817e-05
216966 7.4489e-05
268208 7.4278e-05
1310433 7.42213e-05
785331 7.40251e-05
431376 7.36864e-05
323797 7.36457e-05
501870 7.35541e-05
453204 7.35395e-05
875630 7.35134e-05
1755737 7.34967e-05
892936 7.33646e-05
1508978 7.33088e-05
1186183 7.32692e-05
23489 7.31059e-05
1710946 7.29351e-05
341179 7.27093e-05
1050140 7.26678e-05
430698 7.25425e-05
781099 7.25323e-05
236720 7.20222e-05
382944 7.16606e-05
150981 7.13803e-05
1485803 7.09447e-05
503265 7.04989e-05
1710726 7.04826e-05
1561281 7.03473e-05
151119 7.03182e-05
781629 7.02531e-05
1053132 6.99144e-05
837280 6.97927e-05
839290 6.96842e-05
1122694 6.96274e-05
146398 6.95994e-05
585917 6.94479e-05
1740809 6.93798e-05
1171608 6.93426e-05
1669342 6.93389e-05
822187 6.90742e-05
1510564 6.90608e-05
1022973 6.90571e-05
450007 6.87843e-05
871947 6.87058e-05
1734372 6.85841e-05
247025 6.83566e-05
1731461 6.82213e-05
981522 6.79503e-05
1675654 6.78415e-05
1065455 6.77884e-05
1199801 6.77245e-05
1432170 6.76783e-05
1434139 6.76296e-05
783461 6.74639e-05
536725 6.72084e-05
30359 6.71678e-05
162238 6.70831e-05
798678 6.70543e-05
781815 6.69703e-05
8956 6.67561e-05
218996 6.66181e-05
1555041 6.63705e-05
433678 6.63502e-05
50421 6.63342e-05
626170 6.56068e-05
1483169 6.54623e-05
495820 6.52887e-05
430044 6.52027e-05
895473 6.50165e-05
234738 6.48125e-05
151156 6.474e-05
1201994 6.46786e-05
871260 6.45558e-05
709887 6.45155e-05
924232 6.44903e-05
489959 6.40112e-05
1710717 6.38419e-05
1521636 6.36588e-05
1451638 6.34394e-05
766882 6.33809e-05
677981 6.33531e-05
1514406 6.32222e-05
719652 6.31105e-05
867174 6.3078e-05
1509526 6.29958e-05
950402 6.29834e-05
1535155 6.28839e-05
1702510 6.27882e-05
491107 6.26295e-05
355415 6.26061e-05
491313 6.25451e-05
469930 6.22786e-05
342902 6.20393e-05
339345 6.19593e-05
1461723 6.19043e-05
1631584 6.18015e-05
984500 6.15726e-05
151056 6.13459e-05
844609 6.13227e-05
1357779 6.11504e-05
1466572 6.10957e-05
701238 6.10709e-05
241682 6.08415e-05
1487100 6.06326e-05
466591 6.04749e-05
167639 6.04293e-05
264344 6.03988e-05
191835 6.03525e-05
290577 6.01123e-05
596642 6.00979e-05
141546 6.00715e-05
1376265 5.99103e-05
911224 5.98816e-05
265065 5.9663e-05
1296039 5.96125e-05
560108 5.95242e-05
218660 5.94428e-05
1115152 5.9299e-05
828609 5.92153e-05
462844 5.89721e-05
1009038 5.89587e-05
492013 5.89158e-05
642732 5.88488e-05
1425357 5.88197e-05
1683074 5.87557e-05
952378 5.86867e-05
1498740 5.8576e-05
1098622 5.84275e-05
532268 5.83444e-05
781628 5.81814e-05
1471573 5.81223e-05
1020112 5.80686e-05
958054 5.79408e-05
827702 5.79106e-05
535232 5.78667e-05
5919 5.76795e-05
1780367 5.75771e-05
302514 5.75732e-05
868068 5.75225e-05
1700094 5.71108e-05
1484548 5.70152e-05
1392489 5.69631e-05
1715863 5.68669e-05
1374020 5.68238e-05
930407 5.65988e-05
1427810 5.65532e-05
206840 5.64757e-05
852885 5.63882e-05
510163 5.61382e-05
1255049 5.61115e-05
417847 5.60104e-05
175016 5.59815e-05
781134 5.58792e-05
1614206 5.58587e-05
838011 5.57787e-05
263172 5.57534e-05
237137 5.56243e-05
449654 5.5437e-05
230402 5.53299e-05
274058 5.52867e-05
1020933 5.52824e-05
1535248 5.52457e-05
314507 5.51919e-05
1595603 5.5138e-05
1310412 5.50688e-05
444297 5.49686e-05
167683 5.49515e-05
1271157 5.47135e-05
1358414 5.46711e-05
495101 5.46069e-05
788704 5.46063e-05
1532103 5.45065e-05
106830 5.44865e-05
654991 5.44824e-05
822153 5.44728e-05
530006 5.4172e-05
206546 5.41457e-05
86995 5.41358e-05
675820 5.3928e-05
432901 5.38536e-05
897755 5.37998e-05
262251 5.37115e-05
1183357 5.35446e-05
1026643 5.35016e-05
494141 5.34618e-05
75417 5.34493e-05
1549675 5.34238e-05
1068202 5.33526e-05
1673099 5.33319e-05
958650 5.33174e-05
822699 5.33035e-05
1039577 5.29882e-05
295517 5.28473e-05
1264714 5.27595e-05
1484878 5.2647e-05
26629 5.24837e-05
814290 5.24488e-05
1143907 5.23652e-05
238157 5.23595e-05
24137 5.22183e-05
190800 5.20932e-05
791589 5.19948e-05
391873 5.1979e-05
1240085 5.19743e-05
1243534 5.17653e-05
180459 5.17573e-05
1748693 5.17309e-05
781159 5.16459e-05
1334049 5.15067e-05
893257 5.14065e-05
280559 5.10261e-05
353003 5.09114e-05
87649 5.08556e-05
1112998 5.08057e-05
109855 5.07288e-05
183571 5.06845e-05
1372336 5.06218e-05
1177220 5.05704e-05
157297 5.05119e-05
1421781 5.04341e-05
615382 5.03829e-05
109485 5.03625e-05
1071713 5.03412e-05
1333950 5.03409e-05
925086 5.03286e-05
1294288 5.02924e-05
1361256 5.02628e-05
783457 5.01105e-05
1490230 5.00925e-05
84105 4.99997e-05
1023443 4.99236e-05
725782 4.98609e-05
1121844 4.98403e-05
156243 4.97241e-05
723352 4.96647e-05
769889 4.96022e-05
822444 4.95798e-05
34121 4.95475e-05
453578 4.94932e-05
433207 4.94804e-05
1038188 4.92136e-05
1060540 4.91895e-05
781117 4.90227e-05
311288 4.88373e-05
235783 4.88359e-05
959191 4.87817e-05
734306 4.87065e-05
1494825 4.86992e-05
832649 4.86724e-05
302389 4.86592e-05
712849 4.86474e-05
1552400 4.86299e-05
531841 4.82914e-05
1720295 4.82335e-05
503755 4.82236e-05
1758760 4.81204e-05
912096 4.80774e-05
1095262 4.79251e-05
1758142 4.7918e-05
1677882 4.7808e-05
430758 4.77128e-05
1549746 4.75956e-05
1261875 4.75161e-05
900308 4.74506e-05
855075 4.7348e-05
158557 4.72564e-05
822401 4.72167e-05
821522 4.71152e-05
1239176 4.70406e-05
531269 4.69605e-05
1324184 4.6852e-05
821128 4.68161e-05
169505 4.66231e-05
238387 4.63608e-05
512395 4.61878e-05
1128713 4.6184e-05
937822 4.61101e-05
953833 4.60844e-05
781168 4.6077e-05
1055220 4.59533e-05
1625780 4.58022e-05
754687 4.56664e-05
146873 4.56604e-05
51985 4.55772e-05
236729 4.55667e-05
1750077 4.55545e-05
19379 4.55158e-05
404365 4.54224e-05
1310499 4.53749e-05
846359 4.52648e-05
781151 4.50707e-05
235496 4.50352e-05
1264792 4.50159e-05
1086862 4.50068e-05
489431 4.4971e-05
1146898 4.4827e-05
492202 4.47651e-05
1014556 4.4735e-05
1390266 4.47014e-05
501043 4.4653e-05
1564031 4.4527e-05
871930 4.44717e-05
1664144 4.44347e-05
255558 4.44206e-05
1087608 4.43276e-05
259662 4.43168e-05
1035291 4.42679e-05
497154 4.42247e-05
595058 4.42109e-05
37131 4.39625e-05
838481 4.37449e-05
1389768 4.36545e-05
135787 4.35831e-05
267420 4.35043e-05
490733 4.34356e-05
1099628 4.33778e-05
336320 4.33036e-05
785379 4.31527e-05
97105 4.31312e-05
906610 4.30443e-05
1627758 4.30435e-05
381183 4.30278e-05
1097976 4.29816e-05
1220512 4.29136e-05
1745386 4.29055e-05
1671174 4.28898e-05
899220 4.28607e-05
1702514 4.28224e-05
198617 4.27092e-05
1247103 4.2648e-05
444505 4.26211e-05
492834 4.2555e-05
1384245 4.25197e-05
1246878 4.25085e-05
1666180 4.24987e-05
1264948 4.24549e-05
271188 4.24174e-05
1104144 4.23929e-05
1397909 4.23218e-05
827835 4.23166e-05
1483960 4.22408e-05
1785560 4.22354e-05
776932 4.21443e-05
1140283 4.18178e-05
80656 4.15844e-05
1174058 4.15713e-05
1256101 4.15374e-05
1459251 4.14813e-05
87473 4.13029e-05
89832 4.12642e-05
1048454 4.12468e-05
25099 4.1243e-05
1780272 4.12158e-05
151167 4.1196e-05
1173007 4.11917e-05
1201128 4.11808e-05
1650197 4.0961e-05
1398773 4.0874e-05
873953 4.07525e-05
750237 4.06294e-05
1461674 4.05782e-05
1703682 4.05429e-05
1115859 4.05076e-05
288118 4.03994e-05
53278 4.03569e-05
492493 4.03079e-05
438674 4.03049e-05
424630 4.02008e-05
1690859 4.00724e-05
748327 3.99337e-05
56094 3.98215e-05
1554923 3.96478e-05
1277137 3.95888e-05
353740 3.95861e-05
301665 3.9388e-05
1404449 3.93114e-05
1052231 3.92345e-05
198863 3.91896e-05
514568 3.91185e-05
190205 3.90827e-05
781129 3.90562e-05
1654265 3.90561e-05
941384 3.90528e-05
881262 3.90471e-05
821912 3.898e-05
344228 3.89199e-05
532442 3.88515e-05
1152013 3.88385e-05
1366509 3.87439e-05
449347 3.86735e-05
1490375 3.86417e-05
1686811 3.86011e-05
661963 3.83747e-05
80170 3.83392e-05
781154 3.83242e-05
1368729 3.83216e-05
1487987 3.83113e-05
1310416 3.82891e-05
1762762 3.81325e-05
508805 3.80855e-05
763750 3.80813e-05
883654 3.80669e-05
589411 3.79207e-05
1020178 3.77888e-05
104737 3.77764e-05
1124800 3.77282e-05
1278865 3.76538e-05
1290107 3.73678e-05
781233 3.73191e-05
1153324 3.72906e-05
1463724 3.72677e-05
1623539 3.7245e-05
1490699 3.69214e-05
878200 3.67733e-05
354354 3.66386e-05
1201598 3.65954e-05
1431915 3.6386e-05
16944 3.63585e-05
866703 3.63387e-05
489765 3.62782e-05
1156611 3.6033e-05
1502880 3.6021e-05
1524840 3.59967e-05
1463202 3.59727e-05
861619 3.59357e-05
889930 3.59236e-05
724339 3.59119e-05
1028933 3.59068e-05
781176 3.58915e-05
911715 3.58848e-05
361154 3.57928e-05
1584405 3.57277e-05
580728 3.5667e-05
434529 3.55173e-05
432068 3.5479e-05
1093602 3.54587e-05
76977 3.5321e-05
260509 3.53051e-05
1593588 3.52956e-05
428179 3.52723e-05
1517226 3.52575e-05
1127031 3.52319e-05
908272 3.51324e-05
291101 3.50726e-05
1427838 3.50465e-05
1675111 3.50279e-05
353703 3.50077e-05
900309 3.48657e-05
1460859 3.48404e-05
1085688 3.48324e-05
241180 3.46506e-05
1483157 3.46493e-05
1485273 3.45622e-05
1734838 3.45469e-05
521204 3.45381e-05
1453287 3.44771e-05
1390307 3.43086e-05
1397998 3.42692e-05
491975 3.4234e-05
773685 3.42046e-05
785319 3.41785e-05
622753 3.40881e-05
1219557 3.40705e-05
336717 3.40303e-05
781205 3.40049e-05
18727 3.3949e-05
1217750 3.38912e-05
232300 3.3866e-05
896076 3.38251e-05
545302 3.38186e-05
491095 3.38113e-05
1606914 3.37362e-05
430741 3.37316e-05
893675 3.35208e-05
843523 3.35033e-05
1557771 3.33198e-05
954597 3.33172e-05
500667 3.33155e-05
192146 3.32809e-05
812609 3.32057e-05
457046 3.31603e-05
918369 3.31491e-05
894086 3.30683e-05
1729572 3.30653e-05
1713125 3.29649e-05
896625 3.29344e-05
1060659 3.29009e-05
443391 3.26422e-05
1316275 3.25825e-05
273706 3.24694e-05
245170 3.24649e-05
512213 3.24481e-05
850485 3.24342e-05
633492 3.23854e-05
824919 3.22242e-05
1453929 3.21687e-05
1469787 3.20714e-05
297651 3.1958e-05
902698 3.18382e-05
406318 3.18327e-05
1487265 3.17445e-05
767759 3.17183e-05
355502 3.1718e-05
1488394 3.16227e-05
830183 3.15965e-05
1513088 3.1587e-05
1606249 3.15861e-05
1177137 3.15823e-05
51043 3.15806e-05
502737 3.15268e-05
1483838 3.13993e-05
698211 3.13741e-05
700358 3.13397e-05
1433588 3.10887e-05
746048 3.10612e-05
835664 3.10319e-05
512139 3.1007e-05
573431 3.09661e-05
1025671 3.09641e-05
1676939 3.0945e-05
1070281 3.08985e-05
782585 3.08599e-05
959227 3.06498e-05
510656 3.05379e-05
148714 3.05359e-05
1440095 3.04735e-05
1505491 3.04397e-05
251443 3.04321e-05
1295227 3.04198e-05
170929 3.03793e-05
485239 3.03705e-05
50937 3.03527e-05
26966 3.03423e-05
1563867 3.02736e-05
505022 3.02494e-05
253356 3.02348e-05
247638 3.02305e-05
781088 3.01766e-05
1770345 3.01329e-05
973399 3.0059e-05
657626 3.00357e-05
4438 3.00341e-05
1145627 3.00226e-05
266307 3.00199e-05
551781 3.00109e-05
1116832 2.99699e-05
92500 2.99634e-05
29036 2.99245e-05
130767 2.98079e-05
321053 2.97818e-05
1410011 2.97755e-05
882801 2.97592e-05
1465880 2.96686e-05
103976 2.96653e-05
1084511 2.96578e-05
171738 2.9636e-05
708589 2.95712e-05
745235 2.95299e-05
872942 2.94872e-05
561317 2.94333e-05
1485640 2.93792e-05
477351 2.93294e-05
353694 2.92973e-05
1333535 2.92752e-05
193491 2.92683e-05
684376 2.92625e-05
1126829 2.9121e-05
1064922 2.90935e-05
374236 2.90516e-05
1773174 2.90141e-05
526817 2.89475e-05
665730 2.8937e-05
931385 2.88624e-05
1667039 2.86039e-05
245543 2.85964e-05
267995 2.85817e-05
1563619 2.85816e-05
221623 2.85589e-05
121592 2.853e-05
1027234 2.84544e-05
1515908 2.82879e-05
425713 2.82638e-05
1612950 2.82304e-05
305693 2.81878e-05
820462 2.81746e-05
306806 2.80648e-05
1358348 2.79042e-05
442507 2.78193e-05
685940 2.77766e-05
781227 2.77506e-05
1715668 2.77387e-05
467489 2.77365e-05
826313 2.76876e-05
1075122 2.76313e-05
1424373 2.76288e-05
15745 2.76085e-05
148204 2.7573e-05
1506790 2.74752e-05
1420051 2.74582e-05
245486 2.73499e-05
902908 2.73036e-05
1516433 2.72941e-05
76976 2.72624e-05
535162 2.72531e-05
1768955 2.72476e-05
902444 2.72395e-05
219023 2.71784e-05
1676133 2.71536e-05
93440 2.7123e-05
1003910 2.71215e-05
41804 2.70604e-05
1595059 2.6998e-05
682995 2.69268e-05
1563826 2.6926e-05
1472051 2.68756e-05
783445 2.68155e-05
1742806 2.67976e-05
930778 2.67873e-05
958934 2.67393e-05
1459461 2.67283e-05
1522981 2.66569e-05
1357459 2.65222e-05
62806 2.64807e-05
1491204 2.64745e-05
218180 2.64492e-05
433608 2.63774e-05
1403836 2.62839e-05
1013801 2.62838e-05
1426661 2.62449e-05
1269332 2.62273e-05
757087 2.61504e-05
851927 2.60668e-05
711873 2.60315e-05
932757 2.60235e-05
1765859 2.60047e-05
23009 2.59692e-05
175670 2.59358e-05
1555165 2.59072e-05
640602 2.58839e-05
1603779 2.5866e-05
1424168 2.57512e-05
1772834 2.57505e-05
1021564 2.57045e-05
79008 2.56885e-05
10981 2.56661e-05
526565 2.55881e-05
72541 2.55842e-05
1024201 2.55085e-05
860122 2.5488e-05
847376 2.54659e-05
2522 2.54183e-05
1558290 2.54021e-05
1095765 2.53998e-05
109950 2.53828e-05
725743 2.53579e-05
1390024 2.53175e-05
782518 2.52405e-05
242198 2.5179e-05
181362 2.5122e-05
532769 2.50921e-05
836568 2.50739e-05
725935 2.50439e-05
458759 2.50039e-05
1484903 2.49456e-05
892438 2.49396e-05
639006 2.49353e-05
710228 2.49326e-05
1147915 2.49143e-05
490392 2.48871e-05
943905 2.4867e-05
1523074 2.48509e-05
1630523 2.48155e-05
408176 2.47995e-05
1325176 2.47563e-05
151105 2.47467e-05
843930 2.46764e-05
1038720 2.4675e-05
423640 2.46642e-05
1232697 2.46061e-05
115926 2.45832e-05
1307830 2.45665e-05
929785 2.45663e-05
438099 2.44959e-05
1496897 2.44537e-05
781609 2.44327e-05
1032065 2.44118e-05
1010821 2.44072e-05
195114 2.4298e-05
1682886 2.42641e-05
1381715 2.42552e-05
852961 2.42218e-05
642603 2.42106e-05
293127 2.42033e-05
368987 2.41739e-05
722542 2.41713e-05
456673 2.41395e-05
741527 2.41205e-05
547187 2.41189e-05
522687 2.41176e-05
476574 2.40895e-05
1419303 2.40305e-05
236577 2.40205e-05
83787 2.38544e-05
714148 2.38379e-05
1655794 2.37404e-05
429823 2.37051e-05
1575759 2.36409e-05
379210 2.35842e-05
1355723 2.35395e-05
745742 2.35368e-05
151021 2.34921e-05
1248525 2.34889e-05
246591 2.348e-05
912919 2.33506e-05
868036 2.33196e-05
1399715 2.32715e-05
275485 2.31908e-05
431471 2.31719e-05
218165 2.31613e-05
1107942 2.31243e-05
1427763 2.31187e-05
419936 2.31142e-05
927941 2.31042e-05
805895 2.30839e-05
1508922 2.30665e-05
1387532 2.30461e-05
489533 2.30354e-05
1229672 2.30029e-05
682905 2.30013e-05
766268 2.29944e-05
1703824 2.29773e-05
700088 2.29757e-05
1244128 2.29704e-05
1025241 2.29434e-05
860496 2.28601e-05
997386 2.27989e-05
452864 2.27268e-05
894263 2.2708e-05
1374419 2.26877e-05
266075 2.26713e-05
1495033 2.25647e-05
1221495 2.25115e-05
1443613 2.24323e-05
462385 2.24312e-05
1636595 2.24205e-05
1675976 2.24044e-05
1136385 2.23968e-05
452221 2.23534e-05
471289 2.232e-05
24769 2.23133e-05
248372 2.2307e-05
809489 2.23043e-05
1341229 2.22935e-05
1713133 2.21288e-05
892136 2.21068e-05
824748 2.20828e-05
818108 2.20703e-05
1714833 2.20268e-05
1461380 2.20182e-05
1462330 2.19796e-05
1408412 2.19641e-05
690305 2.19476e-05
1732686 2.19366e-05
783460 2.18928e-05
269863 2.18778e-05
268209 2.18644e-05
1003397 2.18091e-05
488545 2.18031e-05
20977 2.17945e-05
272334 2.17477e-05
325832 2.17462e-05
517759 2.17349e-05
398110 2.17299e-05
889198 2.16913e-05
1093545 2.16788e-05
485578 2.16308e-05
1555011 2.15754e-05
388105 2.15377e-05
551420 2.15205e-05
1247924 2.14965e-05
1508985 2.14567e-05
764820 2.14539e-05
1713089 2.14425e-05
282296 2.1327e-05
1101578 2.12268e-05
1335263 2.11147e-05
230785 2.10977e-05
726932 2.10671e-05
90363 2.10434e-05
1081600 2.1037e-05
1374705 2.10288e-05
1558061 2.10062e-05
1523510 2.09904e-05
1409807 2.09197e-05
582332 2.08928e-05
52565 2.08532e-05
764362 2.08499e-05
781142 2.08009e-05
732590 2.07863e-05
1345221 2.07496e-05
815919 2.07467e-05
1770329 2.07409e-05
487194 2.06431e-05
1742203 2.06193e-05
1501247 2.06026e-05
1161884 2.05988e-05
1675829 2.05915e-05
1423570 2.05544e-05
691330 2.04337e-05
76654 2.03445e-05
1035616 2.03089e-05
1349064 2.03073e-05
821680 2.02377e-05
636982 2.01797e-05
781219 2.01712e-05
868714 2.01696e-05
85714 2.01419e-05
1434880 2.0094e-05
822186 2.00818e-05
130549 2.00731e-05
1758048 2.00617e-05
46397 2.0055e-05
900941 2.00365e-05
646234 1.99636e-05
745246 1.99231e-05
1693824 1.98582e-05
790056 1.98576e-05
1027124 1.97514e-05
821145 1.97491e-05
1399717 1.97258e-05
1356814 1.96949e-05
650808 1.9628e-05
739196 1.95655e-05
1524849 1.95592e-05
849424 1.95248e-05
878501 1.95153e-05
1281241 1.94955e-05
1748001 1.94838e-05
1174022 1.94582e-05
580769 1.9418e-05
248630 1.94046e-05
109902 1.93951e-05
823763 1.93846e-05
783243 1.9379e-05
1138224 1.93196e-05
150068 1.93084e-05
77278 1.9301e-05
785314 1.92688e-05
1734416 1.92438e-05
135757 1.92428e-05
1045418 1.92249e-05
1551390 1.91998e-05
723821 1.91049e-05
1165480 1.90994e-05
35443 1.90446e-05
1133809 1.90165e-05
1506795 1.90115e-05
879074 1.89607e-05
802737 1.88943e-05
1130488 1.88845e-05
413829 1.88782e-05
783452 1.87962e-05
1731407 1.87125e-05
728185 1.87049e-05
450946 1.8703e-05
87061 1.86252e-05
1602195 1.8593e-05
401733 1.85624e-05
57696 1.85593e-05
318255 1.84897e-05
1626514 1.84842e-05
768365 1.8335e-05
493598 1.83204e-05
293200 1.82818e-05
27250 1.82757e-05
502659 1.82185e-05
1525859 1.8191e-05
493562 1.81683e-05
1642287 1.81202e-05
1173378 1.80938e-05
1242632 1.80841e-05
383952 1.80357e-05
1760594 1.80114e-05
831831 1.80081e-05
1456614 1.79989e-05
542433 1.79221e-05
492071 1.78868e-05
490601 1.78653e-05
529016 1.78496e-05
27875 1.78179e-05
803114 1.7796e-05
1689792 1.77943e-05
492967 1.776e-05
1010993 1.77549e-05
244328 1.7687e-05
1621758 1.76718e-05
485975 1.76374e-05
923637 1.76013e-05
910517 1.75928e-05
1218331 1.75829e-05
434948 1.75417e-05
847518 1.74857e-05
527104 1.74615e-05
719656 1.74134e-05
217456 1.7392e-05
42296 1.73804e-05
114097 1.73752e-05
769620 1.73533e-05
58561 1.71539e-05
1513490 1.71079e-05
1337681 1.71054e-05
380530 1.70843e-05
1441496 1.70572e-05
1551265 1.70355e-05
450973 1.70331e-05
530542 1.70306e-05
1529338 1.70188e-05
124112 1.70184e-05
1714064 1.69678e-05
1038182 1.69487e-05
457392 1.69446e-05
35870 1.69077e-05
424880 1.69012e-05
857161 1.6893e-05
133493 1.68925e-05
1328726 1.6866e-05
781162 1.68125e-05
382979 1.68011e-05
882694 1.67823e-05
783302 1.67172e-05
372465 1.67052e-05
869426 1.66846e-05
118911 1.66117e-05
507035 1.65843e-05
669186 1.65682e-05
1499439 1.65513e-05
1692094 1.65426e-05
856284 1.64514e-05
984493 1.64242e-05
164706 1.63975e-05
1472476 1.6377e-05
502259 1.63588e-05
1511877 1.63568e-05
253575 1.63473e-05
1373768 1.6319e-05
287374 1.62954e-05
5515 1.62737e-05
826258 1.62568e-05
1634801 1.62541e-05
37291 1.6235e-05
785382 1.62302e-05
1304684 1.62224e-05
1476820 1.6213e-05
1222039 1.6201e-05
622719 1.61384e-05
1602280 1.61275e-05
777733 1.60912e-05
157249 1.60766e-05
665659 1.60465e-05
1001024 1.60353e-05
276332 1.60313e-05
1197918 1.60295e-05
236243 1.59791e-05
500421 1.59713e-05
739203 1.59703e-05
1384759 1.59565e-05
781186 1.59372e-05
1765611 1.58236e-05
773749 1.58149e-05
785470 1.58118e-05
817721 1.57705e-05
1702435 1.57347e-05
17127 1.57321e-05
1423547 1.57168e-05
721272 1.57108e-05
1183303 1.56692e-05
456004 1.56503e-05
207803 1.5602e-05
1302679 1.55636e-05
219236 1.5548e-05
321032 1.55007e-05
973122 1.54788e-05
1574497 1.54674e-05
561168 1.54655e-05
319269 1.54625e-05
399206 1.54519e-05
1030942 1.53422e-05
1404483 1.53366e-05
1361277 1.53352e-05
1542323 1.53265e-05
1199836 1.53248e-05
772050 1.53006e-05
425130 1.52814e-05
115784 1.52458e-05
1631424 1.52394e-05
383017 1.52294e-05
865637 1.5225e-05
699745 1.51954e-05
1301882 1.5195e-05
1156685 1.51929e-05
236680 1.51922e-05
674498 1.51531e-05
1702546 1.51137e-05
214320 1.50645e-05
1761147 1.50553e-05
1408127 1.50028e-05
1095409 1.49618e-05
793649 1.49434e-05
785434 1.49011e-05
1142560 1.48694e-05
823901 1.48623e-05
461607 1.48567e-05
723189 1.48557e-05
1498888 1.48519e-05
1613437 1.48517e-05
1317972 1.48217e-05
1440141 1.4803e-05
501395 1.47986e-05
1451002 1.47928e-05
679389 1.4764e-05
882891 1.4728e-05
821837 1.47253e-05
1677512 1.47115e-05
433719 1.46581e-05
1167935 1.46537e-05
266260 1.46342e-05
1403575 1.4618e-05
1031210 1.46082e-05
1440596 1.46052e-05
1276085 1.45927e-05
1214977 1.45544e-05
724794 1.45335e-05
1653560 1.4526e-05
158902 1.45128e-05
1311758 1.44863e-05
529146 1.44672e-05
223031 1.44597e-05
783456 1.44526e-05
830461 1.44482e-05
801183 1.44296e-05
1653515 1.44041e-05
114958 1.43983e-05
888139 1.43974e-05
781197 1.43929e-05
1422039 1.43837e-05
1637836 1.43662e-05
24697 1.43529e-05
1246447 1.43379e-05
1408316 1.43075e-05
508454 1.42041e-05
189040 1.41981e-05
220704 1.41825e-05
65368 1.41446e-05
536446 1.41238e-05
1237543 1.41238e-05
802831 1.40631e-05
71735 1.40307e-05
985727 1.40207e-05
1341398 1.39625e-05
116797 1.39539e-05
1467578 1.39401e-05
1585448 1.38973e-05
272005 1.38793e-05
1343078 1.38497e-05
95068 1.38326e-05
742379 1.3782e-05
571921 1.37784e-05
1366644 1.37669e-05
1494314 1.37487e-05
482364 1.3747e-05
1433047 1.3733e-05
80510 1.37199e-05
769157 1.37053e-05
1463508 1.36633e-05
841061 1.36613e-05
1749826 1.36605e-05
868077 1.36548e-05
1102373 1.36485e-05
981822 1.36362e-05
867779 1.35959e-05
1153372 1.35882e-05
840206 1.35845e-05
1046140 1.35751e-05
1758991 1.35596e-05
491305 1.35396e-05
1619286 1.35274e-05
1269789 1.3424e-05
288530 1.33814e-05
655061 1.33372e-05
744319 1.32815e-05
1404416 1.3219e-05
850193 1.32171e-05
1786330 1.3149e-05
377385 1.31477e-05
307778 1.31218e-05
1713714 1.30705e-05
465938 1.30685e-05
146283 1.30461e-05
1480179 1.30429e-05
130991 1.30112e-05
205594 1.29823e-05
578086 1.29466e-05
293124 1.29118e-05
785380 1.29082e-05
868196 1.28677e-05
1201110 1.2828e-05
1241043 1.28253e-05
1433565 1.2816e-05
1030248 1.27985e-05
1277555 1.27978e-05
1037739 1.27399e-05
1732634 1.27344e-05
311378 1.2719e-05
1353684 1.26969e-05
1172678 1.26838e-05
1039382 1.26781e-05
821904 1.26595e-05
492860 1.25758e-05
1448696 1.2533e-05
289652 1.25327e-05
1201176 1.25208e-05
1742406 1.24806e-05
1404431 1.24589e-05
890929 1.24495e-05
963724 1.24239e-05
1447317 1.24218e-05
1483972 1.23604e-05
644610 1.23133e-05
480593 1.23071e-05
829426 1.22758e-05
388393 1.22695e-05
1510150 1.22248e-05
820730 1.22154e-05
631776 1.21995e-05
763763 1.2184e-05
1114646 1.21803e-05
28339 1.21422e-05
6223 1.21374e-05
981221 1.21183e-05
1712753 1.21025e-05
529606 1.20836e-05
276463 1.20566e-05
781619 1.2007e-05
1325296 1.19945e-05
1114783 1.19576e-05
1581596 1.19247e-05
427314 1.18934e-05
198701 1.18763e-05
1487985 1.18558e-05
1349218 1.18377e-05
121237 1.18048e-05
236641 1.17934e-05
224700 1.17511e-05
518713 1.17494e-05
90338 1.17445e-05
204639 1.17259e-05
587590 1.17148e-05
1724404 1.16923e-05
788760 1.16917e-05
1464663 1.16913e-05
1545515 1.16781e-05
1426508 1.1653e-05
179386 1.16476e-05
1356401 1.16405e-05
839330 1.16297e-05
446919 1.16265e-05
574028 1.16218e-05
1377333 1.16132e-05
1039133 1.16103e-05
727023 1.16048e-05
882585 1.15856e-05
828801 1.15393e-05
1698585 1.15147e-05
101860 1.15002e-05
1339517 1.14741e-05
1216453 1.14637e-05
434158 1.14594e-05
1767384 1.14591e-05
711907 1.1451e-05
1694683 1.14499e-05
1142401 1.14473e-05
1738691 1.14072e-05
103482 1.14009e-05
1125360 1.13946e-05
1028675 1.1363e-05
1152028 1.13573e-05
777897 1.13176e-05
843954 1.12859e-05
976975 1.12689e-05
769078 1.12508e-05
776610 1.12384e-05
517789 1.12368e-05
776555 1.12251e-05
855900 1.12192e-05
923673 1.12093e-05
864176 1.12039e-05
351238 1.11955e-05
283448 1.11814e-05
928452 1.11472e-05
1389818 1.11213e-05
185557 1.11101e-05
1533143 1.1101e-05
888967 1.10755e-05
895273 1.10517e-05
1419120 1.10266e-05
1052994 1.10227e-05
1067992 1.09932e-05
1624113 1.09779e-05
1207712 1.09702e-05
1427398 1.09622e-05
1329086 1.08899e-05
1535173 1.08664e-05
1037933 1.08659e-05
210433 1.0836e-05
1086773 1.08335e-05
641176 1.08078e-05
1462407 1.07635e-05
1694042 1.07543e-05
602369 1.07448e-05
151163 1.07165e-05
1744973 1.07064e-05
498617 1.06754e-05
1480835 1.06582e-05
534926 1.06333e-05
1018391 1.06268e-05
726090 1.06139e-05
1583992 1.05999e-05
646580 1.05822e-05
1344596 1.05818e-05
1723646 1.05762e-05
360621 1.05723e-05
136118 1.05077e-05
498618 1.04558e-05
645066 1.0439e-05
855117 1.04185e-05
693348 1.03852e-05
1125177 1.03625e-05
325221 1.0356e-05
755292 1.03557e-05
1303932 1.03498e-05
1732321 1.03495e-05
431441 1.03466e-05
1770533 1.03463e-05
239275 1.03457e-05
437365 1.03408e-05
943328 1.03261e-05
293375 1.03139e-05
1049179 1.03046e-05
1690430 1.02909e-05
1139487 1.0268e-05
122608 1.02621e-05
1571794 1.02535e-05
266049 1.02399e-05
552627 1.02337e-05
1353250 1.01874e-05
1195705 1.0179e-05
142822 1.01502e-05
27164 1.01495e-05
1744152 1.01305e-05
501917 1.00888e-05
236636 1.00775e-05
966289 1.00578e-05
1610606 1.00563e-05
1568566 1.00511e-05
260187 9.99255e-06
1301283 9.95771e-06
1655784 9.91967e-06
759860 9.91596e-06
700098 9.90564e-06
404307 9.89973e-06
845750 9.89761e-06
119928 9.89004e-06
592625 9.88157e-06
579623 9.84827e-06
1085169 9.79793e-06
159593 9.77508e-06
40289 9.76676e-06
1502204 9.7424e-06
1732326 9.74044e-06
710584 9.71002e-06
437542 9.69e-06
1747787 9.67853e-06
511558 9.65843e-06
559552 9.60565e-06
523939 9.60512e-06
456362 9.59019e-06
1726519 9.5835e-06
1383996 9.57624e-06
509268 9.56472e-06
1629813 9.55236e-06
51646 9.52324e-06
1138177 9.52021e-06
14271 9.5112e-06
1339820 9.50725e-06
1336206 9.50659e-06
1609158 9.49117e-06
689951 9.48478e-06
1038127 9.4784e-06
980461 9.47189e-06
306274 9.46469e-06
242843 9.45923e-06
1640387 9.43383e-06
918276 9.42931e-06
962244 9.42697e-06
1748179 9.42498e-06
1166928 9.42294e-06
15068 9.41951e-06
157726 9.41273e-06
1683108 9.38767e-06
776611 9.36691e-06
825712 9.3605e-06
99906 9.35829e-06
1754324 9.33554e-06
882419 9.28198e-06
485583 9.27681e-06
21542 9.27149e-06
97567 9.2627e-06
888301 9.25378e-06
247474 9.21089e-06
119575 9.17682e-06
1504421 9.16985e-06
429014 9.16681e-06
642817 9.15166e-06
1417997 9.14973e-06
109869 9.14871e-06
477563 9.13066e-06
893515 9.09814e-06
662418 9.09361e-06
386466 9.08027e-06
1522653 9.07382e-06
1256995 9.05906e-06
1673598 9.03695e-06
856196 9.01061e-06
1039089 9.00551e-06
15531 8.95545e-06
286904 8.93308e-06
1487328 8.92325e-06
945545 8.91735e-06
498569 8.91528e-06
1729183 8.91452e-06
1549922 8.90949e-06
1180647 8.87488e-06
647392 8.85097e-06
213650 8.85076e-06
620736 8.8423e-06
129947 8.83892e-06
1114074 8.82084e-06
1393504 8.81469e-06
1533708 8.80899e-06
1769710 8.79301e-06
1121348 8.77317e-06
1706593 8.75291e-06
1039648 8.71735e-06
626509 8.71319e-06
475008 8.69043e-06
39507 8.67974e-06
890258 8.63258e-06
1145818 8.63006e-06
837409 8.62991e-06
258847 8.61084e-06
1535083 8.59444e-06
503735 8.59248e-06
199986 8.58895e-06
1488141 8.57872e-06
1270503 8.53287e-06
1121085 8.53162e-06
1476935 8.52318e-06
1294167 8.50079e-06
327890 8.49061e-06
379229 8.47707e-06
1631460 8.47446e-06
127331 8.45454e-06
54695 8.44065e-06
134993 8.437e-06
1467071 8.43045e-06
701847 8.40206e-06
922533 8.40111e-06
1404442 8.39512e-06
292178 8.39207e-06
18308 8.36758e-06
458123 8.35472e-06
908367 8.33101e-06
932462 8.33081e-06
1667640 8.32162e-06
1245167 8.30457e-06
882161 8.28981e-06
1425901 8.28456e-06
788297 8.26164e-06
235908 8.22732e-06
1350181 8.21971e-06
1706208 8.21837e-06
1596100 8.20108e-06
777321 8.1818e-06
489232 8.17758e-06
1109617 8.17198e-06
722033 8.16465e-06
272760 8.16306e-06
213977 8.14063e-06
343531 8.10732e-06
335210 8.10226e-06
1533636 8.0937e-06
1299618 8.09217e-06
1752166 8.07475e-06
1643550 8.06508e-06
1299056 8.04995e-06
734510 8.04908e-06
466601 8.03345e-06
1464474 8.01105e-06
823868 8.00947e-06
1517275 7.99417e-06
71362 7.99188e-06
1352945 7.97755e-06
828644 7.95951e-06
1008549 7.95932e-06
758717 7.94048e-06
1546680 7.93193e-06
1377996 7.92341e-06
163360 7.90833e-06
1607454 7.90189e-06
1528425 7.90103e-06
1349727 7.87951e-06
95284 7.87099e-06
1108452 7.8525e-06
355691 7.83714e-06
65171 7.81253e-06
679371 7.80599e-06
568845 7.78806e-06
837112 7.78217e-06
765719 7.76455e-06
1063516 7.75973e-06
250140 7.75505e-06
1072546 7.75489e-06
487211 7.71956e-06
1700630 7.70911e-06
1679626 7.70154e-06
1337598 7.68542e-06
1368061 7.66472e-06
1036836 7.65518e-06
1403807 7.63075e-06
927470 7.61129e-06
781133 7.60116e-06
1174237 7.57934e-06
1422323 7.53775e-06
621291 7.52653e-06
260483 7.49982e-06
380062 7.47695e-06
444425 7.47002e-06
6513 7.46582e-06
122891 7.46396e-06
1534872 7.44197e-06
730737 7.43751e-06
1232514 7.41011e-06
1022491 7.38207e-06
13238 7.37467e-06
379403 7.36849e-06
251389 7.36794e-06
1197550 7.36563e-06
21561 7.34107e-06
115608 7.34046e-06
516176 7.3375e-06
503003 7.33574e-06
1279923 7.3308e-06
758134 7.3293e-06
42675 7.31126e-06
787984 7.30776e-06
1296481 7.30268e-06
1333913 7.2906e-06
189214 7.26094e-06
1362859 7.23359e-06
890343 7.23291e-06
380166 7.21743e-06
909960 7.2136e-06
247198 7.21339e-06
1528604 7.2075e-06
1691599 7.20614e-06
1131898 7.18406e-06
1515253 7.16649e-06
238127 7.14492e-06
1502902 7.12646e-06
798601 7.12435e-06
802873 7.09232e-06
412204 7.08616e-06
1477815 7.06254e-06
843839 7.052e-06
326429 7.05138e-06
1187920 7.03727e-06
304176 7.03596e-06
778318 7.02496e-06
866266 7.02276e-06
1048979 7.01985e-06
377962 7.01612e-06
437719 7.01218e-06
725751 6.99867e-06
85999 6.98857e-06
1785479 6.98353e-06
148170 6.96493e-06
1625589 6.95494e-06
443331 6.95065e-06
1485363 6.94429e-06
1389786 6.93734e-06
168839 6.93619e-06
28163 6.91395e-06
800804 6.89831e-06
1510856 6.89124e-06
868271 6.89048e-06
245176 6.88973e-06
1397084 6.88489e-06
106194 6.84757e-06
306915 6.84203e-06
952891 6.81276e-06
520191 6.78178e-06
828286 6.77881e-06
109934 6.7632e-06
443970 6.7585e-06
961575 6.75612e-06
216366 6.7304e-06
478114 6.71141e-06
1000735 6.69858e-06
526570 6.68974e-06
1596439 6.68763e-06
668853 6.68761e-06
1626479 6.68755e-06
1550725 6.67878e-06
337611 6.66794e-06
1656921 6.65405e-06
1468467 6.65229e-06
1759519 6.60692e-06
1488052 6.60646e-06
93671 6.59184e-06
93880 6.5871e-06
693182 6.5823e-06
1665973 6.55299e-06
904649 6.54578e-06
728299 6.54415e-06
1037720 6.53708e-06
1134961 6.50953e-06
78598 6.50135e-06
254792 6.47054e-06
1611461 6.43905e-06
1740026 6.43743e-06
809799 6.42405e-06
1106023 6.40529e-06
573354 6.40513e-06
847625 6.36843e-06
1715253 6.36781e-06
1172245 6.36687e-06
1092903 6.36564e-06
1370775 6.34078e-06
707476 6.32221e-06
1253220 6.31682e-06
865090 6.31472e-06
948625 6.31278e-06
1341430 6.3116e-06
896541 6.30616e-06
981144 6.30336e-06
1471585 6.3029e-06
1704531 6.29942e-06
1374673 6.29886e-06
649266 6.28596e-06
215631 6.28587e-06
999353 6.27263e-06
1535040 6.26753e-06
468891 6.26211e-06
1442753 6.2588e-06
76974 6.23376e-06
1052392 6.22487e-06
86760 6.21668e-06
182974 6.19923e-06
1724342 6.19333e-06
1351968 6.18532e-06
273521 6.1843e-06
1779315 6.17668e-06
359857 6.17114e-06
1054208 6.15743e-06
714847 6.14962e-06
579429 6.14078e-06
1684158 6.13825e-06
837029 6.12875e-06
781627 6.1278e-06
871628 6.08733e-06
327893 6.08677e-06
35292 6.0846e-06
997684 6.07755e-06
1375942 6.05798e-06
694121 6.04994e-06
1484000 6.04835e-06
1167337 6.04038e-06
1403671 6.02222e-06
257497 5.98538e-06
1484697 5.98134e-06
907017 5.97403e-06
1104008 5.96793e-06
1196699 5.95268e-06
1392026 5.94871e-06
215187 5.92178e-06
41446 5.89842e-06
1002762 5.8972e-06
422273 5.88248e-06
202683 5.87981e-06
795065 5.87251e-06
919919 5.86687e-06
1203511 5.86417e-06
209057 5.8538e-06
349828 5.84464e-06
510300 5.83246e-06
1757940 5.82057e-06
1048636 5.81992e-06
1732570 5.80274e-06
1326287 5.79442e-06
1777355 5.7895e-06
918215 5.78541e-06
359477 5.77997e-06
1484384 5.76035e-06
351919 5.75744e-06
1471489 5.75138e-06
1152179 5.75007e-06
258634 5.7384e-06
759977 5.73739e-06
1257098 5.73703e-06
1424123 5.73084e-06
38801 5.72236e-06
1446519 5.71461e-06
37716 5.70957e-06
750409 5.69888e-06
137649 5.69015e-06
278355 5.68791e-06
1573477 5.6729e-06
393738 5.66897e-06
1696135 5.60514e-06
908086 5.6046e-06
1700820 5.60254e-06
200423 5.58277e-06
758379 5.57702e-06
1103856 5.56783e-06
89651 5.55652e-06
1487480 5.54854e-06
113594 5.53609e-06
257330 5.53042e-06
1686171 5.5236e-06
213115 5.52125e-06
523621 5.52092e-06
1460684 5.51859e-06
121622 5.5172e-06
583905 5.51405e-06
35067 5.50557e-06
626307 5.4979e-06
325332 5.47963e-06
1068523 5.45432e-06
901052 5.43922e-06
1783103 5.4369e-06
442235 5.41921e-06
1496068 5.417e-06
1503960 5.41665e-06
1264689 5.41652e-06
799910 5.4106e-06
991199 5.40286e-06
720886 5.39543e-06
1471364 5.37685e-06
768129 5.37412e-06
697963 5.36959e-06
255231 5.36625e-06
1760955 5.35851e-06
491677 5.33512e-06
1595918 5.32693e-06
895614 5.3231e-06
732718 5.32163e-06
1494476 5.30319e-06
371092 5.30089e-06
487957 5.28804e-06
826523 5.28547e-06
137362 5.28496e-06
1388204 5.27081e-06
920230 5.25627e-06
1260608 5.25397e-06
847997 5.25014e-06
517148 5.23992e-06
198849 5.23738e-06
1176498 5.22042e-06
53273 5.214e-06
994088 5.2124e-06
752008 5.20561e-06
1161577 5.20295e-06
73821 5.19945e-06
173020 5.19463e-06
499559 5.18244e-06
1007684 5.17836e-06
551109 5.16447e-06
1648426 5.15849e-06
506004 5.15618e-06
1558355 5.13937e-06
425937 5.13492e-06
93700 5.12181e-06
150880 5.12145e-06
835479 5.12142e-06
74996 5.11383e-06
1174152 5.09951e-06
490129 5.0851e-06
903988 5.0837e-06
907203 5.05767e-06
279681 5.05702e-06
1609358 5.05358e-06
27277 5.04476e-06
635698 5.04376e-06
156343 5.03622e-06
1666902 5.03187e-06
952957 5.0301e-06
1723183 5.03e-06
348150 5.01682e-06
1304956 5.01323e-06
1126901 5.01059e-06
1227344 5.00219e-06
236652 5.00045e-06
63602 4.99603e-06
1194305 4.99211e-06
872243 4.98383e-06
515402 4.98321e-06
236012 4.97024e-06
1769706 4.95381e-06
71844 4.94569e-06
246862 4.94374e-06
784567 4.93801e-06
1360021 4.93631e-06
292745 4.93562e-06
1171325 4.93457e-06
1167108 4.92897e-06
665772 4.9223e-06
1382226 4.92049e-06
1700363 4.92009e-06
76723 4.90647e-06
1356015 4.90519e-06
667325 4.89641e-06
1366741 4.89435e-06
51419 4.88938e-06
1423779 4.88739e-06
857303 4.88396e-06
787052 4.87469e-06
500756 4.86853e-06
1361216 4.86757e-06
764956 4.86628e-06
632957 4.84685e-06
126185 4.84371e-06
1259558 4.82728e-06
910666 4.82617e-06
690438 4.81321e-06
1759725 4.78831e-06
831114 4.78196e-06
51754 4.76351e-06
896588 4.75282e-06
175126 4.7516e-06
65062 4.74169e-06
697774 4.73676e-06
888866 4.73307e-06
72446 4.72919e-06
358249 4.72895e-06
332908 4.71844e-06
1372507 4.70991e-06
1025126 4.70547e-06
1495685 4.70474e-06
1614920 4.68895e-06
339280 4.68709e-06
975389 4.67503e-06
1723768 4.67441e-06
56650 4.67375e-06
1695831 4.66142e-06
1554533 4.65391e-06
1634788 4.63259e-06
8673 4.62302e-06
891207 4.61861e-06
388291 4.58286e-06
1504170 4.57637e-06
748531 4.56768e-06
283129 4.56127e-06
1657621 4.55644e-06
787687 4.55473e-06
734788 4.53656e-06
1742575 4.51291e-06
1554950 4.50977e-06
1376393 4.50771e-06
501777 4.50693e-06
32632 4.49645e-06
432797 4.49601e-06
109882 4.49345e-06
29351 4.48229e-06
1245013 4.46907e-06
1783779 4.44839e-06
1418839 4.44013e-06
921062 4.4293e-06
1771658 4.42267e-06
306121 4.40935e-06
1487552 4.40186e-06
1147316 4.39587e-06
1780567 4.38785e-06
864432 4.383e-06
424249 4.3799e-06
1758594 4.37845e-06
83401 4.37324e-06
1135367 4.35139e-06
1681948 4.34102e-06
1623275 4.33867e-06
1336580 4.3323e-06
938659 4.31152e-06
834041 4.30162e-06
1765385 4.28896e-06
61115 4.28212e-06
745526 4.27886e-06
64868 4.27507e-06
100108 4.26798e-06
595853 4.24264e-06
1266558 4.2405e-06
1513874 4.23873e-06
905937 4.23194e-06
1416333 4.21933e-06
1426622 4.21407e-06
1088394 4.19539e-06
548136 4.19351e-06
1257677 4.18191e-06
1508122 4.18039e-06
1181438 4.17687e-06
1508453 4.15247e-06
36843 4.12866e-06
97937 4.12831e-06
1501242 4.12761e-06
1410810 4.12606e-06
180856 4.10639e-06
1729507 4.10097e-06
1780468 4.10047e-06
1494106 4.09183e-06
1008053 4.0817e-06
1479822 4.07669e-06
1769715 4.07622e-06
1402721 4.0727e-06
921044 4.05795e-06
1450657 4.04876e-06
388422 4.03798e-06
1636332 4.03001e-06
1167064 4.02057e-06
162426 4.01956e-06
1162400 4.00082e-06
115276 3.99032e-06
1176277 3.98502e-06
1355549 3.973e-06
1759629 3.97233e-06
1471830 3.95988e-06
1246400 3.9538e-06
776945 3.9493e-06
899121 3.94661e-06
416099 3.94436e-06
1472376 3.90891e-06
782272 3.89731e-06
871396 3.89093e-06
394449 3.88826e-06
1226730 3.88655e-06
1323573 3.88462e-06
953000 3.87508e-06
431950 3.8707e-06
1413223 3.86193e-06
433027 3.85943e-06
1585567 3.85257e-06
16822 3.83879e-06
615768 3.83557e-06
601984 3.82058e-06
270658 3.81307e-06
829372 3.80992e-06
816246 3.80928e-06
1013439 3.80557e-06
131331 3.77855e-06
1780513 3.77809e-06
834347 3.77256e-06
285729 3.77196e-06
373198 3.76461e-06
774081 3.72858e-06
775211 3.72689e-06
746176 3.72074e-06
139908 3.71393e-06
603844 3.70407e-06
1401765 3.6767e-06
1694473 3.67566e-06
1107459 3.66787e-06
1624356 3.64915e-06
1247260 3.64552e-06
618512 3.64545e-06
714415 3.64337e-06
708953 3.63363e-06
798857 3.63362e-06
1151962 3.61941e-06
144790 3.61127e-06
1138379 3.60305e-06
1754514 3.60124e-06
506414 3.59441e-06
1603883 3.58163e-06
40041 3.57686e-06
933797 3.57222e-06
1744051 3.56941e-06
831865 3.56261e-06
448105 3.53407e-06
1311671 3.5339e-06
1690212 3.52293e-06
869480 3.51561e-06
1438998 3.51442e-06
1394926 3.50597e-06
389489 3.50561e-06
1369903 3.49524e-06
1707869 3.48514e-06
692687 3.48365e-06
1104179 3.48335e-06
274523 3.46248e-06
167067 3.45435e-06
900171 3.44814e-06
1179829 3.44613e-06
1775421 3.44427e-06
1217953 3.43948e-06
1507630 3.43183e-06
151394 3.42299e-06
910713 3.41291e-06
1252056 3.39904e-06
1172108 3.38414e-06
865601 3.36416e-06
1774037 3.3637e-06
1358418 3.35391e-06
1059510 3.35058e-06
1673437 3.34871e-06
1358230 3.34342e-06
390917 3.34293e-06
1521425 3.33826e-06
1384408 3.32835e-06
635032 3.32413e-06
65785 3.32374e-06
1175122 3.32002e-06
1247002 3.31971e-06
74215 3.31205e-06
45998 3.308e-06
1353640 3.29278e-06
1282869 3.29187e-06
584020 3.2899e-06
824109 3.28482e-06
1782156 3.24905e-06
896540 3.23724e-06
906895 3.22965e-06
1390682 3.22199e-06
1068482 3.21763e-06
629320 3.21739e-06
1174072 3.21314e-06
1293439 3.21112e-06
780887 3.1935e-06
920896 3.19261e-06
1604667 3.18646e-06
707128 3.18162e-06
295566 3.17757e-06
764477 3.17052e-06
874820 3.1696e-06
1752178 3.15852e-06
946887 3.15823e-06
825223 3.15635e-06
1076654 3.15535e-06
456372 3.15072e-06
430759 3.14579e-06
1404452 3.13535e-06
882734 3.12668e-06
1199361 3.12615e-06
734159 3.12136e-06
1366023 3.11567e-06
661995 3.10006e-06
1281162 3.09289e-06
1424088 3.09086e-06
998005 3.08526e-06
1754808 3.07991e-06
1366866 3.06536e-06
1638482 3.05912e-06
788659 3.05897e-06
1738019 3.05203e-06
249429 3.05165e-06
583108 3.04971e-06
145133 3.0457e-06
1201938 3.03696e-06
89273 3.03081e-06
50255 3.01951e-06
1020881 3.0156e-06
761361 3.0155e-06
1013622 3.01009e-06
374535 2.97949e-06
171163 2.97151e-06
564106 2.95553e-06
763744 2.95545e-06
841102 2.9445e-06
1204963 2.93258e-06
1477650 2.92555e-06
1091541 2.92217e-06
649142 2.91758e-06
1240912 2.91675e-06
21591 2.91193e-06
821088 2.89615e-06
764244 2.89573e-06
660482 2.89441e-06
1257504 2.88816e-06
820035 2.88387e-06
1339318 2.88258e-06
1018560 2.88161e-06
1573403 2.86987e-06
859881 2.86023e-06
752570 2.85003e-06
1165495 2.8447e-06
132806 2.83946e-06
1303793 2.83335e-06
434874 2.81941e-06
1709303 2.81032e-06
998971 2.80749e-06
822772 2.8057e-06
737869 2.80213e-06
1111271 2.80211e-06
1758306 2.79076e-06
1553631 2.78963e-06
1644991 2.78376e-06
1234762 2.77346e-06
218947 2.77092e-06
272045 2.77079e-06
822402 2.77014e-06
1530961 2.76508e-06
1456079 2.76068e-06
1136137 2.74413e-06
268169 2.74173e-06
527383 2.73726e-06
1095241 2.7331e-06
873985 2.73023e-06
804857 2.71479e-06
1509482 2.70603e-06
1566477 2.70271e-06
601187 2.69893e-06
434416 2.69713e-06
689046 2.68608e-06
19382 2.68447e-06
1157919 2.67851e-06
182263 2.67751e-06
323652 2.67633e-06
174818 2.67608e-06
409359 2.66963e-06
717448 2.66863e-06
233137 2.6612e-06
750872 2.6603e-06
1542082 2.64969e-06
1308863 2.64868e-06
660680 2.64617e-06
422179 2.64367e-06
1156763 2.64303e-06
60678 2.64231e-06
755853 2.63606e-06
314944 2.63163e-06
1752867 2.62604e-06
501325 2.62551e-06
1510648 2.62015e-06
136727 2.60376e-06
47709 2.60239e-06
1146074 2.59932e-06
194566 2.59561e-06
1417369 2.57732e-06
534254 2.57539e-06
1776298 2.56942e-06
844052 2.56634e-06
1563948 2.56485e-06
1197683 2.56138e-06
1444776 2.56013e-06
1248002 2.55877e-06
304759 2.55589e-06
566062 2.5518e-06
419509 2.54609e-06
510647 2.54438e-06
1487158 2.53083e-06
1415417 2.52808e-06
827087 2.52638e-06
490109 2.52629e-06
1592913 2.52545e-06
613497 2.52394e-06
1381352 2.52289e-06
1786604 2.52163e-06
308942 2.5094e-06
919879 2.50584e-06
70254 2.50538e-06
51203 2.49777e-06
753285 2.49332e-06
29914 2.48744e-06
1047279 2.48409e-06
1285635 2.48122e-06
121633 2.47593e-06
18225 2.47349e-06
219674 2.46492e-06
898035 2.46249e-06
64387 2.46042e-06
922814 2.45781e-06
955934 2.45718e-06
871245 2.4561e-06
14511 2.45386e-06
313330 2.44594e-06
1353131 2.44586e-06
887884 2.44359e-06
1463688 2.43697e-06
1026144 2.43562e-06
158860 2.43396e-06
431483 2.43243e-06
721361 2.43083e-06
905826 2.42551e-06
911563 2.42044e-06
222772 2.4176e-06
1752975 2.41459e-06
1066483 2.40971e-06
1231186 2.40893e-06
1415603 2.40887e-06
271296 2.40663e-06
1520715 2.39745e-06
1766503 2.39608e-06
1428490 2.39546e-06
1567332 2.39341e-06
408239 2.39317e-06
1051698 2.38877e-06
127028 2.38274e-06
953033 2.38043e-06
261091 2.37251e-06
488023 2.37251e-06
1670513 2.36674e-06
112272 2.3666e-06
1422423 2.36547e-06
1085584 2.36237e-06
2982 2.35502e-06
1347042 2.34126e-06
127458 2.3351e-06
320675 2.32677e-06
1631315 2.32515e-06
985762 2.32335e-06
1715886 2.32039e-06
1229639 2.31911e-06
174250 2.30988e-06
8839 2.30155e-06
1310784 2.2953e-06
1568289 2.288e-06
478494 2.28723e-06
647349 2.28441e-06
1725085 2.28377e-06
1134971 2.27577e-06
543579 2.27453e-06
160562 2.26917e-06
409588 2.26856e-06
1609412 2.26592e-06
973047 2.24903e-06
1744763 2.24498e-06
341936 2.23703e-06
769054 2.23406e-06
1402450 2.22887e-06
143349 2.2274e-06
1695426 2.227e-06
830669 2.22392e-06
50655 2.22134e-06
826699 2.21201e-06
507417 2.21093e-06
1729684 2.19655e-06
1199779 2.17821e-06
39637 2.16942e-06
648032 2.16037e-06
491986 2.16026e-06
741761 2.15465e-06
732374 2.1488e-06
1165843 2.14367e-06
280810 2.14182e-06
27347 2.13532e-06
1519437 2.13482e-06
214203 2.13369e-06
806136 2.12812e-06
1376318 2.12011e-06
1342354 2.11523e-06
854673 2.10753e-06
1114565 2.10664e-06
782576 2.10556e-06
1735731 2.10247e-06
1364524 2.10078e-06
778332 2.09391e-06
229604 2.08572e-06
897697 2.07764e-06
259284 2.07059e-06
1699240 2.05653e-06
1661771 2.05203e-06
57313 2.0266e-06
1778520 2.02631e-06
675347 2.02575e-06
1310419 2.02194e-06
990110 2.02001e-06
6327 2.01674e-06
589365 2.01382e-06
1671173 2.01356e-06
369275 2.01143e-06
1490209 2.00721e-06
1515852 2.00357e-06
206932 2.0009e-06
1677263 2.0001e-06
281157 1.99987e-06
757657 1.98822e-06
3756 1.98251e-06
790948 1.98137e-06
1758046 1.97996e-06
1099435 1.9752e-06
1768336 1.9727e-06
1754618 1.97178e-06
466828 1.96565e-06
1029720 1.96552e-06
238134 1.96448e-06
490642 1.95923e-06
153809 1.95837e-06
688399 1.94749e-06
267628 1.94201e-06
7687 1.94076e-06
1357537 1.93997e-06
974095 1.92746e-06
724652 1.92719e-06
269511 1.92139e-06
1307323 1.91675e-06
1256059 1.91494e-06
1310157 1.91486e-06
457069 1.91163e-06
916579 1.90856e-06
1337900 1.90611e-06
1011544 1.904e-06
822610 1.90233e-06
1059424 1.89228e-06
1070356 1.88945e-06
1501373 1.88694e-06
1140028 1.87364e-06
11278 1.86925e-06
489967 1.86753e-06
1382339 1.86604e-06
856170 1.86453e-06
1599930 1.85662e-06
197114 1.85405e-06
1366100 1.85149e-06
1123509 1.84952e-06
1361963 1.8481e-06
18634 1.84519e-06
1572013 1.84294e-06
1090632 1.83809e-06
428417 1.83331e-06
1674506 1.83126e-06
1673341 1.82634e-06
430867 1.81418e-06
639695 1.81032e-06
1628456 1.80846e-06
1562204 1.80756e-06
696373 1.80466e-06
888503 1.80263e-06
467085 1.80167e-06
1539051 1.79954e-06
1658810 1.79948e-06
606834 1.79536e-06
855693 1.79518e-06
504389 1.79332e-06
584818 1.78757e-06
881111 1.78101e-06
630263 1.77567e-06
1161866 1.77499e-06
658929 1.77217e-06
55536 1.76839e-06
111497 1.76484e-06
1211480 1.76299e-06
896406 1.76157e-06
473954 1.75762e-06
1515207 1.75648e-06
379929 1.74012e-06
1190228 1.73821e-06
1460644 1.73781e-06
1736904 1.73606e-06
53747 1.73126e-06
1285196 1.72309e-06
720008 1.72253e-06
1685815 1.71987e-06
437057 1.71755e-06
990679 1.71618e-06
1032716 1.70924e-06
440868 1.69773e-06
1240856 1.68657e-06
1211984 1.6807e-06
1377270 1.67646e-06
1078073 1.6653e-06
893086 1.66471e-06
1779231 1.66201e-06
41066 1.66063e-06
1361777 1.65984e-06
844213 1.65913e-06
1560425 1.65315e-06
1062941 1.65123e-06
788345 1.649e-06
134359 1.63902e-06
1267341 1.6367e-06
475217 1.63619e-06
1416484 1.63506e-06
289795 1.63346e-06
1151969 1.63213e-06
13043 1.62882e-06
118472 1.62057e-06
899857 1.62014e-06
748416 1.61857e-06
161914 1.61678e-06
710231 1.6151e-06
511153 1.60823e-06
404070 1.60607e-06
469133 1.60046e-06
863386 1.60042e-06
832552 1.59987e-06
238560 1.59799e-06
1423224 1.59538e-06
272491 1.59337e-06
85621 1.58639e-06
209727 1.58636e-06
1212547 1.58602e-06
448436 1.58392e-06
404182 1.57938e-06
637112 1.57681e-06
552082 1.57326e-06
1259693 1.57139e-06
1570303 1.56712e-06
510504 1.56086e-06
1698725 1.55239e-06
877741 1.55071e-06
1046991 1.54747e-06
57800 1.54139e-06
93905 1.52895e-06
440676 1.52869e-06
465995 1.52846e-06
829469 1.52599e-06
725214 1.52498e-06
974121 1.52072e-06
253332 1.52072e-06
246261 1.52062e-06
105762 1.51374e-06
943988 1.51327e-06
1177066 1.51041e-06
1666908 1.5091e-06
879762 1.50572e-06
1767985 1.50323e-06
622628 1.49978e-06
169320 1.4897e-06
370454 1.48401e-06
858354 1.4838e-06
708363 1.48316e-06
200951 1.4807e-06
633708 1.47934e-06
1151735 1.4693e-06
152665 1.46775e-06
773125 1.46559e-06
1551928 1.46542e-06
267783 1.4617e-06
1702811 1.45748e-06
1152557 1.45404e-06
1397087 1.44754e-06
1068116 1.44476e-06
1610804 1.43831e-06
260160 1.4378e-06
40643 1.43748e-06
8463 1.43687e-06
271410 1.43671e-06
1734013 1.43527e-06
891111 1.43352e-06
1484571 1.42832e-06
1466589 1.4255e-06
843198 1.42539e-06
119796 1.42493e-06
445013 1.42336e-06
197235 1.41879e-06
967356 1.4154e-06
132745 1.4141e-06
1404363 1.41094e-06
252638 1.40467e-06
1181755 1.39215e-06
457818 1.38035e-06
642146 1.37528e-06
819721 1.3731e-06
827636 1.37155e-06
1549951 1.3714e-06
1011769 1.36948e-06
1252300 1.36256e-06
1460774 1.36223e-06
1053159 1.36214e-06
1555659 1.36173e-06
1725272 1.36037e-06
454162 1.35775e-06
240802 1.34704e-06
835533 1.34477e-06
966073 1.34448e-06
1636751 1.34427e-06
824965 1.3433e-06
1483542 1.33953e-06
420408 1.33185e-06
157321 1.33043e-06
1623793 1.32892e-06
808079 1.32524e-06
1364053 1.32163e-06
804382 1.32146e-06
897967 1.31923e-06
1501715 1.31757e-06
172798 1.31367e-06
556596 1.31291e-06
1419010 1.30825e-06
1174037 1.30763e-06
1382177 1.30631e-06
1483834 1.30414e-06
1717424 1.29959e-06
1497585 1.29645e-06
781636 1.29486e-06
260747 1.29437e-06
1236867 1.28695e-06
1671351 1.28113e-06
1157754 1.27925e-06
824564 1.27881e-06
759883 1.27388e-06
797055 1.26806e-06
426868 1.26281e-06
785752 1.25468e-06
15287 1.25033e-06
53890 1.24487e-06
1447189 1.24376e-06
1708194 1.2437e-06
158656 1.24334e-06
946474 1.24265e-06
859105 1.24072e-06
744759 1.23695e-06
1496543 1.23629e-06
259370 1.23072e-06
1548161 1.22879e-06
1455592 1.22726e-06
955749 1.22354e-06
1178997 1.22223e-06
51511 1.22012e-06
276631 1.22008e-06
1416649 1.22006e-06
863663 1.21911e-06
601222 1.20827e-06
1117477 1.20767e-06
1007418 1.19949e-06
45972 1.19763e-06
551471 1.19622e-06
1434506 1.19407e-06
617209 1.19164e-06
85241 1.18719e-06
40853 1.17598e-06
41792 1.17537e-06
670111 1.17209e-06
1189180 1.16987e-06
1111192 1.16871e-06
489316 1.16696e-06
232330 1.16584e-06
744834 1.16237e-06
1158338 1.16071e-06
512619 1.15907e-06
1454689 1.15865e-06
1088480 1.15309e-06
796874 1.14815e-06
1650758 1.14173e-06
68760 1.13646e-06
1135643 1.1352e-06
1605066 1.12783e-06
719062 1.125e-06
603266 1.12451e-06
455641 1.12306e-06
660711 1.11819e-06
1056058 1.11515e-06
1071621 1.1132e-06
254657 1.11296e-06
1430585 1.11187e-06
826841 1.10735e-06
1187655 1.10682e-06
762834 1.10271e-06
441591 1.10183e-06
337821 1.1013e-06
1403453 1.10028e-06
1500667 1.09396e-06
1096313 1.09185e-06
379510 1.09081e-06
1335471 1.08927e-06
894154 1.08809e-06
747623 1.08247e-06
1451363 1.08242e-06
488415 1.08216e-06
130982 1.08166e-06
647285 1.07532e-06
492677 1.07393e-06
464333 1.07171e-06
1758639 1.07163e-06
422318 1.0707e-06
742284 1.06248e-06
1138392 1.05999e-06
1249760 1.05933e-06
1390241 1.05471e-06
1485879 1.05413e-06
1743581 1.0452e-06
231280 1.04357e-06
55447 1.0423e-06
746016 1.04187e-06
757896 1.0404e-06
1607526 1.03902e-06
1313162 1.03727e-06
67205 1.0352e-06
243950 1.03281e-06
578691 1.03103e-06
903521 1.03035e-06
919464 1.02702e-06
1439393 1.02598e-06
846435 1.02577e-06
1406424 1.02558e-06
737699 1.02542e-06
1272934 1.02501e-06
1474153 1.02278e-06
1730323 1.02118e-06
884345 1.02061e-06
1500470 1.02016e-06
1675240 1.01225e-06
1641066 1.00931e-06
1752412 1.00574e-06
84322 1.00528e-06
1368475 1.00497e-06
391417 1.00484e-06
1229254 1.00279e-06
71401 1.00239e-06
431032 1.00124e-06
167633 1.00097e-06
947613 9.99616e-07
961941 9.97809e-07
743070 9.96574e-07
293064 9.9118e-07
1455122 9.90762e-07
796168 9.87232e-07
1335827 9.85926e-07
642356 9.8537e-07
572744 9.82677e-07
1527693 9.82674e-07
1023283 9.81462e-07
375240 9.7778e-07
838761 9.67955e-07
1518819 9.67553e-07
1516369 9.64991e-07
51377 9.59227e-07
215724 9.47687e-07
64559 9.47072e-07
374493 9.45195e-07
193502 9.42604e-07
1249291 9.42592e-07
500781 9.4239e-07
723674 9.39243e-07
391029 9.39164e-07
73017 9.37206e-07
764806 9.31537e-07
431299 9.29605e-07
124510 9.27809e-07
1773461 9.26697e-07
1647579 9.24584e-07
260416 9.19047e-07
769867 9.16224e-07
356944 9.15072e-07
799057 9.13565e-07
1645689 9.13373e-07
67735 9.10423e-07
883814 9.0894e-07
827285 9.08674e-07
1082504 9.0585e-07
425370 9.03568e-07
98162 8.99314e-07
1363766 8.97819e-07
1196613 8.97035e-07
848267 8.93693e-07
1196959 8.9206e-07
618381 8.89404e-07
1457780 8.87545e-07
112017 8.87399e-07
839690 8.86999e-07
1330605 8.85679e-07
277408 8.83359e-07
777253 8.78229e-07
1073358 8.76496e-07
1435466 8.74692e-07
1500652 8.72774e-07
867592 8.71959e-07
544919 8.64903e-07
445376 8.60872e-07
851385 8.60787e-07
1128906 8.60671e-07
891107 8.59675e-07
54558 8.58412e-07
642582 8.54001e-07
1416374 8.52789e-07
1697448 8.47279e-07
1023592 8.47146e-07
1671311 8.45447e-07
56566 8.45338e-07
341307 8.42176e-07
1758560 8.41291e-07
811407 8.40815e-07
466917 8.39369e-07
1354005 8.35858e-07
1650822 8.34244e-07
489420 8.32326e-07
586930 8.31677e-07
1239418 8.30225e-07
970571 8.29186e-07
63182 8.25982e-07
762551 8.22411e-07
825690 8.15961e-07
519115 8.15619e-07
1463186 8.14316e-07
1057914 8.10103e-07
1492476 8.10043e-07
375235 8.08928e-07
35029 8.08229e-07
15885 8.06502e-07
1068149 8.05277e-07
1498983 8.03787e-07
1525923 7.99544e-07
78476 7.93443e-07
769933 7.92e-07
1407632 7.91443e-07
974593 7.90228e-07
787167 7.88303e-07
15242 7.86828e-07
1644402 7.86451e-07
626900 7.86012e-07
195908 7.84846e-07
187111 7.82645e-07
349742 7.80848e-07
828790 7.79711e-07
1153119 7.79147e-07
216392 7.78406e-07
1044312 7.76947e-07
893177 7.7578e-07
748024 7.75615e-07
136502 7.70932e-07
1271375 7.70384e-07
423275 7.67526e-07
1253624 7.66498e-07
459910 7.6531e-07
1610613 7.63468e-07
267075 7.62147e-07
247449 7.57096e-07
451925 7.56758e-07
247241 7.53498e-07
929260 7.5303e-07
90816 7.52639e-07
1531473 7.52e-07
1347382 7.46821e-07
1400997 7.44814e-07
710043 7.44088e-07
1374430 7.43382e-07
571993 7.42485e-07
656881 7.4127e-07
494932 7.37711e-07
812328 7.33639e-07
1416988 7.31922e-07
48109 7.31373e-07
1236703 7.28091e-07
176564 7.26759e-07
1629642 7.24785e-07
771698 7.21817e-07
1651976 7.19014e-07
1475821 7.12572e-07
844904 7.11887e-07
820006 7.11631e-07
1377961 7.02804e-07
834350 7.00921e-07
709991 6.98898e-07
890241 6.97703e-07
5925 6.96468e-07
278589 6.95781e-07
750524 6.9463e-07
762436 6.94628e-07
77821 6.9035e-07
489355 6.87233e-07
865969 6.86669e-07
1403799 6.82349e-07
1636588 6.78558e-07
903075 6.7818e-07
233265 6.76663e-07
1180123 6.72846e-07
1074443 6.72117e-07
1361122 6.70341e-07
1545674 6.6472e-07
47726 6.63994e-07
924899 6.62793e-07
1400221 6.6275e-07
848710 6.62175e-07
832662 6.60959e-07
497589 6.59258e-07
1723333 6.59053e-07
1540913 6.51987e-07
453508 6.51226e-07
1310707 6.50737e-07
799738 6.50721e-07
867683 6.49334e-07
1249943 6.46343e-07
65621 6.44467e-07
438791 6.43318e-07
452476 6.42818e-07
242325 6.38253e-07
820685 6.38212e-07
455555 6.37921e-07
970801 6.37665e-07
28157 6.36821e-07
492236 6.36285e-07
549755 6.3431e-07
1376493 6.33914e-07
847148 6.3368e-07
283152 6.33643e-07
247992 6.31356e-07
244528 6.30518e-07
1462742 6.2758e-07
632400 6.27229e-07
1614880 6.25281e-07
246544 6.22137e-07
912766 6.20718e-07
51666 6.19633e-07
1566799 6.18953e-07
1487818 6.14439e-07
446048 6.14241e-07
635446 6.13421e-07
1415452 6.12037e-07
1720177 6.11351e-07
106598 6.11095e-07
71516 6.10727e-07
1069119 6.08694e-07
1022840 6.07986e-07
48513 6.06046e-07
486324 6.0293e-07
12967 6.0201e-07
764342 6.01974e-07
912467 6.01105e-07
915488 5.97141e-07
279275 5.95646e-07
249867 5.95126e-07
338006 5.94891e-07
506839 5.94222e-07
1547165 5.93343e-07
1353265 5.92339e-07
1089661 5.91171e-07
251868 5.89687e-07
1769199 5.89172e-07
891548 5.88848e-07
1351587 5.88745e-07
1422995 5.85711e-07
859102 5.83093e-07
1785505 5.78967e-07
181476 5.7853e-07
1180801 5.78026e-07
133523 5.77316e-07
1364709 5.76679e-07
1179940 5.75914e-07
197907 5.75505e-07
85546 5.75158e-07
7027 5.73263e-07
63923 5.71454e-07
1659254 5.71289e-07
182574 5.70478e-07
749770 5.68277e-07
818343 5.655e-07
820703 5.65482e-07
787217 5.64584e-07
598001 5.64368e-07
559141 5.62864e-07
860338 5.62644e-07
706921 5.61782e-07
709414 5.61095e-07
939464 5.60964e-07
1579603 5.59087e-07
1771786 5.58888e-07
1240957 5.57925e-07
200175 5.56886e-07
721926 5.55612e-07
641036 5.5461e-07
280954 5.5049e-07
816790 5.5003e-07
493662 5.44995e-07
431160 5.42694e-07
867554 5.42286e-07
254442 5.42221e-07
597724 5.40844e-07
435229 5.3877e-07
1632535 5.37855e-07
1150426 5.378e-07
482124 5.35248e-07
704859 5.33927e-07
7320 5.33856e-07
111932 5.31364e-07
951252 5.29574e-07
1675120 5.29416e-07
558148 5.28201e-07
489560 5.26869e-07
619607 5.25235e-07
40370 5.24513e-07
1022399 5.24425e-07
18309 5.20965e-07
955695 5.20804e-07
823587 5.16953e-07
608545 5.16868e-07
1296986 5.16479e-07
219448 5.11599e-07
1361571 5.1077e-07
634020 5.10731e-07
812133 5.10613e-07
1348208 5.08485e-07
1301841 5.08263e-07
368083 5.08187e-07
919662 5.07598e-07
1006552 5.07323e-07
1429517 5.04854e-07
412390 5.04706e-07
1385633 5.02993e-07
444315 5.02687e-07
408202 5.01699e-07
185615 4.99459e-07
1487164 4.98063e-07
184720 4.97558e-07
1379054 4.96708e-07
768411 4.93903e-07
765395 4.93534e-07
737204 4.93332e-07
1004098 4.88914e-07
994942 4.88559e-07
1166572 4.85681e-07
1486053 4.85493e-07
390584 4.83989e-07
1507933 4.82616e-07
491563 4.8077e-07
1725716 4.79614e-07
29622 4.76714e-07
978916 4.75306e-07
432708 4.75301e-07
51401 4.73957e-07
55199 4.73404e-07
1353308 4.72499e-07
556068 4.72412e-07
1541306 4.70183e-07
894655 4.68563e-07
833762 4.68181e-07
1774625 4.67995e-07
1393930 4.66275e-07
1512437 4.65106e-07
687844 4.61662e-07
54560 4.60107e-07
541193 4.58236e-07
39598 4.5482e-07
107131 4.51494e-07
337458 4.47687e-07
1060141 4.47505e-07
11020 4.46974e-07
21148 4.46687e-07
727778 4.45408e-07
1308217 4.44565e-07
1221519 4.44364e-07
1261879 4.4414e-07
1285778 4.42662e-07
982437 4.41961e-07
432699 4.41174e-07
1258432 4.40653e-07
522400 4.40289e-07
857592 4.39714e-07
813233 4.39586e-07
1155073 4.39057e-07
795952 4.36854e-07
832959 4.36197e-07
1160766 4.35211e-07
797247 4.35178e-07
1351500 4.34029e-07
1269023 4.33782e-07
1493720 4.32463e-07
1433729 4.30467e-07
1117828 4.26394e-07
1531234 4.26124e-07
1475885 4.25441e-07
660368 4.24946e-07
1365673 4.22763e-07
349600 4.21727e-07
587691 4.21525e-07
902402 4.16404e-07
215963 4.14556e-07
824419 4.13285e-07
56150 4.11807e-07
210663 4.10757e-07
187744 4.10302e-07
1156332 4.09747e-07
375536 4.08403e-07
1276192 4.06948e-07
846915 4.06019e-07
919894 4.05672e-07
1070114 4.04965e-07
545664 4.04727e-07
737819 4.04388e-07
449653 4.03309e-07
1755821 4.02541e-07
1222889 4.00899e-07
1590679 4.00039e-07
605705 3.99616e-07
51312 3.99543e-07
61950 3.98614e-07
1172471 3.98279e-07
460677 3.9818e-07
1519239 3.9625e-07
91659 3.95301e-07
275311 3.94074e-07
475791 3.91605e-07
1784835 3.91016e-07
1214655 3.90816e-07
253508 3.90324e-07
336157 3.90301e-07
539109 3.88514e-07
894060 3.87939e-07
643569 3.8689e-07
918072 3.86683e-07
1471823 3.8424e-07
1514662 3.83974e-07
1715036 3.83417e-07
1635058 3.82655e-07
498327 3.82184e-07
891117 3.80992e-07
534438 3.80183e-07
913336 3.80126e-07
699720 3.79637e-07
1440054 3.78659e-07
704917 3.77807e-07
578274 3.77612e-07
1346110 3.77456e-07
262003 3.76102e-07
1716190 3.7364e-07
7206 3.73045e-07
799925 3.72699e-07
1634776 3.72077e-07
1009534 3.70905e-07
1217520 3.70504e-07
364078 3.69613e-07
1650976 3.68751e-07
1395033 3.65634e-07
1550962 3.65546e-07
97851 3.62297e-07
1455504 3.61742e-07
1363360 3.61432e-07
1769485 3.60189e-07
814718 3.59656e-07
735182 3.5807e-07
787269 3.56055e-07
1774629 3.55581e-07
1043975 3.54734e-07
625540 3.53036e-07
1412668 3.5244e-07
999792 3.52298e-07
498172 3.51525e-07
382763 3.51304e-07
68403 3.47363e-07
238317 3.47036e-07
1092328 3.46911e-07
537694 3.45211e-07
507333 3.42743e-07
198594 3.426e-07
1724306 3.4059e-07
1209439 3.40297e-07
410411 3.39839e-07
96447 3.39733e-07
50210 3.39252e-07
491891 3.38305e-07
50124 3.36571e-07
1724097 3.36305e-07
1525332 3.35458e-07
298143 3.34577e-07
1481140 3.33929e-07
1592968 3.32241e-07
918665 3.31828e-07
940284 3.31611e-07
1016168 3.31228e-07
393492 3.29204e-07
859268 3.29051e-07
1012800 3.28261e-07
978893 3.27792e-07
927073 3.27495e-07
928831 3.26975e-07
915901 3.26259e-07
41133 3.25319e-07
854075 3.24968e-07
1038005 3.23655e-07
1727479 3.2323e-07
1299748 3.22366e-07
478784 3.22337e-07
1044911 3.21359e-07
501460 3.21189e-07
280894 3.20852e-07
798989 3.19784e-07
1440208 3.15079e-07
1436214 3.14681e-07
306997 3.14366e-07
1220857 3.14233e-07
1663970 3.13665e-07
763049 3.12535e-07
98243 3.12447e-07
487115 3.11172e-07
1746763 3.10639e-07
324229 3.10236e-07
699537 3.09744e-07
453539 3.09131e-07
940926 3.08655e-07
13045 3.08654e-07
580185 3.08226e-07
1082629 3.07616e-07
1676580 3.07612e-07
478131 3.0692e-07
1536919 3.04208e-07
332234 3.04161e-07
1197998 3.0373e-07
1149226 3.03148e-07
1132907 3.02374e-07
771705 3.01878e-07
1271429 3.0138e-07
393801 3.01049e-07
1043602 3.00889e-07
6356 2.97662e-07
125534 2.9587e-07
1213097 2.95721e-07
234265 2.95536e-07
1013838 2.93523e-07
298585 2.91919e-07
152360 2.91041e-07
168370 2.90886e-07
551843 2.90276e-07
306594 2.90072e-07
867657 2.89382e-07
873513 2.88137e-07
843252 2.88025e-07
208748 2.87501e-07
534037 2.87041e-07
1185553 2.86154e-07
48013 2.8473e-07
1054087 2.84533e-07
1184130 2.83823e-07
1053462 2.83625e-07
469554 2.83387e-07
240224 2.79269e-07
354193 2.7724e-07
475335 2.7613e-07
1713015 2.74315e-07
527494 2.7357e-07
1131454 2.73257e-07
1175561 2.73238e-07
1073466 2.72239e-07
1575500 2.72172e-07
1230515 2.72106e-07
454766 2.72068e-07
371401 2.71822e-07
1351387 2.71107e-07
417555 2.69795e-07
507005 2.68564e-07
1324131 2.65142e-07
671867 2.65018e-07
1551599 2.64632e-07
458133 2.64322e-07
826655 2.63164e-07
771611 2.62884e-07
434837 2.62146e-07
843897 2.60359e-07
1760399 2.59895e-07
1660130 2.59725e-07
285961 2.57794e-07
1197509 2.57777e-07
1584382 2.57365e-07
806060 2.57306e-07
65819 2.55363e-07
530226 2.53973e-07
1652405 2.53743e-07
1193085 2.53316e-07
1661443 2.52074e-07
421863 2.52029e-07
947654 2.51e-07
46487 2.50754e-07
181895 2.50099e-07
90787 2.49544e-07
440214 2.47323e-07
1759503 2.46996e-07
908575 2.44823e-07
1441417 2.44116e-07
653568 2.43065e-07
489171 2.42214e-07
1303877 2.41766e-07
1684631 2.40766e-07
333762 2.38062e-07
810633 2.37558e-07
1235244 2.36781e-07
773025 2.36626e-07
1727242 2.35373e-07
1159293 2.35364e-07
157731 2.34261e-07
1613318 2.33841e-07
9548 2.3369e-07
312786 2.33189e-07
1490967 2.33042e-07
132309 2.32211e-07
521870 2.31761e-07
1386011 2.31128e-07
1398394 2.30987e-07
511894 2.30115e-07
301940 2.279e-07
790044 2.27499e-07
788244 2.27408e-07
962211 2.26598e-07
1267128 2.26587e-07
813023 2.25509e-07
1315494 2.24623e-07
34249 2.24429e-07
62442 2.21928e-07
1469877 2.21911e-07
19756 2.2171e-07
857554 2.20947e-07
1361977 2.2091e-07
225057 2.20462e-07
57123 2.20133e-07
341575 2.20111e-07
1126797 2.18471e-07
1270767 2.18364e-07
876019 2.17225e-07
454150 2.16954e-07
1055881 2.16866e-07
610060 2.16002e-07
479523 2.15268e-07
878951 2.14613e-07
641416 2.14465e-07
1641137 2.14208e-07
893506 2.12646e-07
16350 2.1262e-07
691607 2.12392e-07
817385 2.1172e-07
1005444 2.11185e-07
932825 2.10464e-07
864242 2.10112e-07
1194218 2.09482e-07
1442820 2.094e-07
21893 2.06476e-07
1090107 2.06141e-07
1722008 2.05934e-07
463143 2.05809e-07
1057872 2.04931e-07
1029882 2.04757e-07
1355934 2.03902e-07
815442 2.03673e-07
1306378 2.02774e-07
489217 2.02764e-07
23073 2.0214e-07
634485 2.00119e-07
1330907 2.00087e-07
1524520 1.99094e-07
1510800 1.97852e-07
224442 1.97485e-07
1567461 1.95656e-07
826400 1.95606e-07
491265 1.95212e-07
1500856 1.94126e-07
945365 1.93955e-07
244842 1.93863e-07
1769874 1.92881e-07
4960 1.92549e-07
1400534 1.91609e-07
7500 1.91064e-07
617682 1.90176e-07
901459 1.8942e-07
1043390 1.87566e-07
1584539 1.87292e-07
547803 1.86935e-07
435138 1.85999e-07
1101135 1.85941e-07
834083 1.84215e-07
867767 1.84071e-07
1500956 1.84011e-07
923850 1.83826e-07
1285606 1.82745e-07
1437376 1.81995e-07
21256 1.81806e-07
213181 1.80579e-07
1465634 1.80462e-07
455405 1.80403e-07
18704 1.78608e-07
17797 1.77423e-07
223690 1.76358e-07
1337914 1.76019e-07
55236 1.75936e-07
1191989 1.73581e-07
705422 1.73246e-07
90896 1.73161e-07
242519 1.72096e-07
822141 1.71977e-07
478464 1.70881e-07
1278135 1.69739e-07
1485075 1.69565e-07
1128598 1.68806e-07
1637657 1.68647e-07
1193995 1.68032e-07
396729 1.68021e-07
1032013 1.67764e-07
586829 1.67217e-07
340461 1.66744e-07
704894 1.66162e-07
155509 1.65297e-07
1110049 1.64666e-07
284423 1.63987e-07
1564847 1.63715e-07
282559 1.63205e-07
1330849 1.62282e-07
464724 1.61979e-07
1636709 1.61885e-07
422227 1.61595e-07
1720630 1.60548e-07
982390 1.59665e-07
901218 1.59533e-07
1771767 1.59076e-07
270705 1.59046e-07
922779 1.58649e-07
189112 1.58502e-07
1252380 1.58345e-07
468733 1.58155e-07
1597409 1.57176e-07
1628407 1.56637e-07
1020769 1.56003e-07
176631 1.5541e-07
860709 1.54541e-07
1481471 1.53682e-07
398415 1.53583e-07
598765 1.5348e-07
935323 1.53381e-07
800728 1.5327e-07
1729786 1.53198e-07
500527 1.51695e-07
1050218 1.51628e-07
220985 1.51495e-07
1547352 1.51393e-07
445821 1.50863e-07
341223 1.50826e-07
1473032 1.49592e-07
421515 1.495e-07
90291 1.49034e-07
113861 1.49001e-07
560576 1.48077e-07
1754097 1.47665e-07
762104 1.47542e-07
286301 1.47084e-07
453051 1.46444e-07
631883 1.45934e-07
1708221 1.45602e-07
1535522 1.45355e-07
14972 1.45275e-07
1275641 1.44745e-07
324157 1.43735e-07
1279622 1.42545e-07
1632131 1.42219e-07
395120 1.42193e-07
23049 1.42011e-07
1299854 1.41978e-07
1538775 1.41952e-07
797616 1.41248e-07
1390512 1.40803e-07
419197 1.40071e-07
1320198 1.39892e-07
1711826 1.39802e-07
644359 1.39455e-07
9596 1.39054e-07
232277 1.3882e-07
395032 1.3843e-07
1294495 1.38356e-07
866080 1.37803e-07
1704921 1.36651e-07
444262 1.34997e-07
918884 1.33738e-07
273869 1.33364e-07
304199 1.32534e-07
862882 1.32466e-07
1484847 1.32051e-07
253601 1.31964e-07
492428 1.30735e-07
156547 1.30281e-07
898666 1.29372e-07
1490052 1.29233e-07
799082 1.28661e-07
674006 1.28486e-07
1466655 1.26573e-07
1564589 1.25969e-07
283204 1.25264e-07
1566316 1.25071e-07
29364 1.24854e-07
636767 1.24151e-07
929068 1.2384e-07
865527 1.23462e-07
1442623 1.22687e-07
1728278 1.22654e-07
628804 1.21793e-07
859982 1.21555e-07
38216 1.21459e-07
894374 1.2131e-07
466726 1.21169e-07
1022646 1.20809e-07
528434 1.20785e-07
686550 1.19648e-07
1515682 1.16668e-07
900488 1.16592e-07
909538 1.16039e-07
183687 1.15694e-07
1668313 1.15426e-07
832370 1.1532e-07
675355 1.14787e-07
504523 1.14726e-07
917188 1.13958e-07
613340 1.13691e-07
102073 1.13395e-07
273662 1.13306e-07
824149 1.12671e-07
161846 1.12607e-07
864905 1.12513e-07
1450174 1.12153e-07
1525374 1.11937e-07
912616 1.11638e-07
12320 1.10917e-07
241716 1.10913e-07
105454 1.10672e-07
1362450 1.10259e-07
959599 1.10021e-07
1287374 1.09887e-07
470656 1.09855e-07
1137424 1.09783e-07
11838 1.09107e-07
458390 1.08419e-07
223814 1.08316e-07
110816 1.08128e-07
1494011 1.08002e-07
1781748 1.07701e-07
1566542 1.07634e-07
1477833 1.06181e-07
331146 1.06011e-07
1447944 1.05883e-07
1052164 1.05325e-07
1563416 1.05039e-07
1755794 1.04809e-07
1068126 1.04101e-07
68434 1.04041e-07
1714925 1.03454e-07
349156 1.02599e-07
1278481 1.01851e-07
1064151 1.01632e-07
1609980 1.01146e-07
1665625 1.01089e-07
1166585 1.00746e-07
598335 1.00655e-07
9442 1.00579e-07
1771485 1.00272e-07
907997 9.92325e-08
1113439 9.89674e-08
21088 9.85661e-08
438203 9.8552e-08
1406021 9.82334e-08
1438155 9.79117e-08
902098 9.73685e-08
1486988 9.66931e-08
340438 9.63782e-08
288694 9.60284e-08
1030689 9.55636e-08
1369984 9.54253e-08
320170 9.53708e-08
1163231 9.51758e-08
1116353 9.47424e-08
316987 9.41221e-08
1635393 9.40558e-08
237887 9.37744e-08
37047 9.33699e-08
95316 9.33631e-08
1458128 9.33406e-08
340362 9.29767e-08
304762 9.28436e-08
934974 9.28186e-08
1522319 9.24609e-08
1784462 9.19535e-08
1432058 9.18387e-08
1252832 9.18088e-08
249617 9.17991e-08
464593 9.17885e-08
619480 9.17364e-08
1290155 9.1514e-08
567282 9.07531e-08
1149709 9.06763e-08
1503451 9.05827e-08
60420 9.01667e-08
428879 9.00299e-08
333498 8.87766e-08
607710 8.87754e-08
68992 8.80007e-08
90627 8.77174e-08
1067859 8.72657e-08
1175936 8.72294e-08
1556533 8.6101e-08
935893 8.60014e-08
1421834 8.59753e-08
1684705 8.5409e-08
893770 8.5053e-08
124228 8.49857e-08
87775 8.46157e-08
1066593 8.41e-08
484093 8.35938e-08
360999 8.31707e-08
524019 8.2989e-08
486290 8.22231e-08
1673986 8.20442e-08
518062 8.20219e-08
199574 8.15616e-08
96513 8.13138e-08
1428008 8.12655e-08
768036 8.07172e-08
40131 8.02987e-08
1346829 7.97844e-08
658455 7.9388e-08
556938 7.93334e-08
1465926 7.81672e-08
345831 7.79438e-08
214397 7.77563e-08
79493 7.77496e-08
1086836 7.77114e-08
1786504 7.76647e-08
45451 7.75274e-08
883659 7.72329e-08
844108 7.7204e-08
1076152 7.64709e-08
55671 7.57185e-08
1482062 7.56416e-08
1514867 7.52573e-08
1025301 7.48438e-08
608659 7.43591e-08
71048 7.42154e-08
1318316 7.4163e-08
455117 7.41352e-08
1160600 7.38815e-08
17331 7.3723e-08
1573397 7.33926e-08
680890 7.33837e-08
1644051 7.27723e-08
496067 7.23671e-08
979113 7.22552e-08
835279 7.17353e-08
1057246 7.13659e-08
236995 7.13243e-08
538628 7.10653e-08
960692 7.05258e-08
1177263 7.03317e-08
872441 7.02298e-08
797874 6.95708e-08
1721384 6.95699e-08
715614 6.90657e-08
51442 6.8857e-08
1379330 6.87746e-08
836446 6.8667e-08
949402 6.84813e-08
684309 6.79098e-08
981636 6.76326e-08
1344176 6.71159e-08
1513657 6.67975e-08
441015 6.66543e-08
1134005 6.61046e-08
1209174 6.5992e-08
326838 6.56055e-08
881242 6.54964e-08
694243 6.5346e-08
8033 6.47115e-08
869317 6.45805e-08
1158462 6.37788e-08
1380093 6.36585e-08
8592 6.36519e-08
1038257 6.36117e-08
1752972 6.34809e-08
126824 6.32232e-08
1528850 6.32054e-08
836866 6.3191e-08
517063 6.30174e-08
71827 6.29853e-08
1150477 6.24913e-08
1628344 6.22461e-08
221410 6.20192e-08
160292 6.14379e-08
1225950 6.11884e-08
39464 6.11528e-08
812483 6.10135e-08
213564 6.10117e-08
474879 6.09759e-08
1075405 6.04442e-08
231784 6.03714e-08
700182 6.02384e-08
1321232 6.01225e-08
161049 6.00365e-08
423858 5.89047e-08
48842 5.84858e-08
1117107 5.80413e-08
1435816 5.78724e-08
841467 5.73676e-08
332930 5.68071e-08
1511642 5.67425e-08
227564 5.62483e-08
1196369 5.5641e-08
926756 5.53183e-08
1250921 5.5291e-08
597429 5.52768e-08
726437 5.51268e-08
1247859 5.50284e-08
884387 5.49953e-08
1178715 5.47545e-08
750558 5.45039e-08
74164 5.44762e-08
805804 5.30277e-08
833539 5.26855e-08
454038 5.2348e-08
1463963 5.20582e-08
1054402 5.19407e-08
579989 5.1783e-08
916370 5.17307e-08
715079 5.12291e-08
273277 5.109e-08
614019 5.09691e-08
14578 5.03366e-08
441110 5.01686e-08
888613 4.98113e-08
742070 4.93355e-08
1525826 4.9099e-08
1606425 4.89666e-08
217164 4.86805e-08
566877 4.86148e-08
1712658 4.85921e-08
745116 4.82805e-08
430635 4.82148e-08
460872 4.79174e-08
1132938 4.79041e-08
920868 4.76147e-08
1517400 4.74652e-08
1342509 4.71996e-08
1233470 4.71474e-08
504674 4.69699e-08
747 4.67023e-08
1561365 4.58674e-08
1403672 4.57724e-08
1014957 4.54475e-08
217433 4.50649e-08
1485974 4.47927e-08
913072 4.47251e-08
217309 4.47103e-08
1524939 4.46427e-08
511539 4.42274e-08
450493 4.40528e-08
1358978 4.38489e-08
1143946 4.35258e-08
249026 4.34053e-08
1254247 4.33607e-08
1718181 4.2898e-08
1184256 4.26861e-08
903374 4.2612e-08
1106961 4.26018e-08
1013165 4.23945e-08
1101763 4.19926e-08
864053 4.17909e-08
990722 4.14312e-08
1593459 4.11174e-08
1060156 4.07522e-08
1662229 4.05088e-08
1420879 4.04633e-08
1726935 4.01538e-08
824527 4.0075e-08
252710 4.00123e-08
1215614 3.94875e-08
126094 3.9425e-08
448195 3.93946e-08
174036 3.9241e-08
1271622 3.9214e-08
1347853 3.91945e-08
38421 3.82341e-08
1014767 3.81241e-08
1066402 3.79128e-08
554149 3.77811e-08
924439 3.7745e-08
1257627 3.76717e-08
784980 3.72837e-08
254294 3.68202e-08
1593494 3.67976e-08
740669 3.62429e-08
1535903 3.61713e-08
200837 3.58618e-08
1537609 3.57545e-08
1306261 3.5608e-08
1262395 3.55321e-08
856391 3.54149e-08
1259135 3.47432e-08
1771792 3.46383e-08
579718 3.44846e-08
459206 3.41232e-08
1243720 3.37174e-08
39216 3.36192e-08
30099 3.34023e-08
108374 3.32789e-08
1478373 3.29537e-08
1007947 3.28748e-08
488261 3.27254e-08
1659862 3.2658e-08
48079 3.26106e-08
553486 3.2489e-08
1490458 3.22497e-08
875696 3.20402e-08
1411399 3.20357e-08
1163575 3.1637e-08
1084308 3.12355e-08
78046 3.11369e-08
857993 3.09929e-08
1229696 3.06308e-08
11176 3.00764e-08
848366 2.99576e-08
1105697 2.96324e-08
1236250 2.93727e-08
399645 2.91057e-08
1487565 2.9087e-08
12822 2.90605e-08
831136 2.88669e-08
638431 2.87913e-08
602773 2.87619e-08
1493283 2.82878e-08
47864 2.81133e-08
1743163 2.76843e-08
876168 2.74922e-08
238303 2.74491e-08
308798 2.73242e-08
1614909 2.70321e-08
270945 2.67179e-08
1366537 2.67176e-08
460627 2.67052e-08
497557 2.621e-08
33457 2.61289e-08
1467575 2.58139e-08
526032 2.54748e-08
1203172 2.51756e-08
233748 2.48064e-08
1032953 2.45803e-08
1074549 2.4489e-08
12067 2.42952e-08
1537003 2.38519e-08
39242 2.38148e-08
14387 2.37373e-08
491610 2.36349e-08
862791 2.36262e-08
431124 2.35121e-08
1485015 2.34649e-08
80567 2.31692e-08
865872 2.3156e-08
1639640 2.25758e-08
963757 2.25715e-08
1496761 2.24276e-08
398813 2.21107e-08
1539061 2.18571e-08
165080 2.16473e-08
33069 2.09788e-08
1247959 2.05564e-08
867923 2.05521e-08
49860 2.04594e-08
846257 2.03932e-08
1483260 2.0245e-08
674706 2.0074e-08
23109 1.98594e-08
73221 1.96248e-08
821804 1.95368e-08
386887 1.93304e-08
157252 1.93292e-08
344067 1.92454e-08
970946 1.90714e-08
1648743 1.89968e-08
1142420 1.88221e-08
901562 1.87895e-08
1482044 1.87634e-08
1009409 1.86925e-08
231485 1.85347e-08
506524 1.84446e-08
841113 1.8219e-08
214049 1.82009e-08
456196 1.8061e-08
1050703 1.80519e-08
1369386 1.80423e-08
845600 1.80325e-08
1356777 1.79171e-08
831019 1.78955e-08
1485250 1.77283e-08
933738 1.73096e-08
870295 1.72141e-08
1341711 1.66927e-08
60808 1.62841e-08
1034893 1.62824e-08
24168 1.58473e-08
401441 1.53499e-08
996473 1.53348e-08
1020836 1.51989e-08
8806 1.5143e-08
577291 1.50072e-08
1689552 1.49545e-08
1253147 1.49183e-08
793717 1.49172e-08
1493599 1.48716e-08
789848 1.4731e-08
1676698 1.4721e-08
811294 1.46354e-08
537159 1.45267e-08
1364055 1.43286e-08
238446 1.37693e-08
500587 1.37203e-08
840393 1.36545e-08
309457 1.3653e-08
112786 1.36105e-08
1263279 1.35957e-08
488706 1.35225e-08
1471449 1.35167e-08
883971 1.34418e-08
1757741 1.27987e-08
1505350 1.2745e-08
1477921 1.25424e-08
62992 1.22271e-08
927653 1.21659e-08
797099 1.19049e-08
1454020 1.18554e-08
441119 1.16855e-08
286917 1.16626e-08
1236103 1.15683e-08
977653 1.15633e-08
1556109 1.14601e-08
595006 1.13299e-08
1216100 1.06761e-08
1490045 1.05016e-08
88329 1.04862e-08
594913 1.03602e-08
101833 1.03279e-08
299084 1.02084e-08
541742 1.00657e-08
1422098 9.93606e-09
370255 9.90931e-09
510996 9.78245e-09
474470 9.63335e-09
1569278 9.44879e-09
820348 8.90591e-09
1757659 8.83986e-09
1086487 8.72354e-09
1046771 8.42436e-09
1692371 8.41622e-09
1431860 8.31844e-09
1096413 8.13831e-09
167959 8.13423e-09
543440 8.11973e-09
1497829 7.96895e-09
481089 7.66602e-09
1371284 6.92065e-09
349361 6.9025e-09
1049176 6.87015e-09
1458530 6.72348e-09
479858 6.58588e-09
1442760 6.58156e-09
778844 6.37121e-09
474331 6.33874e-09
1558645 6.1595e-09
551216 5.97366e-09
1318999 5.9302e-09
68897 5.73371e-09
86020 5.6922e-09
953219 5.53292e-09
215131 5.45022e-09
951870 5.26599e-09
1538798 4.80063e-09
1067156 4.60953e-09
6807 4.59362e-09
249900 4.06812e-09
1671439 3.5267e-09
1472079 3.52179e-09
411888 3.33795e-09
226253 2.75067e-09
940365 2.59449e-09
581861 2.42722e-09
1257374 1.22735e-09
249253 1.20472e-09
1560603 0.0
