5925 6.96468e-07
6223 1.21374e-05
8033 6.47115e-08
12822 2.90605e-08
14271 9.5112e-06
15242 7.86828e-07
17127 1.57321e-05
17797 1.77423e-07
22338 8.19666e-05
24697 1.43529e-05
24769 2.23133e-05
27277 5.04476e-06
27347 2.13532e-06
28157 6.36821e-07
28339 1.21422e-05
37716 5.70957e-06
38801 5.72236e-06
48109 7.31373e-07
49860 2.04594e-08
52565 2.08532e-05
53278 4.03569e-05
56150 4.11807e-07
59735 0.000400763
61115 4.28212e-06
63923 5.71454e-07
65819 2.55363e-07
68897 5.73371e-09
70076 0.000161039
71362 7.99188e-06
72252 0.000110409
74164 5.44762e-08
76723 4.90647e-06
85241 1.18719e-06
87061 1.86252e-05
87473 4.13029e-05
89832 4.12642e-05
90816 7.52639e-07
94940 0.000163984
97567 9.2627e-06
98162 8.99314e-07
99906 9.35829e-06
109870 0.000120713
109934 6.7632e-06
118472 1.62057e-06
124510 9.27809e-07
125202 0.000229936
131331 3.77855e-06
132745 1.4141e-06
134359 1.63902e-06
144790 3.61127e-06
146873 4.56604e-05
149841 7.69894e-05
150981 7.13803e-05
151021 2.34921e-05
151163 1.07165e-05
151167 4.1196e-05
153809 1.95837e-06
157726 9.41273e-06
160562 2.26917e-06
163360 7.90833e-06
167633 1.00097e-06
171738 2.9636e-05
175126 4.7516e-06
176631 1.5541e-07
182974 6.19923e-06
195908 7.84846e-07
197907 5.75505e-07
198701 1.18763e-05
205594 1.29823e-05
210663 4.10757e-07
214397 7.77563e-08
215131 5.45022e-09
217456 1.7392e-05
218165 2.31613e-05
218947 2.77092e-06
224700 1.17511e-05
235496 4.50352e-05
236012 4.97024e-06
236577 2.40205e-05
236641 1.17934e-05
237887 9.37628e-08
242198 2.5179e-05
245486 2.73499e-05
247241 7.53498e-07
251197 9.48538e-05
252710 4.00123e-08
255558 4.44206e-05
267420 4.35043e-05
267995 2.85817e-05
269863 2.18778e-05
271296 2.40663e-06
272760 8.16306e-06
273706 3.24694e-05
274058 5.52867e-05
280810 2.14182e-06
281134 9.21729e-05
288118 4.03994e-05
290051 9.78505e-05
291101 3.50726e-05
292178 8.39207e-06
292745 4.93562e-06
307778 1.31218e-05
320675 2.32677e-06
323652 2.67633e-06
327890 8.49061e-06
333762 2.38062e-07
349828 5.84464e-06
351238 1.11955e-05
355415 6.26061e-05
374236 2.90516e-05
382979 1.68011e-05
386466 9.08027e-06
388422 4.03798e-06
393801 3.01049e-07
401441 1.53499e-08
422179 2.64367e-06
424249 4.3799e-06
425370 9.03568e-07
430698 7.25425e-05
430867 1.81418e-06
431234 0.000139212
431483 2.43243e-06
434948 1.75417e-05
442235 5.41921e-06
444425 7.47002e-06
444505 4.26211e-05
452864 2.27268e-05
453593 0.000244819
455555 6.37921e-07
457392 1.69446e-05
458123 8.35472e-06
459910 7.6531e-07
460627 2.67052e-08
461607 1.48567e-05
476574 2.40895e-05
478784 3.22337e-07
482364 1.3747e-05
485578 2.16308e-05
486324 6.0293e-07
489217 2.02764e-07
489959 6.40112e-05
490627 9.94479e-05
492428 1.30735e-07
492677 1.07393e-06
492834 4.2555e-05
493562 1.81683e-05
497557 2.621e-08
498618 1.04558e-05
499559 5.18244e-06
500781 9.4239e-07
501126 0.00017201
501325 2.62551e-06
502259 1.63588e-05
502659 1.82185e-05
504389 1.79332e-06
507333 3.42743e-07
512139 3.1007e-05
513658 0.000110477
515373 0.000201282
518156 0.000164015
519115 8.15619e-07
527104 1.74615e-05
529016 1.78496e-05
530226 2.53973e-07
532268 5.83444e-05
541742 1.00657e-08
558148 5.28201e-07
559552 9.60565e-06
585917 6.94479e-05
595907 0.000140408
597429 5.52768e-08
598335 1.00655e-07
603266 1.12451e-06
606834 1.79536e-06
613497 2.52394e-06
626170 6.56068e-05
630263 1.77567e-06
634020 5.10731e-07
635032 3.32413e-06
635698 5.04376e-06
639006 2.49353e-05
642356 9.8537e-07
645066 1.0439e-05
646580 1.05822e-05
647349 2.28441e-06
647392 8.85097e-06
658929 1.77217e-06
660680 2.64617e-06
660711 1.11819e-06
662418 9.09361e-06
665772 4.9223e-06
674006 1.28486e-07
685940 2.77766e-05
690305 2.19476e-05
692687 3.48365e-06
693348 1.03852e-05
696373 1.80466e-06
704917 3.77807e-07
708589 2.95712e-05
721361 2.43083e-06
726090 1.06139e-05
727778 4.45408e-07
730737 7.43751e-06
732590 2.07863e-05
734788 4.53656e-06
737869 2.80213e-06
741527 2.41205e-05
742284 1.06248e-06
746617 8.06274e-05
752570 2.85003e-06
754687 4.56664e-05
760855 9.56773e-05
769157 1.37053e-05
776932 4.21443e-05
777897 1.13176e-05
781162 1.68125e-05
781176 3.58915e-05
781219 2.01712e-05
781619 1.2007e-05
782518 2.52405e-05
785379 4.31527e-05
790056 1.98576e-05
793792 0.000109215
796874 1.14815e-06
799057 9.13565e-07
800804 6.89831e-06
803114 1.7796e-05
806060 2.57306e-07
809489 2.23043e-05
810633 2.37558e-07
812483 6.10135e-08
820685 6.38212e-07
821128 4.68161e-05
821804 1.95368e-08
821837 1.47253e-05
822699 5.33035e-05
825690 8.15961e-07
826841 1.10735e-06
827835 4.23166e-05
828790 7.79711e-07
829469 1.52599e-06
831136 2.88669e-08
832370 1.1532e-07
832649 4.86724e-05
832662 6.60959e-07
832959 4.36197e-07
835479 5.12142e-06
837112 7.78217e-06
837409 8.62991e-06
838481 4.37449e-05
845600 1.80325e-08
847997 5.25014e-06
852374 0.000237538
859268 3.29051e-07
865872 2.3156e-08
865969 6.86669e-07
867683 6.49334e-07
867779 1.35959e-05
868068 5.75225e-05
868714 2.01696e-05
872942 2.94872e-05
881242 6.54964e-08
883654 3.80669e-05
884387 5.49953e-08
888613 4.98113e-08
888866 4.73307e-06
889198 2.16913e-05
890929 1.24495e-05
891207 4.61861e-06
892171 8.57111e-05
894060 3.87939e-07
894263 2.2708e-05
894374 1.2131e-07
895614 5.3231e-06
898035 2.46249e-06
899021 8.55507e-05
900308 4.74506e-05
904649 6.54578e-06
907017 5.97403e-06
908086 5.6046e-06
908272 3.51324e-05
909125 9.34237e-05
911715 3.58848e-05
912096 4.80774e-05
912766 6.20718e-07
916370 5.17307e-08
918884 1.33738e-07
924899 6.62793e-07
929068 1.2384e-07
932462 8.33081e-06
935893 8.60014e-08
943905 2.4867e-05
947613 9.99616e-07
953033 2.38043e-06
961941 9.97809e-07
976975 1.12689e-05
984493 1.64242e-05
994088 5.2124e-06
999792 3.52298e-07
1007947 3.28748e-08
1011544 1.904e-06
1013801 2.62838e-05
1020178 3.77888e-05
1025241 2.29434e-05
1027234 2.84544e-05
1028933 3.59068e-05
1032013 1.67764e-07
1032953 2.45803e-08
1037720 6.53708e-06
1039133 1.16103e-05
1043602 3.00889e-07
1049179 1.03046e-05
1050218 1.51628e-07
1064151 1.01632e-07
1066593 8.41e-08
1067992 1.09932e-05
1068482 3.21763e-06
1078073 1.6653e-06
1088480 1.15309e-06
1107942 2.31243e-05
1108452 7.8525e-06
1109617 8.17198e-06
1111192 1.16871e-06
1114074 8.82084e-06
1114565 2.10664e-06
1116832 2.99699e-05
1132907 3.02374e-07
1133809 1.90165e-05
1136385 2.23968e-05
1138177 9.52021e-06
1140283 4.18178e-05
1147915 2.49143e-05
1151962 3.61941e-06
1155073 4.39057e-07
1156332 4.09747e-07
1156685 1.51929e-05
1157919 2.67851e-06
1171608 6.93426e-05
1173007 4.11917e-05
1177066 1.51041e-06
1178997 1.22223e-06
1180647 8.87488e-06
1181438 4.17687e-06
1184256 4.26861e-08
1195705 1.0179e-05
1196613 8.97035e-07
1197918 1.60295e-05
1199361 3.12615e-06
1199801 6.77245e-05
1212547 1.58602e-06
1214842 0.000105419
1214977 1.45544e-05
1217953 3.43948e-06
1225950 6.11884e-08
1236103 1.15683e-08
1239368 9.12379e-05
1246400 3.9538e-06
1246878 4.25085e-05
1247002 3.31971e-06
1257627 3.76717e-08
1264948 4.24549e-05
1266558 4.2405e-06
1269789 1.3424e-05
1279622 1.42545e-07
1279923 7.3308e-06
1281162 3.09289e-06
1285606 1.82745e-07
1285778 4.42662e-07
1294167 8.50079e-06
1303932 1.03498e-05
1308863 2.64868e-06
1310416 3.82891e-05
1310421 0.000157304
1317972 1.48217e-05
1318316 7.4163e-08
1330849 1.62282e-07
1330907 2.00087e-07
1336206 9.50659e-06
1336580 4.3323e-06
1337900 1.90611e-06
1339820 9.50725e-06
1353640 3.29278e-06
1353684 1.26969e-05
1354005 8.35858e-07
1356814 1.96949e-05
1361963 1.8481e-06
1366100 1.85149e-06
1366537 2.67176e-08
1379330 6.87746e-08
1389768 4.36545e-05
1398072 0.00010371
1398773 4.0874e-05
1403453 1.10028e-06
1403836 2.62839e-05
1406021 9.82334e-08
1408316 1.43075e-05
1409807 2.09197e-05
1412668 3.5244e-07
1413223 3.86193e-06
1420879 4.04633e-08
1427398 1.09622e-05
1427838 3.50465e-05
1431428 0.000130146
1436214 3.14681e-07
1440141 1.4803e-05
1442820 2.094e-07
1447944 1.05883e-07
1455504 3.61742e-07
1461723 6.19043e-05
1462330 2.19796e-05
1467071 8.43045e-06
1469877 2.21911e-07
1472476 1.6377e-05
1477833 1.06181e-07
1480835 1.06582e-05
1482062 7.56416e-08
1483169 6.54623e-05
1484548 5.70152e-05
1484878 5.2647e-05
1485250 1.77283e-08
1485640 2.93792e-05
1487480 5.54854e-06
1488052 6.60646e-06
1488394 3.16227e-05
1496543 1.23629e-06
1496897 2.44537e-05
1498740 5.8576e-05
1498888 1.48519e-05
1500956 1.84011e-07
1506790 2.74752e-05
1506795 1.90115e-05
1507933 4.82616e-07
1508985 2.14567e-05
1509526 6.29958e-05
1512437 4.65106e-07
1513490 1.71079e-05
1515852 2.00357e-06
1524520 1.99094e-07
1524840 3.59967e-05
1525374 1.11937e-07
1535155 6.28839e-05
1545515 1.16781e-05
1556109 1.14601e-08
1558645 6.1595e-09
1559324 7.93023e-05
1566477 2.70271e-06
1566542 1.07634e-07
1568566 1.00511e-05
1572013 1.84294e-06
1573477 5.6729e-06
1575759 2.36409e-05
1585567 3.85257e-06
1593588 3.52956e-05
1603779 2.5866e-05
1603883 3.58163e-06
1613437 1.48517e-05
1624356 3.64915e-06
1627758 4.30435e-05
1628407 1.56637e-07
1635058 3.82655e-07
1641137 2.14208e-07
1644402 7.86451e-07
1648426 5.15849e-06
1652405 2.53743e-07
1656921 6.65405e-06
1665625 1.01089e-07
1665973 6.55299e-06
1666908 1.5091e-06
1673437 3.34871e-06
1676698 1.4721e-08
1677263 2.0001e-06
1687908 0.000110941
1700630 7.70911e-06
1703824 2.29773e-05
1710726 7.04826e-05
1711826 1.39802e-07
1713133 2.21288e-05
1714064 1.69678e-05
1714833 2.20268e-05
1718181 4.2898e-08
1723183 5.03e-06
1723646 1.05762e-05
1725272 1.36037e-06
1729684 2.19655e-06
1729786 1.53198e-07
1731407 1.87125e-05
1732686 2.19366e-05
1734013 1.43527e-06
1734416 1.92438e-05
1740690 0.000126922
1742203 2.06193e-05
1745386 4.29055e-05
1758048 2.00617e-05
1759629 3.97233e-06
1760399 2.59895e-07
1766503 2.39608e-06
1767384 1.14591e-05
1770345 3.01329e-05
1771786 5.58888e-07
1780513 3.77809e-06
1786330 1.3149e-05
