539 4.84798e-06
2225 2.28143e-06
2268 1.36983e-06
2491 7.62689e-08
2843 1.72732e-07
3800 5.73139e-08
5075 1.63288e-08
6071 5.59881e-08
12309 8.12636e-06
12969 9.05516e-06
13185 6.17727e-06
13725 6.2991e-06
13949 2.33918e-08
14006 1.5671e-07
14158 1.36561e-05
16187 2.39854e-05
17840 5.34973e-07
18945 3.15334e-08
19559 7.13936e-07
20398 2.74595e-06
20682 3.94237e-08
20686 1.48853e-07
21033 4.69876e-07
22091 1.22288e-07
24928 1.20185e-06
26107 7.44473e-08
26249 2.2358e-08
26641 6.20902e-06
28270 9.34134e-07
29676 1.72788e-06
34095 7.93138e-06
37697 2.74442e-07
37923 6.01516e-08
38131 1.0018e-05
38757 1.68517e-06
40457 5.50864e-07
41155 3.04036e-08
42024 4.06804e-07
42080 1.2571e-07
42461 9.75595e-08
42497 2.64624e-07
42679 1.26648e-07
43011 7.153e-06
45562 8.01654e-06
45584 3.13792e-08
46621 2.67044e-08
47140 2.95395e-08
47336 8.76025e-08
47968 1.6185e-07
48313 1.38216e-07
49631 1.01221e-08
50603 8.87837e-07
51674 6.19207e-07
51724 5.12894e-07
51737 1.99954e-07
53133 2.33531e-07
53359 2.99728e-08
55159 8.60651e-07
58799 2.35147e-07
58886 1.17304e-07
59137 5.74002e-08
59475 1.78267e-06
61308 4.92369e-07
62617 1.94066e-05
63307 1.47053e-08
69303 1.05102e-07
69548 1.09375e-07
69756 1.40467e-07
72102 4.66899e-07
72878 4.83587e-07
73514 1.13161e-07
74228 4.34621e-06
77468 1.91995e-07
77880 4.1295e-07
77945 7.37184e-08
78204 9.83904e-08
78875 8.13139e-07
79270 1.01404e-05
80213 1.0547e-05
80613 3.35431e-06
80787 8.93577e-07
82903 2.74004e-07
82915 6.778e-06
83519 1.72148e-08
85190 2.682e-06
85550 7.99343e-08
86610 2.69371e-07
86756 6.09698e-06
86808 2.83889e-06
87043 1.1754e-06
87144 1.46069e-05
87151 1.01531e-05
89233 2.6317e-06
90832 1.60597e-07
92446 4.95146e-07
92994 1.73729e-06
93231 1.75418e-07
93531 5.97018e-07
94289 7.8813e-08
95228 1.29917e-05
96309 6.1324e-07
97714 2.59439e-07
97766 1.76718e-08
97902 1.6719e-07
99158 4.68602e-08
100007 1.62595e-05
100133 3.35507e-07
100944 4.89716e-08
101683 2.85116e-07
102064 7.28048e-08
102567 3.29962e-07
103116 1.68965e-06
103191 3.40079e-06
105819 1.14495e-07
108347 8.11148e-07
108490 1.8245e-06
108831 2.64664e-05
109880 2.09384e-06
111791 3.85605e-08
111825 7.2143e-08
114403 3.69194e-06
115331 4.27448e-07
117333 9.50125e-07
117851 9.60526e-08
119085 1.2033e-06
119556 8.16164e-08
121004 5.32755e-06
124130 1.32216e-08
125917 8.75552e-08
126012 1.39099e-06
126265 3.90257e-08
126715 1.06238e-06
127017 4.97598e-07
127420 9.37691e-08
128334 1.59227e-06
129595 3.92632e-06
130198 8.98627e-08
130840 4.86908e-08
132566 1.25562e-08
139258 1.55265e-06
141055 9.25423e-07
141579 1.79977e-06
144846 1.05437e-06
146820 7.66408e-07
147612 6.19319e-08
148354 1.56234e-07
148426 7.10071e-06
148654 3.10016e-07
149847 1.89502e-06
151107 3.16195e-06
154268 1.69447e-06
158793 5.48595e-08
158913 5.1749e-06
159628 6.28579e-06
160911 1.70945e-07
167043 4.1552e-08
167876 2.99886e-06
168508 6.94833e-07
170339 1.33366e-07
171063 1.54848e-05
172610 1.08212e-07
175666 3.18526e-06
176561 1.48497e-06
178179 7.3432e-07
179321 1.99302e-07
181444 4.30803e-06
181893 4.39676e-07
188139 5.45509e-08
189643 5.51636e-08
190895 2.91776e-07
191680 7.02529e-07
196916 4.94249e-07
197306 5.19316e-07
197725 1.62549e-06
199546 8.36095e-06
203228 1.74892e-06
203329 2.27463e-07
206177 2.44891e-06
206976 2.89448e-06
207050 4.25469e-06
207951 2.13561e-05
209315 9.75493e-07
210475 8.39506e-06
210657 1.55782e-06
213154 6.71034e-08
214053 1.40176e-07
214487 2.1669e-07
216164 4.73925e-08
217788 4.33766e-07
217918 5.52781e-07
218849 5.78527e-06
219373 7.76174e-07
219871 1.27333e-06
221085 2.66928e-06
221900 7.72781e-08
221953 1.31145e-07
222766 1.58699e-07
224447 2.54819e-06
227005 1.59679e-07
228903 1.16127e-07
230115 2.30624e-06
230719 2.88473e-08
231257 1.63939e-05
232095 1.47494e-05
232313 6.00321e-06
234067 5.98211e-07
235102 4.26964e-06
235274 1.06008e-05
235492 3.46948e-06
235730 2.25682e-07
236468 1.12787e-06
237278 3.79218e-08
238391 1.57547e-06
238571 2.66801e-07
240882 2.37981e-08
241085 4.13146e-07
241700 1.7407e-07
242573 5.56533e-07
244137 7.87354e-08
244874 6.30313e-07
246137 3.13365e-05
247924 9.60893e-07
248036 7.86394e-06
248976 1.38392e-06
249708 2.19634e-06
249818 1.78221e-07
249972 7.45382e-07
250908 6.71384e-07
251313 1.85648e-07
252899 4.68376e-08
253630 1.57015e-07
253648 3.49798e-07
253905 3.63436e-06
254089 3.7517e-05
255537 9.53025e-09
256226 6.9111e-08
257506 1.42901e-05
260318 1.82664e-08
261347 2.04698e-06
261718 1.59185e-06
262540 2.77997e-08
263924 6.59513e-07
265974 7.45277e-08
266789 1.28331e-08
267605 1.52621e-06
267923 7.62178e-07
273028 6.69076e-09
273451 8.40591e-08
273657 4.12919e-07
274466 3.08525e-06
275280 5.82161e-09
276228 2.9809e-08
276255 1.28382e-07
276498 4.98339e-07
276773 1.30929e-06
277024 2.73902e-08
277569 3.54686e-05
279983 2.61494e-07
280622 1.00136e-07
281178 3.37624e-07
281255 1.43728e-07
281480 4.85599e-07
281617 2.65376e-07
281816 2.87767e-06
282015 1.37234e-07
283770 1.09914e-07
285700 1.47039e-06
286416 2.73675e-06
286535 2.64495e-08
287202 6.93294e-06
288578 2.83906e-05
289084 3.15189e-06
290264 1.11265e-06
293670 4.58337e-08
294887 8.16811e-07
295460 1.31844e-05
300155 3.25147e-06
300231 1.96457e-06
300643 6.9148e-07
300765 3.62176e-07
300923 6.63206e-07
301515 9.2018e-06
301571 5.50316e-06
306086 1.0394e-05
309870 1.15793e-07
310578 5.58309e-07
314054 3.89665e-07
314574 1.47535e-07
317562 7.18957e-06
317632 1.10633e-07
317765 1.9426e-06
317963 2.35455e-07
320786 2.21555e-06
324333 5.09521e-07
325830 8.88881e-08
326480 8.43673e-06
326509 1.14669e-05
329924 1.04855e-06
334636 5.28024e-07
337133 5.46341e-07
339754 4.45879e-06
340244 1.69719e-08
340455 3.36265e-08
340968 6.63251e-08
343006 1.40684e-06
343299 2.53085e-06
344497 1.00346e-05
347230 1.23022e-06
348890 2.81492e-07
349481 2.48721e-06
351754 5.04067e-07
351922 7.81609e-08
351945 7.69037e-07
352381 2.36474e-06
357915 1.3808e-06
357917 1.18298e-06
358164 3.4213e-07
359021 5.62642e-07
359270 1.12243e-05
364447 8.39981e-07
365607 5.6169e-07
368635 4.10555e-06
368866 1.47449e-07
369067 2.67757e-06
370142 2.10555e-06
370736 1.42125e-08
371507 1.42541e-06
371888 2.19691e-05
373034 9.28231e-07
374120 4.40615e-06
375634 8.52973e-07
375861 3.47843e-07
377652 1.90881e-05
378707 9.90751e-06
379322 3.98002e-06
379372 1.49217e-06
379656 1.31836e-06
382230 2.92592e-07
383911 1.00101e-06
386369 2.76337e-08
386710 3.58263e-07
390537 7.16644e-08
391347 5.11692e-08
392813 1.17741e-06
393233 4.02361e-07
395217 8.44493e-08
396470 7.07733e-09
402091 6.47707e-08
403429 2.82483e-08
406100 2.31791e-05
408077 1.09989e-06
412429 9.13612e-07
414589 6.7361e-08
415275 3.45836e-06
416791 6.85318e-08
418778 1.67055e-08
421570 2.22384e-07
422744 3.77245e-07
426437 7.2908e-08
427675 1.34917e-08
429877 2.13483e-05
430447 1.50495e-06
430448 5.81054e-07
430948 4.29545e-06
431040 6.48783e-07
431155 5.34343e-07
431397 4.86161e-06
431478 1.46253e-05
431988 5.51511e-06
432000 5.01927e-07
432044 6.78262e-06
432583 1.80577e-07
432836 1.31962e-07
433852 6.786e-07
435364 2.4949e-06
436178 3.60725e-08
436520 4.17495e-07
436523 1.76047e-06
436769 8.94149e-07
437594 1.30575e-06
437619 4.07994e-08
438408 1.02812e-08
438936 2.62339e-08
439076 1.3408e-06
439138 3.38773e-06
439154 8.00567e-06
439193 5.03447e-08
439558 1.40931e-06
439770 4.96129e-07
441861 4.33127e-07
442003 9.52036e-08
442060 8.44344e-08
443790 2.77024e-07
444477 1.10151e-06
445416 7.30593e-08
446017 6.50753e-08
446986 2.19935e-06
447026 3.6731e-07
447223 1.05139e-06
449193 3.25162e-08
449229 4.89389e-07
449743 9.54208e-09
451166 7.85955e-08
452204 9.29033e-06
453374 2.0608e-06
454301 4.38674e-06
454313 2.78985e-06
454428 7.81892e-06
454505 4.60336e-06
455359 1.70587e-06
455640 1.42159e-07
457243 1.24176e-07
458394 6.03233e-06
459349 8.83513e-08
460845 2.17137e-08
461246 8.01983e-08
463619 4.98711e-09
465767 5.37589e-08
465923 5.17541e-07
466595 5.18308e-06
466645 6.96176e-07
468921 2.60868e-06
471443 3.476e-07
472328 7.87322e-06
472705 4.23458e-07
474619 2.47865e-07
475028 9.9727e-06
475468 1.36396e-06
477140 4.93006e-06
479826 9.83379e-08
481231 1.36151e-06
482331 6.34925e-07
482455 7.05449e-07
483742 3.06563e-08
484340 5.86444e-06
485024 2.61274e-08
486134 5.4561e-07
486805 7.91125e-06
487617 1.33754e-05
489133 1.65917e-05
491771 1.38338e-08
491809 1.06307e-07
491810 7.61487e-06
493039 7.07861e-07
493274 5.79321e-08
493518 2.21966e-06
493694 1.71825e-05
493935 1.27969e-08
493997 1.12712e-05
494169 2.79264e-05
494543 2.81997e-06
498217 2.1744e-07
498427 1.41633e-06
499741 7.05956e-06
499759 1.67146e-06
499908 3.01252e-06
500632 2.79219e-07
502095 8.20544e-07
502102 1.43589e-07
503274 1.35855e-07
505966 1.763e-07
506222 7.33225e-06
506633 2.65164e-06
507235 1.31997e-06
507626 3.43569e-07
508260 3.40849e-06
509145 7.29445e-07
511853 9.33024e-08
512138 8.15817e-06
513799 6.39549e-08
513824 9.23427e-08
514086 1.77135e-06
514400 1.64308e-07
515179 7.57339e-07
515817 7.49873e-07
515978 3.65627e-07
516919 2.23837e-08
516949 1.15286e-06
517850 2.26734e-06
518244 2.24974e-05
518489 8.34976e-08
518595 9.57299e-06
518718 3.36153e-06
520271 7.0053e-09
521168 1.49453e-06
521806 2.40619e-08
523346 7.08832e-07
524290 1.53881e-08
524302 1.40445e-05
525920 1.79111e-07
526758 5.11143e-05
526799 3.96512e-07
527118 1.81143e-06
527336 5.55679e-09
532084 7.62176e-06
535125 1.00935e-06
535850 3.99343e-05
536956 5.70133e-07
537574 1.27701e-06
539468 1.71523e-08
540463 1.7294e-06
541252 1.83873e-06
541294 6.89692e-06
541486 9.61633e-06
541601 8.65524e-07
541811 4.38848e-06
541920 2.50943e-07
542047 4.68965e-07
542160 2.4018e-08
546915 6.53733e-06
547627 2.65033e-08
548105 3.62926e-08
551838 1.93739e-05
552298 1.84729e-06
555310 3.23986e-08
557555 2.32185e-08
557931 1.43741e-07
558063 6.02906e-08
558604 3.13206e-06
559099 4.18325e-07
559545 5.02844e-08
560483 8.66627e-07
561104 7.15368e-08
562217 4.20251e-07
565345 3.53205e-05
567915 4.51941e-07
569065 1.30438e-06
572029 5.75092e-06
572223 1.47298e-07
576733 2.275e-06
578285 2.75325e-07
578781 8.3442e-06
581790 4.338e-06
584639 3.24822e-07
588962 1.57172e-07
589712 1.0912e-06
589780 4.8741e-08
592103 5.02438e-07
595214 6.37943e-08
596359 5.13324e-07
596523 2.89249e-09
599327 3.52851e-05
601013 1.91832e-06
601276 7.99234e-07
601377 1.82775e-05
601740 2.26766e-06
603040 9.84765e-09
604879 1.38742e-05
606048 3.71171e-06
606551 1.28206e-06
607276 1.52491e-07
607550 2.81322e-07
607773 1.28126e-07
608630 3.92231e-06
610219 6.12651e-07
611986 4.62667e-08
615117 8.3048e-07
616367 2.38286e-07
624058 8.9887e-07
624087 4.74015e-06
625508 6.55648e-06
626221 9.3914e-07
627210 2.15977e-06
627606 2.34607e-08
628456 2.66518e-06
630883 5.11804e-08
631142 6.28114e-08
632071 1.78944e-06
634667 3.12226e-06
636992 1.15327e-08
637276 8.62574e-07
639568 7.38035e-06
639869 1.61527e-06
642634 1.37112e-06
643647 1.09211e-06
647950 1.7032e-06
648502 7.38601e-08
648593 1.0272e-06
650435 1.22474e-07
651420 8.17225e-07
651870 2.3513e-06
653752 5.54973e-08
657865 1.10519e-08
658153 2.25143e-06
658777 1.04086e-05
659306 8.34568e-07
660348 4.09042e-06
661191 7.97499e-07
662104 2.01611e-07
664180 2.99211e-09
668250 6.37775e-08
670119 9.17148e-08
670220 1.86496e-07
674507 2.08054e-06
675599 3.37451e-06
677853 4.87021e-07
679313 1.87012e-06
680098 3.07036e-06
680427 7.32083e-07
680902 2.56168e-06
682930 6.69312e-07
684222 4.94635e-07
684962 3.5413e-06
685004 1.06153e-07
686072 3.26528e-09
686852 1.02921e-07
689497 8.70419e-08
689626 8.06183e-07
691981 3.38948e-05
695646 8.4347e-06
697189 2.38679e-07
697542 1.54636e-06
698532 1.75863e-06
699702 2.32132e-07
699796 7.47167e-07
701463 4.34039e-06
701756 5.60225e-07
701853 4.18701e-08
704753 3.04696e-07
704865 3.85763e-05
705122 3.28527e-07
706685 1.97872e-07
706877 4.34719e-06
707148 2.90086e-08
708696 1.16123e-05
709125 8.13259e-07
714159 9.67065e-07
714595 4.81892e-07
715799 1.57685e-07
718239 6.11284e-08
719032 4.24828e-07
719344 4.66488e-07
720594 7.99718e-08
721085 4.38053e-06
721695 3.27765e-07
723927 5.27213e-07
724967 3.5154e-08
726080 6.19939e-07
726934 1.28848e-07
728095 2.71832e-07
729364 2.98345e-06
729636 5.19529e-07
729685 2.16701e-06
729752 3.69683e-07
733055 5.62011e-06
733775 3.53927e-08
734957 3.28891e-07
735106 7.73154e-07
736783 3.01853e-07
737397 5.06577e-08
739168 2.96531e-05
740510 5.17632e-07
742373 5.74884e-07
744574 5.17198e-08
745262 8.23683e-06
746090 1.06973e-07
746136 1.61088e-06
747441 6.24024e-07
749094 7.48956e-08
749127 5.10088e-08
752416 1.65278e-07
753571 4.93513e-07
758495 1.1128e-06
759988 6.35471e-07
762272 1.09335e-05
763563 8.49427e-06
763850 1.26214e-06
764776 3.24872e-07
765001 3.77225e-06
765549 2.52431e-07
765555 7.32963e-06
771641 7.04463e-09
772724 6.99221e-07
773315 2.53865e-06
775203 2.17036e-07
775240 2.48124e-06
776134 3.61755e-07
779660 3.38318e-06
781211 4.94599e-06
782186 3.74074e-07
783242 1.88222e-06
783244 3.76169e-06
784134 1.14924e-05
785361 4.85289e-06
785373 4.34127e-06
785417 2.5275e-06
785914 2.08189e-06
785943 5.03926e-07
788039 1.21848e-06
795286 1.46166e-08
796423 1.22065e-07
796837 5.10865e-08
797699 4.65701e-08
797705 4.12378e-08
799127 1.20974e-07
799191 2.8284e-07
799852 3.11688e-05
803119 4.81909e-06
804593 5.2817e-07
804738 1.38264e-08
806504 6.34452e-09
806828 9.16594e-08
808490 1.15733e-06
808694 4.61492e-06
810171 1.02884e-07
811506 4.88603e-06
812222 2.03885e-06
813465 1.55512e-07
813822 8.7504e-07
814692 1.02292e-06
815319 4.44567e-08
815881 6.47785e-08
816422 5.60949e-08
817416 2.43127e-08
820651 2.81487e-06
820893 9.77515e-07
820918 9.94258e-06
821096 7.20582e-07
821664 1.55194e-07
822211 1.81412e-06
822450 1.12093e-05
823620 6.30953e-06
823706 3.0901e-07
823878 1.00783e-05
825484 4.38669e-07
825864 3.54039e-07
826183 6.83654e-07
827429 3.65666e-06
827686 2.62023e-06
828139 1.20717e-06
828354 8.5304e-07
828371 9.07123e-09
828630 3.87323e-07
829953 3.74034e-08
831190 3.79484e-08
832308 4.23638e-06
832540 2.62472e-06
833417 1.03455e-07
834092 1.29756e-06
835653 9.15488e-07
836630 1.26526e-06
836675 9.31526e-08
837779 1.28183e-06
837834 1.44551e-07
838508 1.17798e-06
841012 4.86545e-06
841524 1.6458e-07
841562 1.20589e-06
842154 5.00875e-07
842489 1.59147e-07
843801 1.68686e-07
843948 1.36669e-06
844810 1.76092e-06
845608 9.76218e-07
846798 3.28537e-06
849432 1.47833e-07
850577 6.30161e-07
852946 1.37687e-06
854029 1.13e-08
855716 4.8668e-07
856225 1.06277e-07
857342 1.01966e-06
857430 2.28668e-08
859112 9.04921e-08
859292 2.52762e-08
859713 1.72473e-06
860648 1.16904e-06
861288 6.96331e-08
865455 1.13598e-05
866423 2.99946e-05
866955 7.1755e-06
866966 1.08584e-07
866997 2.80343e-06
867398 1.71972e-07
867764 2.16765e-05
867790 1.57407e-07
867839 1.37699e-05
868156 9.68513e-08
868412 9.27018e-07
870367 3.97266e-07
870720 8.58342e-08
871725 3.91418e-07
871730 5.86558e-08
871979 2.67214e-06
873518 1.46134e-07
875271 3.2013e-08
883073 1.3764e-07
884447 1.17057e-06
886638 6.83818e-07
887250 4.76336e-08
888051 2.17569e-07
889143 4.20219e-08
889305 3.93875e-05
889412 4.83023e-08
890148 2.86135e-06
890306 2.22994e-07
890677 9.98845e-06
891407 3.19655e-06
891507 3.772e-07
895422 5.7487e-08
895625 4.71889e-06
896021 7.42522e-06
896467 1.20793e-08
896587 2.46828e-08
896939 5.29722e-06
898678 5.72058e-06
899447 1.03043e-07
899585 6.61215e-06
900358 1.54745e-07
900521 2.29813e-06
901044 6.43477e-07
901089 3.34699e-06
901171 2.67447e-06
902867 1.92196e-05
905060 2.24862e-08
905418 1.60707e-08
906357 2.99092e-08
907230 2.35575e-07
908583 7.55955e-08
908666 2.77082e-08
909093 5.57298e-08
909359 2.01165e-07
909504 1.49374e-08
909795 2.4651e-06
910727 7.425e-07
911033 1.41479e-07
912724 2.29035e-08
912797 2.42553e-06
913011 1.57929e-06
913403 1.28059e-06
913917 7.76767e-07
914118 3.09199e-06
915003 1.90249e-07
915031 9.3045e-06
915251 1.05801e-07
916330 1.13612e-06
918360 1.68671e-06
919176 7.15093e-06
921242 2.77146e-07
922284 1.39146e-05
923157 1.06738e-08
923797 8.57533e-07
925571 8.97522e-07
926985 1.33078e-06
927142 2.225e-05
927186 3.24742e-08
928083 7.16147e-08
928145 1.08779e-06
928215 1.70434e-07
928822 1.35296e-06
930078 4.73626e-07
931220 5.82542e-06
931221 2.54184e-07
934118 1.60285e-07
934299 2.51825e-06
935659 4.56636e-05
935801 5.80482e-09
936776 2.23247e-06
937533 1.63675e-08
939488 2.05127e-07
939599 7.80041e-08
940248 2.00712e-07
940454 6.1169e-08
942502 3.32385e-06
945299 1.71075e-06
945991 4.68656e-07
946187 1.59419e-07
946278 1.53135e-05
949579 2.29406e-07
949863 2.85897e-08
952081 9.7923e-08
954014 4.59605e-08
954215 1.72386e-06
954879 4.05101e-08
955202 3.31763e-07
957429 1.13627e-06
957509 2.76859e-08
958511 3.18648e-06
959196 4.5747e-06
959965 1.36775e-06
959973 1.47474e-06
960353 5.95868e-07
961967 3.33576e-08
962621 8.64502e-08
963984 1.84068e-06
965516 2.39007e-06
971447 1.9648e-06
971466 1.12465e-07
972099 1.14069e-06
972476 2.59437e-06
973541 6.01602e-07
975945 3.12643e-06
977765 1.13277e-07
978274 6.85419e-08
979474 2.09343e-07
979620 9.28258e-07
980372 1.04056e-07
980858 8.21199e-08
985608 2.89701e-07
986691 8.62427e-09
987300 3.11639e-08
990063 9.51853e-07
990122 2.23459e-07
993275 5.16845e-08
994427 7.05612e-07
995129 2.62097e-06
996036 4.98031e-08
997863 6.67808e-08
999076 6.76282e-07
999855 6.43816e-07
1001266 4.69712e-05
1001423 1.91925e-06
1002111 2.17527e-05
1002426 6.91859e-06
1005238 8.54522e-08
1006582 9.50387e-09
1008278 3.75051e-05
1011395 2.13451e-07
1011412 1.05602e-06
1015640 1.81458e-06
1016112 9.59637e-07
1016545 6.15439e-08
1017001 4.19705e-06
1020574 1.26917e-06
1022013 9.30913e-07
1023392 4.5719e-07
1025526 5.16956e-08
1025593 1.80675e-07
1035283 3.39558e-08
1035686 2.02279e-09
1035697 6.90623e-08
1037447 2.66802e-06
1038947 1.15452e-07
1039005 8.07871e-08
1041067 2.04481e-07
1041853 2.32733e-06
1042780 1.80704e-06
1042783 1.27736e-06
1043645 2.83938e-06
1043758 4.29629e-07
1048558 8.58062e-07
1049512 1.82774e-07
1050889 8.50733e-08
1051369 4.12188e-08
1052112 7.94341e-07
1052177 4.30795e-07
1054610 9.06908e-08
1058252 1.26657e-06
1061947 4.11799e-07
1062911 2.97643e-07
1064085 3.68117e-07
1064375 2.29803e-08
1066049 7.34645e-08
1069496 3.39574e-08
1071608 6.098e-07
1072036 1.97313e-07
1077430 5.90811e-06
1083354 1.0896e-06
1086733 1.45505e-07
1087304 2.7357e-06
1091067 6.76661e-08
1091441 1.00858e-07
1091634 2.0944e-07
1092747 5.83369e-07
1096545 1.53438e-05
1096618 9.76507e-09
1096901 6.12069e-08
1097363 2.53206e-06
1101213 7.47545e-08
1102200 2.42995e-08
1102331 1.74553e-06
1103833 6.56592e-07
1105487 7.74658e-08
1107011 7.67143e-08
1107159 1.78822e-08
1108410 6.17687e-08
1111398 4.98493e-08
1111925 1.8583e-08
1113037 4.0414e-07
1113589 2.8048e-06
1113685 2.98222e-06
1113826 2.58648e-06
1118465 5.88144e-06
1118937 4.10096e-06
1120942 6.11005e-07
1128399 2.29992e-07
1129013 1.25137e-05
1132083 2.53771e-05
1133775 9.10465e-07
1135556 2.27334e-07
1137052 7.09443e-06
1137158 6.85402e-07
1138077 3.85777e-08
1138101 2.22497e-07
1138180 2.19092e-05
1138332 1.05529e-06
1139399 1.67121e-07
1139825 4.1139e-06
1140040 8.39072e-07
1141457 1.05711e-07
1142122 1.27623e-07
1142954 2.0051e-07
1143678 1.89219e-06
1144152 4.14239e-06
1147046 1.87078e-07
1147413 1.46137e-06
1148021 7.88466e-07
1149628 4.80018e-05
1149693 1.33767e-06
1151444 1.81217e-07
1159820 7.1321e-07
1160255 5.89238e-08
1161771 1.36367e-06
1163557 9.61162e-06
1163869 1.02556e-06
1164146 4.37753e-07
1164153 2.3719e-06
1165768 2.13609e-08
1166289 2.58612e-07
1174124 1.59098e-05
1175301 2.12439e-06
1176431 5.57365e-07
1179175 1.54991e-07
1184150 1.47376e-08
1184515 1.17774e-07
1185020 5.17941e-07
1185847 1.65231e-08
1186356 1.09637e-05
1186633 3.46942e-07
1186878 1.54253e-06
1187080 1.51565e-05
1187378 5.99788e-07
1187382 4.4909e-07
1189304 1.01809e-07
1189772 5.84417e-07
1190871 1.21144e-06
1191800 3.07331e-07
1191844 5.81905e-08
1196677 1.96121e-05
1199659 1.46638e-07
1200899 6.44644e-07
1200997 1.94791e-06
1201317 3.20444e-08
1203907 1.05327e-05
1206017 4.7903e-08
1206132 1.24435e-08
1206771 4.85223e-05
1208627 1.38051e-05
1208633 2.86047e-06
1209435 7.62866e-07
1209713 1.69574e-07
1209924 6.36471e-08
1210421 1.25313e-05
1212841 5.74216e-07
1212849 3.41108e-07
1216167 9.4683e-09
1217629 6.55622e-07
1221384 1.36777e-06
1221857 4.91176e-06
1223739 3.76667e-06
1224583 4.98183e-08
1225691 3.90117e-08
1226409 3.16699e-08
1228729 2.79963e-06
1230243 1.44481e-06
1230377 2.9201e-07
1230379 2.04927e-06
1230821 7.17973e-06
1231212 1.81983e-07
1236736 3.8774e-08
1239079 5.54329e-07
1245288 2.82974e-06
1246653 1.91704e-06
1247503 5.72181e-08
1250225 4.64147e-08
1250384 1.87899e-06
1252658 1.62256e-07
1253836 9.21685e-07
1254690 5.00887e-07
1256001 3.13384e-05
1258069 5.89184e-08
1259867 3.72117e-09
1262201 5.85203e-08
1262790 1.65335e-06
1263215 6.18055e-06
1263832 1.97537e-08
1263993 3.96148e-07
1264285 7.36542e-08
1264441 5.8244e-07
1264934 3.54673e-07
1267616 3.43186e-06
1268056 3.35043e-06
1269038 1.83777e-06
1269122 7.6515e-06
1269209 1.04896e-05
1269472 4.15231e-07
1269561 4.81398e-07
1271105 7.44296e-08
1271527 2.10745e-08
1273424 1.74322e-07
1274246 4.33559e-05
1275954 4.234e-06
1275970 5.2547e-07
1275979 7.33203e-07
1280067 1.72486e-07
1280654 7.13431e-07
1280818 1.63822e-06
1282212 6.67457e-09
1282552 2.3385e-07
1283296 1.49177e-07
1289481 1.76201e-05
1289534 3.68947e-09
1289746 3.50645e-06
1290653 1.63744e-06
1290955 9.40379e-06
1291709 1.9595e-06
1293866 1.68373e-06
1294674 3.34297e-06
1295855 2.40883e-07
1297543 3.74178e-08
1298736 8.83572e-07
1300184 2.32519e-08
1301647 7.57622e-08
1302314 9.5425e-07
1303278 3.19731e-08
1305570 1.47383e-07
1306098 9.36426e-09
1307930 5.50678e-06
1308066 1.00083e-06
1310354 2.77129e-06
1313829 1.52949e-06
1314754 1.54588e-06
1314886 4.6891e-07
1315473 1.35688e-06
1315582 9.0694e-08
1316888 2.63016e-08
1317626 1.1523e-05
1317683 1.73232e-07
1318153 6.51866e-06
1323311 7.27534e-07
1325053 5.48166e-06
1327022 8.29869e-07
1327334 8.04878e-06
1327727 1.57622e-06
1329795 6.50321e-08
1331322 3.43459e-07
1332519 2.02586e-08
1333320 2.89406e-08
1341149 4.17143e-08
1341166 1.10654e-06
1341306 6.0669e-06
1341919 8.68959e-08
1342620 3.44454e-08
1345134 1.70968e-07
1349834 1.88405e-08
1351819 4.13386e-06
1351933 2.54385e-07
1353724 1.64478e-08
1354935 4.77669e-07
1355342 2.39282e-08
1355355 5.14901e-08
1355587 1.18287e-07
1355888 1.14257e-06
1357220 1.43302e-07
1357305 2.76125e-07
1358353 6.8918e-06
1358365 6.31152e-05
1358705 5.72522e-07
1358780 4.73777e-08
1362758 1.40038e-06
1367602 1.94096e-06
1369659 3.68938e-06
1370046 1.64871e-06
1370405 8.74203e-08
1378612 1.55563e-07
1380147 1.84822e-06
1380283 2.17618e-07
1380638 1.90536e-06
1382482 4.72802e-07
1382557 2.32169e-06
1383989 1.11049e-05
1384695 2.98776e-05
1389402 1.78344e-07
1389409 8.56629e-07
1390231 1.30286e-07
1390256 1.12115e-05
1390319 3.95831e-07
1393610 6.5866e-08
1393978 3.00551e-07
1398181 3.76531e-08
1401399 7.55427e-08
1401685 8.56328e-06
1402189 1.01008e-07
1402478 1.00007e-07
1403056 4.41599e-06
1403970 5.09626e-08
1404701 6.37476e-08
1404967 1.28198e-07
1406126 1.65055e-06
1407073 2.6782e-06
1410347 1.09599e-08
1411358 1.1863e-07
1413548 4.80148e-06
1414130 9.78193e-08
1416213 7.89882e-07
1418973 4.51335e-08
1421525 4.98043e-07
1421739 2.73992e-06
1425565 8.29556e-08
1427904 6.78168e-07
1429957 3.77612e-07
1434850 3.0644e-06
1435299 3.40264e-07
1438024 8.33743e-06
1439537 7.57967e-07
1446188 1.14921e-06
1447101 1.2395e-07
1449144 4.81244e-08
1451166 3.51318e-08
1451467 2.28037e-06
1451751 1.70677e-06
1454221 1.07213e-06
1454590 2.16134e-08
1456715 4.03276e-06
1457063 2.30047e-07
1457647 1.42609e-06
1459858 1.57414e-07
1461297 4.62561e-08
1462787 5.79856e-07
1463423 2.12637e-06
1463853 6.33409e-06
1463880 2.14109e-07
1464880 1.59898e-08
1465022 3.8387e-07
1465208 7.95778e-06
1465285 1.00712e-06
1468494 3.25029e-07
1468712 7.94716e-08
1474879 1.32373e-07
1477825 2.14413e-08
1478249 8.53058e-07
1478293 2.1432e-07
1479956 1.11034e-06
1480379 4.21464e-06
1483054 2.33429e-07
1483316 3.36235e-08
1483793 4.4176e-07
1484124 1.67544e-07
1485033 1.55993e-08
1486257 3.47495e-05
1486812 7.15605e-07
1486991 6.93583e-08
1487596 3.22933e-07
1488214 1.33498e-07
1488403 2.47975e-06
1489780 3.84307e-07
1490258 1.84543e-05
1490473 3.38762e-07
1491369 5.33836e-06
1491829 2.79997e-07
1492215 1.31622e-06
1493233 1.99161e-06
1493309 4.71667e-06
1494033 4.05799e-06
1494081 2.16e-08
1494912 2.41636e-07
1496015 8.51632e-07
1496268 2.90896e-06
1496597 9.8496e-08
1496627 5.26479e-08
1497537 3.09293e-08
1500743 8.25608e-07
1500917 3.62186e-06
1501261 4.902e-06
1501380 1.9082e-06
1501437 1.17215e-07
1501977 3.11849e-07
1504133 7.24405e-08
1504554 1.23853e-06
1504804 3.41947e-07
1505015 1.02194e-08
1505104 5.02405e-07
1506576 6.08094e-06
1507179 2.18258e-07
1509306 2.06508e-07
1509553 2.55022e-08
1510634 6.5599e-06
1510831 2.70243e-06
1512233 1.1397e-07
1512893 6.33019e-06
1514061 1.73883e-08
1514972 2.2768e-07
1516218 5.77739e-07
1517443 1.83718e-06
1517883 1.56002e-07
1518521 1.10951e-06
1519116 2.46528e-06
1520611 8.80673e-08
1524690 8.51943e-09
1526792 5.70893e-06
1527091 4.28432e-07
1527304 1.02594e-07
1529322 1.0348e-07
1531521 2.34694e-06
1531773 1.3002e-07
1534419 1.5099e-06
1534490 1.35816e-07
1535359 7.53286e-06
1535458 9.59868e-07
1535929 1.2179e-05
1538593 7.38084e-08
1538905 5.3271e-07
1541899 4.88842e-05
1543492 9.44246e-08
1544017 2.68575e-06
1544424 8.1398e-07
1544639 2.59124e-07
1545563 3.7553e-06
1545770 9.12115e-08
1546007 1.09003e-07
1546168 4.47974e-09
1546553 1.20845e-07
1547248 5.22708e-06
1547627 1.41878e-06
1548112 5.45813e-08
1548638 2.078e-07
1548946 3.6859e-06
1550124 3.74499e-06
1550185 1.24656e-05
1551516 1.67796e-05
1554255 1.31909e-07
1555069 1.17828e-06
1556164 1.35288e-07
1556173 7.29064e-07
1557045 2.49815e-07
1558424 3.05648e-05
1559374 7.2789e-07
1559618 6.31106e-06
1559723 7.19283e-07
1561782 7.59576e-07
1563485 5.19087e-07
1564618 1.25608e-07
1567131 3.13726e-07
1567528 8.83418e-06
1569099 5.88208e-07
1569253 1.78402e-07
1569851 1.37885e-06
1571134 8.0202e-06
1572855 9.43342e-08
1573523 6.9905e-06
1575964 3.93894e-07
1576478 2.25699e-06
1576955 1.22558e-07
1577245 2.19157e-08
1579030 4.72961e-06
1580575 5.30542e-06
1580782 1.2154e-07
1581416 1.05403e-07
1582648 3.07067e-08
1582910 1.38308e-05
1583027 6.14431e-06
1584167 3.28983e-08
1584838 1.44388e-08
1588193 5.6598e-07
1591715 4.01168e-07
1595144 6.13835e-07
1595844 1.00499e-07
1596496 1.48667e-07
1598043 2.59165e-07
1599554 7.96986e-08
1601418 2.17538e-07
1603793 6.77738e-07
1604916 6.96594e-09
1605762 2.25057e-05
1606579 7.37882e-07
1607931 4.46579e-06
1608254 2.23651e-07
1609248 4.14726e-07
1609653 1.47587e-06
1611117 2.93325e-08
1611297 2.71267e-07
1612332 1.01644e-07
1613409 3.74044e-08
1614068 2.91955e-08
1618454 3.74484e-08
1618680 6.58897e-07
1620075 3.76318e-07
1620116 2.79715e-08
1621065 1.38824e-05
1624289 1.88181e-05
1624992 2.73199e-08
1627840 5.02185e-07
1628473 3.83627e-07
1628734 2.70491e-07
1630856 1.03557e-07
1631390 4.18089e-06
1631934 9.10697e-08
1634880 1.67232e-07
1637648 1.33523e-07
1638003 5.98064e-07
1638673 5.20408e-07
1640359 1.0728e-08
1642564 4.10631e-07
1644658 6.20436e-08
1644825 2.04155e-06
1646361 1.62562e-08
1646439 4.13865e-09
1650596 5.2199e-07
1651498 1.39004e-06
1651720 4.70874e-07
1654435 1.80612e-08
1655902 2.03584e-07
1659754 4.28017e-06
1666825 4.70922e-08
1670670 3.89191e-08
1670726 1.96114e-06
1672018 1.53413e-07
1672859 1.3677e-07
1674829 6.23575e-07
1675613 6.33241e-08
1675769 4.1306e-06
1675835 7.93913e-08
1676372 1.10547e-06
1677987 3.69424e-07
1678462 1.33268e-07
1681031 5.24643e-08
1681956 4.63338e-07
1682684 6.20933e-06
1685967 2.25342e-07
1686578 6.19475e-08
1686921 1.35188e-07
1687768 1.65331e-06
1687803 6.61569e-06
1691008 1.38389e-09
1694709 3.98943e-07
1695719 7.6425e-08
1696649 3.417e-06
1700445 2.56497e-06
1700873 1.49868e-06
1701910 2.72146e-07
1705864 8.16972e-08
1707653 1.55937e-07
1710350 2.26826e-07
1710419 1.05983e-06
1710774 3.54412e-05
1710777 1.42404e-05
1711381 5.07136e-08
1712205 2.3456e-06
1712536 1.69718e-05
1713081 6.68374e-06
1715683 7.30455e-07
1716337 5.39532e-07
1716670 1.08839e-07
1717367 1.22608e-06
1719097 2.55729e-07
1722762 9.35771e-08
1722947 9.74773e-07
1724051 3.00445e-07
1726138 2.60808e-06
1727608 6.56334e-08
1728571 6.95452e-08
1728577 6.56897e-06
1728708 9.38806e-08
1732132 3.88764e-06
1734032 8.8692e-07
1734915 7.65653e-07
1739499 3.01775e-07
1741327 1.02999e-06
1742224 3.08511e-07
1742416 1.41818e-07
1743616 2.3219e-07
1744017 4.58501e-07
1745377 8.27999e-06
1747370 8.8403e-07
1748185 3.33194e-06
1749922 1.82317e-06
1751481 1.58284e-07
1751621 7.79351e-06
1754861 1.44343e-06
1755846 2.09615e-08
1756730 7.4424e-08
1756951 3.73956e-07
1758726 3.91947e-07
1759814 1.22695e-07
1759830 2.3169e-06
1760610 6.04446e-07
1762260 5.10795e-07
1762783 4.0863e-07
1763267 6.79042e-09
1763798 3.30071e-06
1764619 3.63375e-06
1765062 7.13836e-08
1769054 1.4092e-06
1770191 1.23126e-07
1770525 3.81769e-07
1770736 1.22996e-07
1771336 1.04849e-06
1772994 3.24887e-06
1774320 2.44844e-08
1776806 9.73476e-07
1778349 3.62532e-06
1779832 4.63754e-06
1780049 7.7571e-07
