490872 0.107372
519514 0.0869796
482551 0.016985
236744 0.0112008
296675 0.0105749
110361 0.00975349
535188 0.00637761
66863 0.00633617
244531 0.005269
495028 0.00448152
236648 0.0042034
499989 0.00349434
491222 0.00281899
19281 0.00277784
236740 0.00173139
491488 0.00165894
69072 0.00162374
608634 0.0016224
235238 0.00159684
579781 0.00141224
33743 0.00135198
498529 0.00127629
295630 0.00126816
491496 0.000852331
420807 0.000823196
346619 0.000693382
471641 0.000689668
236257 0.000651403
499525 0.000628999
235992 0.000562421
529122 0.000558441
610570 0.000523621
294430 0.000499465
295508 0.000493869
679388 0.000482056
153610 0.00046728
677785 0.000462171
430030 0.000456386
235240 0.000455066
382112 0.000431651
295535 0.000413749
236358 0.00040414
602975 0.000367978
529203 0.000332368
288807 0.000324232
521251 0.000305172
295414 0.000295886
595921 0.000291218
450459 0.000254839
604194 0.000253455
490869 0.000229057
50612 0.000217857
497197 0.000217787
598128 0.000212178
430894 0.000199843
606701 0.000199818
148795 0.000196354
144948 0.000193546
12503 0.000190144
52526 0.000181896
677386 0.000181503
703432 0.000177418
103481 0.000168503
369175 0.000162166
223728 0.000161893
635785 0.000161288
488890 0.000155596
491535 0.000153102
123342 0.00014753
488319 0.000142893
691753 0.000137579
431395 0.000136274
494593 0.000134031
430031 0.000128405
125533 0.000126698
752437 0.00012376
185064 0.000111138
431304 0.000107574
406972 0.000107511
725757 0.000105752
409081 0.000104063
153602 0.000103636
133082 0.000103618
529172 0.000103289
303063 0.000101325
488143 9.79535e-05
268347 9.68598e-05
537885 9.4461e-05
241326 9.3427e-05
89388 9.29428e-05
536723 9.06593e-05
489558 9.02522e-05
163044 9.0061e-05
294899 8.44822e-05
485172 8.38481e-05
629780 8.19918e-05
331148 8.03179e-05
220904 7.72563e-05
68389 7.6401e-05
271211 6.74686e-05
606902 6.71088e-05
219985 6.5037e-05
332261 6.29345e-05
266955 6.23608e-05
263673 6.1167e-05
6269 5.97149e-05
663349 5.80909e-05
746657 5.52212e-05
366181 5.44847e-05
240991 5.37741e-05
2108 5.34898e-05
503729 5.22337e-05
340430 5.21305e-05
218702 5.19187e-05
81610 5.15816e-05
17937 5.14224e-05
710449 5.11286e-05
545995 4.98183e-05
798678 4.97779e-05
691798 4.97686e-05
37214 4.91187e-05
377406 4.84681e-05
307473 4.83228e-05
296693 4.77713e-05
726235 4.69119e-05
621908 4.67106e-05
120528 4.55013e-05
715582 4.48662e-05
227310 4.48336e-05
782548 4.38519e-05
746586 3.78531e-05
27881 3.70364e-05
269829 3.63824e-05
417847 3.55647e-05
746298 3.55081e-05
235773 3.52564e-05
725782 3.51563e-05
75649 3.51154e-05
370185 3.50133e-05
12539 3.47398e-05
120509 3.44571e-05
364317 3.44508e-05
776518 3.12007e-05
135127 3.05113e-05
708216 3.01486e-05
552230 2.98745e-05
645747 2.94391e-05
296628 2.9357e-05
424847 2.92749e-05
356004 2.91757e-05
746547 2.85774e-05
219236 2.8483e-05
746605 2.82535e-05
76382 2.80514e-05
127693 2.69186e-05
258732 2.6695e-05
722914 2.6633e-05
745235 2.65028e-05
245029 2.64016e-05
206546 2.47836e-05
7660 2.4692e-05
47922 2.46062e-05
746613 2.46042e-05
450007 2.42611e-05
456849 2.40803e-05
93726 2.35482e-05
640230 2.31943e-05
236634 2.31434e-05
568289 2.3123e-05
99831 2.26518e-05
26416 2.25259e-05
196866 2.2285e-05
491608 2.22783e-05
554550 2.2128e-05
247480 2.19758e-05
236732 2.19369e-05
70076 2.17495e-05
102261 2.16814e-05
151170 2.1411e-05
734657 2.09895e-05
236217 2.09117e-05
746284 2.07941e-05
135787 2.0777e-05
489938 2.05477e-05
420068 2.05224e-05
550487 2.03154e-05
480414 1.9916e-05
376749 1.87832e-05
465532 1.85584e-05
125202 1.83071e-05
76719 1.81337e-05
216814 1.77557e-05
247721 1.77323e-05
416224 1.77226e-05
387619 1.76719e-05
158835 1.74351e-05
458484 1.72995e-05
469930 1.71528e-05
667150 1.70357e-05
94997 1.67529e-05
652177 1.63886e-05
720643 1.62693e-05
562074 1.61528e-05
633632 1.60897e-05
265619 1.60559e-05
217204 1.60294e-05
455685 1.58644e-05
427314 1.58634e-05
386469 1.53651e-05
382944 1.52352e-05
745255 1.49298e-05
304834 1.45806e-05
539431 1.45356e-05
102616 1.45106e-05
206840 1.43492e-05
386463 1.42837e-05
709887 1.41796e-05
238400 1.40158e-05
514024 1.3938e-05
271084 1.38897e-05
490685 1.38572e-05
266360 1.37245e-05
585917 1.35678e-05
699918 1.35101e-05
750237 1.34842e-05
290474 1.34567e-05
433678 1.33406e-05
495820 1.32854e-05
482459 1.32379e-05
746617 1.31082e-05
263221 1.30501e-05
518156 1.29558e-05
490004 1.24939e-05
236912 1.24845e-05
431410 1.23143e-05
715806 1.22597e-05
289421 1.2236e-05
466696 1.21892e-05
446919 1.21874e-05
515373 1.20863e-05
708807 1.20246e-05
766882 1.20032e-05
799852 1.19386e-05
180459 1.18559e-05
263077 1.16484e-05
602163 1.16216e-05
189727 1.15954e-05
12508 1.1557e-05
515208 1.15553e-05
395142 1.14398e-05
563680 1.12759e-05
489959 1.12697e-05
86224 1.12494e-05
700358 1.10906e-05
290661 1.09605e-05
488355 1.08105e-05
490556 1.07092e-05
793792 1.06642e-05
259702 1.04738e-05
388012 1.01883e-05
353003 1.01311e-05
130767 1.00397e-05
242543 9.95557e-06
377754 9.94644e-06
355415 9.94352e-06
27250 9.92322e-06
797728 9.91169e-06
97105 9.88407e-06
259494 9.83476e-06
727342 9.8111e-06
448479 9.72291e-06
306942 9.71497e-06
565413 9.70582e-06
501126 9.6958e-06
90444 9.64907e-06
439305 9.64271e-06
24137 9.61497e-06
673940 9.6126e-06
398624 9.57274e-06
109870 9.52329e-06
24081 9.51522e-06
60160 9.41957e-06
785312 9.3671e-06
78851 9.31349e-06
530006 9.30914e-06
690305 9.26656e-06
219687 9.18958e-06
374260 9.14251e-06
661963 9.08918e-06
267948 8.99523e-06
726932 8.94884e-06
449654 8.92949e-06
642732 8.84579e-06
259627 8.83901e-06
86684 8.83633e-06
749701 8.81039e-06
311288 8.77871e-06
496388 8.71472e-06
51187 8.68607e-06
274058 8.5989e-06
528197 8.49256e-06
75798 8.4683e-06
781628 8.46789e-06
89237 8.43338e-06
452221 8.42826e-06
493020 8.38794e-06
503864 8.36776e-06
491313 8.33893e-06
109934 8.3225e-06
198863 8.31815e-06
162238 8.30984e-06
431473 8.27053e-06
469898 8.25136e-06
238596 8.1683e-06
466554 8.14928e-06
66930 8.11441e-06
114958 8.06752e-06
615382 8.05272e-06
691781 8.04877e-06
29036 7.969e-06
190205 7.9002e-06
13834 7.82108e-06
288964 7.77588e-06
651431 7.74588e-06
399206 7.65251e-06
148714 7.60708e-06
541811 7.54683e-06
505022 7.5432e-06
236735 7.48911e-06
53741 7.47687e-06
707148 7.46017e-06
626170 7.43286e-06
250445 7.42448e-06
701238 7.36858e-06
444297 7.36753e-06
643798 7.32012e-06
512213 7.28911e-06
677752 7.26213e-06
424630 7.25348e-06
107943 7.13827e-06
272005 7.09589e-06
616826 7.08589e-06
104737 7.08571e-06
539 7.05631e-06
487888 6.99526e-06
235496 6.98072e-06
314507 6.97161e-06
781099 6.89705e-06
109855 6.88825e-06
436705 6.84709e-06
724339 6.79183e-06
508805 6.74183e-06
222653 6.70083e-06
783461 6.62908e-06
781629 6.62468e-06
271871 6.6146e-06
513658 6.57886e-06
235878 6.57625e-06
570594 6.47937e-06
595907 6.47329e-06
383952 6.40595e-06
23009 6.37743e-06
381400 6.35389e-06
723352 6.34762e-06
8956 6.32717e-06
2268 6.30807e-06
146398 6.3056e-06
115926 6.27716e-06
315458 6.23828e-06
443735 6.18909e-06
254086 6.14932e-06
502737 6.09058e-06
726280 6.00638e-06
799703 5.98224e-06
494141 5.98202e-06
343531 5.98072e-06
379229 5.9752e-06
800456 5.93666e-06
781623 5.92144e-06
108221 5.9061e-06
157297 5.89506e-06
136253 5.89399e-06
342490 5.89367e-06
719652 5.88562e-06
760855 5.8692e-06
87649 5.80505e-06
268209 5.79156e-06
280559 5.75685e-06
191835 5.75614e-06
547187 5.74217e-06
247638 5.7401e-06
503755 5.71949e-06
431234 5.68369e-06
109950 5.64429e-06
235993 5.59408e-06
89408 5.58481e-06
58561 5.564e-06
677981 5.49368e-06
488904 5.39278e-06
526817 5.35887e-06
433063 5.34248e-06
763750 5.3296e-06
40909 5.30855e-06
260747 5.30294e-06
238387 5.27588e-06
769889 5.25071e-06
27326 5.2282e-06
149841 5.22749e-06
700088 5.20576e-06
374236 5.1557e-06
748327 5.15374e-06
62806 5.14656e-06
495101 5.1361e-06
781159 5.12965e-06
140331 5.12322e-06
2225 5.12238e-06
781117 5.11976e-06
127331 5.11458e-06
20977 5.11252e-06
502814 5.10647e-06
151036 5.08921e-06
526599 5.08715e-06
746048 5.06567e-06
429823 5.05923e-06
147960 5.05301e-06
221623 5.03341e-06
268081 4.96789e-06
582838 4.95567e-06
215187 4.92708e-06
442507 4.89465e-06
650808 4.89325e-06
488545 4.87303e-06
78681 4.86996e-06
236641 4.86547e-06
230785 4.85252e-06
238157 4.84673e-06
781233 4.8237e-06
310301 4.79374e-06
236720 4.76496e-06
531841 4.73952e-06
646580 4.71842e-06
4438 4.68669e-06
675820 4.68358e-06
295517 4.65629e-06
512395 4.64899e-06
449653 4.63961e-06
111959 4.63948e-06
42296 4.62417e-06
596642 4.60529e-06
105779 4.59699e-06
155523 4.57561e-06
207803 4.57475e-06
57696 4.57437e-06
95750 4.57358e-06
640602 4.56229e-06
116797 4.55618e-06
769157 4.55573e-06
103112 4.5456e-06
781151 4.47042e-06
56094 4.45288e-06
263172 4.43962e-06
190800 4.41629e-06
563098 4.40027e-06
437960 4.3422e-06
545302 4.30877e-06
299 4.2948e-06
781134 4.27282e-06
236651 4.26085e-06
732590 4.25472e-06
437542 4.24895e-06
433158 4.22436e-06
16944 4.20615e-06
529146 4.20467e-06
639006 4.20368e-06
252576 4.18274e-06
725743 4.13815e-06
35166 4.13021e-06
75417 4.1213e-06
176525 4.08858e-06
84515 4.07537e-06
560108 4.05607e-06
633492 3.99953e-06
23535 3.99947e-06
151042 3.99075e-06
241180 3.97716e-06
223031 3.97567e-06
253508 3.94388e-06
34095 3.92421e-06
122608 3.91914e-06
71735 3.91194e-06
791589 3.90951e-06
552082 3.90211e-06
438674 3.8855e-06
23489 3.8618e-06
462844 3.85329e-06
239505 3.85141e-06
438099 3.83437e-06
103976 3.81759e-06
400546 3.80949e-06
781205 3.79605e-06
290577 3.7952e-06
339345 3.78225e-06
2360 3.78008e-06
222772 3.77065e-06
131331 3.76783e-06
708589 3.74732e-06
595058 3.74717e-06
485578 3.74674e-06
501870 3.74055e-06
665868 3.73836e-06
781129 3.7333e-06
271188 3.7288e-06
785331 3.72763e-06
508346 3.71603e-06
216966 3.69597e-06
430041 3.64718e-06
175016 3.63188e-06
474796 3.60926e-06
202683 3.60718e-06
601187 3.58726e-06
264344 3.58677e-06
72252 3.57684e-06
642817 3.56152e-06
204639 3.54795e-06
451496 3.54321e-06
160081 3.51665e-06
795431 3.51142e-06
276175 3.51119e-06
502659 3.51102e-06
642603 3.47843e-06
243254 3.47127e-06
490627 3.46692e-06
20576 3.45193e-06
140145 3.43625e-06
391873 3.42898e-06
255558 3.42298e-06
435169 3.4006e-06
141546 3.38797e-06
500421 3.38051e-06
508454 3.3708e-06
282296 3.36182e-06
195114 3.35222e-06
235040 3.32247e-06
777733 3.31772e-06
171738 3.31609e-06
739203 3.314e-06
453197 3.31385e-06
159593 3.31124e-06
279870 3.29928e-06
781168 3.28274e-06
237137 3.27936e-06
491305 3.27924e-06
551781 3.27176e-06
368987 3.26456e-06
710228 3.26082e-06
741527 3.258e-06
785319 3.22909e-06
218660 3.20642e-06
239836 3.19329e-06
277569 3.18992e-06
247025 3.17343e-06
262 3.17124e-06
458123 3.15827e-06
485975 3.15219e-06
601013 3.14775e-06
501043 3.1417e-06
783457 3.11643e-06
272334 3.11583e-06
654991 3.11358e-06
617771 3.10206e-06
456673 3.09747e-06
462385 3.08881e-06
529449 3.07355e-06
420219 3.06689e-06
151119 3.06553e-06
601462 3.0564e-06
321053 3.01679e-06
262251 2.99785e-06
342902 2.99199e-06
425489 2.98662e-06
505343 2.98495e-06
425130 2.98383e-06
679389 2.97256e-06
251389 2.97045e-06
76977 2.96253e-06
723821 2.94435e-06
466591 2.94289e-06
674498 2.94235e-06
433608 2.9391e-06
727023 2.91153e-06
601377 2.90538e-06
561317 2.90456e-06
34187 2.89974e-06
530542 2.89481e-06
85053 2.8895e-06
781176 2.88208e-06
466867 2.86699e-06
84105 2.8668e-06
514568 2.85787e-06
444505 2.84846e-06
77278 2.83816e-06
486324 2.83684e-06
657626 2.8341e-06
532268 2.8328e-06
766268 2.8313e-06
428179 2.82262e-06
668853 2.82071e-06
302514 2.81651e-06
698211 2.78228e-06
251197 2.77698e-06
601740 2.76837e-06
742379 2.75748e-06
2522 2.7539e-06
494169 2.75204e-06
245170 2.75121e-06
434948 2.75114e-06
266307 2.74345e-06
430852 2.73965e-06
745246 2.73642e-06
767759 2.72523e-06
639568 2.71277e-06
5919 2.70872e-06
699745 2.69784e-06
425713 2.68646e-06
492013 2.67823e-06
490392 2.67194e-06
432901 2.66932e-06
492292 2.65707e-06
783445 2.64854e-06
50937 2.63636e-06
788704 2.62508e-06
472881 2.60925e-06
444687 2.60923e-06
371888 2.60766e-06
59735 2.60213e-06
11278 2.59926e-06
372465 2.59468e-06
632071 2.58927e-06
691330 2.57975e-06
578086 2.57584e-06
26629 2.57186e-06
509382 2.57139e-06
503265 2.56612e-06
704865 2.56145e-06
383017 2.55474e-06
323797 2.54514e-06
236708 2.54107e-06
179386 2.5406e-06
288530 2.53308e-06
213977 2.53e-06
424022 2.52695e-06
259662 2.52546e-06
449347 2.52386e-06
290051 2.51774e-06
489765 2.51453e-06
608841 2.5088e-06
150981 2.50114e-06
538527 2.4962e-06
265856 2.47488e-06
150068 2.47141e-06
781154 2.46005e-06
734306 2.45288e-06
198849 2.44543e-06
118911 2.43057e-06
71148 2.42501e-06
121592 2.42186e-06
300862 2.41452e-06
18641 2.40562e-06
649266 2.4013e-06
357209 2.39853e-06
490733 2.39397e-06
798601 2.38905e-06
764362 2.38715e-06
452864 2.38311e-06
11518 2.38047e-06
193491 2.37962e-06
198617 2.37422e-06
148204 2.36996e-06
18308 2.36403e-06
86804 2.36286e-06
587590 2.35663e-06
236243 2.3516e-06
430741 2.34604e-06
682995 2.333e-06
377385 2.32977e-06
769620 2.32666e-06
492202 2.32198e-06
268208 2.31917e-06
369135 2.31785e-06
288118 2.3098e-06
510610 2.298e-06
490601 2.2965e-06
327890 2.28253e-06
109902 2.28115e-06
497236 2.28102e-06
396102 2.27785e-06
773749 2.27363e-06
453593 2.27276e-06
379180 2.26842e-06
535232 2.26343e-06
65546 2.2609e-06
781815 2.25264e-06
65171 2.25262e-06
684376 2.25126e-06
240802 2.24035e-06
151056 2.23229e-06
339754 2.23141e-06
497154 2.23011e-06
103777 2.22171e-06
207951 2.21988e-06
263003 2.2143e-06
51020 2.20344e-06
236012 2.1983e-06
453578 2.1974e-06
777682 2.19381e-06
439154 2.18257e-06
263330 2.18042e-06
781088 2.17251e-06
679371 2.16889e-06
53273 2.16336e-06
21561 2.1619e-06
317765 2.16027e-06
260509 2.15842e-06
2374 2.15098e-06
124112 2.15032e-06
72541 2.14973e-06
381183 2.14707e-06
224623 2.14226e-06
506890 2.14146e-06
510163 2.13239e-06
244328 2.13204e-06
2636 2.12841e-06
589411 2.12145e-06
265065 2.11793e-06
300923 2.11509e-06
536725 2.10895e-06
449271 2.10702e-06
682905 2.10327e-06
37131 2.10029e-06
638431 2.09924e-06
404307 2.09527e-06
689951 2.07542e-06
911 2.07222e-06
115608 2.06773e-06
209057 2.06709e-06
736369 2.06083e-06
412204 2.05974e-06
543058 2.04965e-06
230838 2.04895e-06
174835 2.04891e-06
782518 2.03745e-06
344228 2.03686e-06
353740 2.03407e-06
458759 2.03158e-06
532442 2.02471e-06
291101 2.02255e-06
781219 2.01658e-06
493588 2.00597e-06
168839 2.0057e-06
146283 1.98879e-06
439138 1.98244e-06
781227 1.97879e-06
419936 1.97067e-06
32412 1.96882e-06
21542 1.96504e-06
510054 1.96397e-06
106830 1.96189e-06
252589 1.95799e-06
730737 1.95026e-06
782585 1.94734e-06
489431 1.93325e-06
79008 1.9313e-06
489355 1.92576e-06
351238 1.9174e-06
5358 1.90987e-06
786398 1.90703e-06
46397 1.90413e-06
2609 1.90219e-06
580728 1.89643e-06
518 1.89109e-06
301665 1.88998e-06
540469 1.8893e-06
134993 1.88728e-06
260483 1.88507e-06
490459 1.88354e-06
456004 1.87436e-06
568681 1.87294e-06
413829 1.87065e-06
620736 1.86811e-06
40289 1.86322e-06
130549 1.86303e-06
157249 1.86141e-06
388105 1.85914e-06
197114 1.8546e-06
126185 1.85356e-06
665730 1.84477e-06
489533 1.83868e-06
750409 1.83839e-06
623813 1.83663e-06
275485 1.82802e-06
573593 1.82753e-06
336717 1.82268e-06
50421 1.8181e-06
783452 1.81756e-06
495834 1.81248e-06
230402 1.80832e-06
281067 1.80219e-06
51696 1.79695e-06
341956 1.79486e-06
170929 1.78387e-06
432068 1.78338e-06
305693 1.77896e-06
98277 1.76987e-06
519560 1.76088e-06
601222 1.75962e-06
559109 1.75652e-06
431471 1.74303e-06
442235 1.73714e-06
764820 1.72474e-06
450946 1.72367e-06
18727 1.71314e-06
782272 1.71294e-06
517759 1.70915e-06
164706 1.70447e-06
267114 1.70392e-06
300231 1.69889e-06
527383 1.69838e-06
406100 1.69536e-06
491677 1.69289e-06
781142 1.68671e-06
146873 1.68384e-06
725935 1.67584e-06
674507 1.6724e-06
404365 1.67216e-06
109869 1.67079e-06
602369 1.66907e-06
468891 1.66848e-06
454301 1.66664e-06
336320 1.66182e-06
280461 1.66164e-06
269863 1.66103e-06
90363 1.66064e-06
776932 1.65797e-06
256175 1.65165e-06
74996 1.64853e-06
148831 1.64489e-06
264900 1.64408e-06
109485 1.64325e-06
355502 1.64175e-06
251443 1.64144e-06
86995 1.63937e-06
773685 1.63936e-06
80656 1.614e-06
552298 1.6062e-06
377652 1.60219e-06
181362 1.59947e-06
475008 1.59625e-06
491095 1.59621e-06
378707 1.59432e-06
297327 1.59384e-06
723189 1.59165e-06
35443 1.59068e-06
698665 1.58879e-06
271502 1.58523e-06
130991 1.58306e-06
728185 1.5816e-06
205594 1.58047e-06
735495 1.5804e-06
151156 1.56709e-06
491975 1.55904e-06
167639 1.55388e-06
781162 1.54833e-06
485239 1.54516e-06
151167 1.53742e-06
234340 1.53198e-06
87061 1.53147e-06
425937 1.53093e-06
216300 1.5268e-06
93440 1.52449e-06
781609 1.52412e-06
537305 1.52122e-06
232313 1.51109e-06
662418 1.50888e-06
641176 1.50775e-06
620712 1.50755e-06
639695 1.50405e-06
606551 1.50328e-06
218180 1.5004e-06
501917 1.49866e-06
478494 1.49605e-06
575337 1.49374e-06
94940 1.49165e-06
19379 1.48858e-06
433579 1.48447e-06
423640 1.48376e-06
307778 1.48232e-06
573431 1.4736e-06
481646 1.47101e-06
189214 1.46985e-06
22338 1.46963e-06
207820 1.46503e-06
517148 1.46312e-06
510656 1.45954e-06
206932 1.45927e-06
554861 1.45142e-06
103188 1.44999e-06
57800 1.443e-06
293127 1.44142e-06
13238 1.44141e-06
245176 1.43951e-06
327893 1.43943e-06
708953 1.43891e-06
210433 1.43727e-06
655061 1.43411e-06
2491 1.42874e-06
608843 1.41967e-06
235783 1.41555e-06
711907 1.41101e-06
494580 1.40959e-06
478114 1.40476e-06
382979 1.39963e-06
51754 1.39782e-06
267618 1.39735e-06
493598 1.39689e-06
225651 1.38654e-06
157726 1.38409e-06
45085 1.38271e-06
468058 1.38018e-06
456362 1.38013e-06
102393 1.37846e-06
92500 1.37825e-06
569669 1.37262e-06
511178 1.37217e-06
234267 1.36838e-06
236819 1.35259e-06
221440 1.35243e-06
734510 1.34563e-06
261787 1.34125e-06
454313 1.33996e-06
94229 1.33988e-06
543253 1.32355e-06
219815 1.31988e-06
86760 1.31873e-06
401733 1.31728e-06
431376 1.31623e-06
433924 1.31373e-06
113594 1.31136e-06
71704 1.30967e-06
507035 1.30347e-06
740688 1.30238e-06
695646 1.30213e-06
253637 1.29641e-06
122891 1.29547e-06
506633 1.29457e-06
545377 1.29437e-06
247474 1.29129e-06
785314 1.29021e-06
218165 1.29014e-06
354354 1.28887e-06
772050 1.28547e-06
273706 1.28439e-06
573354 1.28212e-06
348150 1.28165e-06
780138 1.28051e-06
420557 1.27935e-06
37291 1.27864e-06
714847 1.27779e-06
93880 1.27582e-06
693182 1.2734e-06
234738 1.27174e-06
158902 1.26791e-06
248630 1.26756e-06
532769 1.26696e-06
293124 1.26686e-06
490129 1.26507e-06
37716 1.26448e-06
582332 1.26399e-06
34121 1.25499e-06
47618 1.25085e-06
406334 1.24285e-06
61115 1.23841e-06
476574 1.23741e-06
785434 1.23608e-06
443391 1.23119e-06
238560 1.22922e-06
648499 1.22644e-06
433207 1.22634e-06
742646 1.22605e-06
29676 1.22596e-06
71362 1.2114e-06
694190 1.20741e-06
472328 1.2047e-06
701847 1.19916e-06
658777 1.19443e-06
232300 1.19211e-06
425852 1.19103e-06
14158 1.19017e-06
781197 1.18266e-06
319269 1.18171e-06
494423 1.17953e-06
56650 1.1784e-06
622753 1.17379e-06
26966 1.17114e-06
406318 1.16878e-06
51043 1.15322e-06
626509 1.1521e-06
248372 1.15104e-06
466558 1.14662e-06
151049 1.14214e-06
219674 1.13888e-06
725751 1.13092e-06
783460 1.13077e-06
608630 1.12828e-06
349828 1.12712e-06
800804 1.12573e-06
339711 1.12397e-06
719305 1.1233e-06
230188 1.12083e-06
386466 1.11866e-06
585769 1.11784e-06
685940 1.11636e-06
276332 1.11202e-06
318984 1.10952e-06
292986 1.10594e-06
40643 1.10154e-06
121237 1.09857e-06
236577 1.09843e-06
707476 1.09591e-06
561168 1.09277e-06
509100 1.08618e-06
156243 1.08526e-06
388540 1.0828e-06
388291 1.07843e-06
431988 1.07728e-06
85539 1.07577e-06
293200 1.07456e-06
694121 1.06886e-06
785379 1.06632e-06
542433 1.06381e-06
198701 1.0633e-06
223873 1.05976e-06
492071 1.05878e-06
707128 1.05842e-06
763763 1.05126e-06
513507 1.04944e-06
459327 1.04729e-06
754687 1.04153e-06
765001 1.03473e-06
93671 1.02886e-06
422273 1.02876e-06
171163 1.02697e-06
568845 1.02525e-06
59364 1.02295e-06
300155 1.0205e-06
431198 1.01829e-06
302389 1.01767e-06
506414 1.01762e-06
297579 1.01539e-06
752963 1.01266e-06
267995 1.01151e-06
15936 1.01088e-06
490938 1.00985e-06
634667 1.00804e-06
40026 1.00733e-06
768129 1.00697e-06
477351 1.00684e-06
274816 1.00497e-06
628456 1.00422e-06
504543 1.00402e-06
353694 1.00316e-06
601459 9.98521e-07
136118 9.96507e-07
629320 9.96314e-07
233137 9.91375e-07
51646 9.88098e-07
529606 9.87552e-07
781619 9.87378e-07
433760 9.83954e-07
213650 9.82629e-07
701463 9.82588e-07
429877 9.82201e-07
45998 9.78157e-07
419509 9.76862e-07
489232 9.75088e-07
466601 9.75029e-07
794292 9.73807e-07
590787 9.70168e-07
272760 9.68565e-07
109837 9.68011e-07
583905 9.6739e-07
477563 9.66695e-07
77731 9.65265e-07
261743 9.65115e-07
599327 9.64781e-07
54563 9.63856e-07
523621 9.59745e-07
16187 9.57825e-07
461607 9.53526e-07
471327 9.53269e-07
373198 9.52074e-07
232277 9.50348e-07
441308 9.47872e-07
48109 9.44496e-07
245486 9.43371e-07
783302 9.42138e-07
371092 9.40284e-07
282343 9.38146e-07
745262 9.35828e-07
305132 9.33869e-07
492967 9.33228e-07
551838 9.33059e-07
712849 9.32816e-07
488023 9.271e-07
492834 9.26067e-07
277408 9.24063e-07
175670 9.23004e-07
491107 9.22537e-07
500667 9.19771e-07
176131 9.17594e-07
443331 9.17396e-07
601507 9.17158e-07
622719 9.15089e-07
430044 9.08779e-07
631875 9.08506e-07
398110 9.07595e-07
501395 9.05364e-07
708696 9.0382e-07
512138 9.01949e-07
151105 9.01274e-07
276463 8.99987e-07
109882 8.98566e-07
301940 8.98273e-07
52565 8.96108e-07
19382 8.93665e-07
769054 8.91885e-07
745742 8.90344e-07
129854 8.88129e-07
176787 8.86928e-07
325221 8.8503e-07
783034 8.85007e-07
242843 8.84182e-07
424880 8.78878e-07
554154 8.7646e-07
139908 8.76425e-07
186350 8.76365e-07
781236 8.76271e-07
593435 8.7533e-07
433719 8.75096e-07
172620 8.74194e-07
112603 8.7327e-07
467085 8.70576e-07
457818 8.70115e-07
424249 8.67345e-07
684962 8.66073e-07
546910 8.65578e-07
301571 8.64301e-07
6513 8.64279e-07
583150 8.64101e-07
313027 8.6408e-07
490369 8.60388e-07
236680 8.58468e-07
67005 8.57449e-07
429014 8.57229e-07
467489 8.55725e-07
93700 8.55587e-07
660348 8.54344e-07
783456 8.53062e-07
137649 8.46276e-07
774771 8.45534e-07
785380 8.45384e-07
588494 8.43915e-07
15745 8.43128e-07
523939 8.42918e-07
757087 8.42187e-07
787984 8.39576e-07
152875 8.3881e-07
556727 8.37872e-07
441774 8.35965e-07
241682 8.35732e-07
301514 8.33946e-07
57703 8.32438e-07
541294 8.28853e-07
55879 8.25477e-07
433526 8.2446e-07
799910 8.24055e-07
18818 8.21193e-07
10981 8.20113e-07
45972 8.19718e-07
353703 8.18092e-07
689833 8.1766e-07
642356 8.16662e-07
313330 8.15605e-07
236729 8.13965e-07
287374 8.08544e-07
645066 8.06191e-07
119575 8.05743e-07
182974 8.05298e-07
480584 8.04903e-07
30153 8.02801e-07
499559 7.98973e-07
359857 7.98837e-07
750350 7.97569e-07
357917 7.95965e-07
697774 7.941e-07
57313 7.93424e-07
788297 7.87141e-07
344497 7.85026e-07
790056 7.82601e-07
430758 7.80804e-07
493694 7.80774e-07
711873 7.79184e-07
24769 7.78375e-07
631776 7.77985e-07
431235 7.75286e-07
693348 7.73832e-07
776762 7.70444e-07
65062 7.69833e-07
502259 7.69722e-07
491229 7.68806e-07
293375 7.6666e-07
480593 7.6581e-07
682930 7.63401e-07
283448 7.6177e-07
213384 7.61254e-07
524459 7.60748e-07
115784 7.59683e-07
76976 7.56637e-07
452204 7.56457e-07
369275 7.55572e-07
12309 7.54899e-07
38801 7.51981e-07
498569 7.50279e-07
132806 7.50145e-07
721272 7.4778e-07
795087 7.46339e-07
552627 7.44181e-07
801183 7.43409e-07
746176 7.42216e-07
595853 7.42043e-07
724694 7.41972e-07
249040 7.39475e-07
218947 7.36356e-07
448105 7.32025e-07
636982 7.31452e-07
341936 7.30956e-07
65785 7.3044e-07
509712 7.30267e-07
484449 7.29812e-07
500672 7.29264e-07
43011 7.29195e-07
776555 7.28957e-07
465938 7.28482e-07
601161 7.28061e-07
556596 7.27361e-07
431032 7.26603e-07
79270 7.26269e-07
172887 7.23822e-07
426943 7.22289e-07
785470 7.21461e-07
576488 7.20617e-07
235274 7.19049e-07
70102 7.17822e-07
430889 7.163e-07
532084 7.1586e-07
640097 7.15602e-07
506222 7.14996e-07
430042 7.10779e-07
531269 7.08437e-07
780887 7.05196e-07
52530 7.04638e-07
776610 7.00303e-07
254792 6.97413e-07
729364 6.95344e-07
476956 6.94969e-07
95284 6.91007e-07
466828 6.90745e-07
778 6.90243e-07
697963 6.88315e-07
492493 6.86419e-07
229604 6.85464e-07
724794 6.85162e-07
60678 6.84553e-07
70254 6.84352e-07
723526 6.84222e-07
249867 6.83232e-07
720886 6.8245e-07
18634 6.82111e-07
245543 6.81962e-07
759977 6.81064e-07
644610 6.75749e-07
223405 6.75437e-07
781245 6.75009e-07
40041 6.72138e-07
522687 6.71171e-07
719656 6.70438e-07
777897 6.68281e-07
781179 6.67789e-07
486805 6.67509e-07
252812 6.67144e-07
86808 6.66373e-07
489133 6.66251e-07
368635 6.63752e-07
39637 6.63346e-07
699537 6.63117e-07
15531 6.62871e-07
453891 6.60665e-07
772021 6.60374e-07
150932 6.60049e-07
768558 6.59853e-07
325832 6.59698e-07
643684 6.59635e-07
280885 6.59386e-07
326480 6.58661e-07
388393 6.57059e-07
11586 6.55729e-07
758379 6.52849e-07
434158 6.51535e-07
485583 6.51209e-07
440676 6.50501e-07
374535 6.50423e-07
307155 6.49673e-07
489967 6.49006e-07
281134 6.47709e-07
500756 6.46479e-07
393738 6.45136e-07
169505 6.41238e-07
428159 6.39567e-07
750872 6.39209e-07
632241 6.37969e-07
360122 6.37597e-07
656881 6.37119e-07
14532 6.36574e-07
468921 6.35786e-07
521168 6.33836e-07
236487 6.32902e-07
126366 6.32521e-07
255078 6.32324e-07
106598 6.31432e-07
434874 6.30133e-07
517850 6.29967e-07
581095 6.29327e-07
25704 6.28903e-07
71808 6.28141e-07
85190 6.27921e-07
602404 6.27377e-07
8673 6.26846e-07
182263 6.26748e-07
43343 6.26747e-07
710584 6.26442e-07
247198 6.26255e-07
694296 6.25893e-07
148426 6.25482e-07
410438 6.24595e-07
199546 6.22556e-07
50795 6.22349e-07
393233 6.20959e-07
40853 6.20914e-07
431559 6.20211e-07
709443 6.19509e-07
617888 6.17874e-07
36058 6.17718e-07
51985 6.1706e-07
318255 6.15856e-07
256061 6.14177e-07
297651 6.13422e-07
119085 6.13176e-07
41377 6.12374e-07
551109 6.11197e-07
389 6.10848e-07
64868 6.1025e-07
714322 6.09991e-07
497887 6.08507e-07
63602 6.06697e-07
379929 6.06343e-07
737869 6.05641e-07
764477 6.04329e-07
199537 6.02523e-07
41446 6.01473e-07
128334 5.99608e-07
509145 5.9825e-07
795065 5.97426e-07
39855 5.97281e-07
306121 5.97072e-07
781186 5.9687e-07
68639 5.96348e-07
5515 5.95987e-07
295460 5.95845e-07
456372 5.94473e-07
6223 5.93614e-07
649142 5.92349e-07
353858 5.92112e-07
247994 5.90982e-07
158557 5.9059e-07
375861 5.90252e-07
246591 5.88332e-07
275514 5.85732e-07
507401 5.84564e-07
493039 5.83998e-07
618381 5.81041e-07
238127 5.80233e-07
151394 5.79321e-07
769933 5.78956e-07
300643 5.7766e-07
729685 5.77594e-07
658594 5.76397e-07
584818 5.73718e-07
700098 5.73224e-07
417347 5.72639e-07
135757 5.72523e-07
647285 5.72139e-07
515402 5.72066e-07
500566 5.70564e-07
153809 5.70479e-07
127367 5.70022e-07
194566 5.69673e-07
210657 5.69174e-07
173020 5.68927e-07
158913 5.67073e-07
241040 5.66877e-07
435387 5.66215e-07
187960 5.66086e-07
601984 5.65517e-07
507482 5.65448e-07
103730 5.65395e-07
457069 5.64924e-07
498617 5.649e-07
162282 5.63452e-07
508260 5.62972e-07
21058 5.62922e-07
559552 5.6288e-07
618512 5.62302e-07
32215 5.61648e-07
17826 5.60738e-07
543579 5.60691e-07
56299 5.59018e-07
734788 5.58842e-07
453204 5.5815e-07
665659 5.57311e-07
635698 5.54868e-07
788760 5.54649e-07
279681 5.53047e-07
758717 5.52788e-07
507112 5.52637e-07
432044 5.51481e-07
624087 5.51371e-07
796168 5.51303e-07
633039 5.51201e-07
355691 5.50935e-07
353208 5.50631e-07
144790 5.49733e-07
453141 5.47069e-07
53462 5.46707e-07
379403 5.45228e-07
190026 5.45165e-07
499741 5.43644e-07
279451 5.43042e-07
762272 5.4258e-07
415275 5.42536e-07
445376 5.42131e-07
126719 5.40428e-07
517789 5.40387e-07
91478 5.39374e-07
259503 5.39221e-07
181810 5.3848e-07
785419 5.38421e-07
369067 5.35752e-07
632957 5.35077e-07
323674 5.34694e-07
492866 5.34632e-07
514165 5.34066e-07
103482 5.33532e-07
41804 5.32032e-07
70948 5.30062e-07
795180 5.29857e-07
326429 5.29817e-07
626307 5.29468e-07
80613 5.28274e-07
50603 5.28246e-07
479134 5.27191e-07
408239 5.2647e-07
729965 5.25516e-07
80213 5.24798e-07
30196 5.24232e-07
195292 5.23993e-07
448288 5.23034e-07
171063 5.2175e-07
534926 5.21048e-07
467390 5.20709e-07
800028 5.20215e-07
722033 5.18501e-07
502095 5.17455e-07
39507 5.16931e-07
364903 5.16855e-07
51419 5.15328e-07
541486 5.14252e-07
13045 5.13294e-07
76974 5.12647e-07
785382 5.12234e-07
25750 5.1187e-07
493562 5.1092e-07
701756 5.10401e-07
27875 5.09922e-07
266260 5.07819e-07
260160 5.06738e-07
653008 5.06624e-07
332234 5.06529e-07
454786 5.06187e-07
118472 5.04805e-07
515817 5.04195e-07
499357 5.03904e-07
218849 5.03396e-07
765719 5.02825e-07
535162 5.0128e-07
41066 5.01133e-07
143349 5.00366e-07
99906 5.00075e-07
146491 4.99742e-07
431441 4.99734e-07
254089 4.99469e-07
721361 4.99065e-07
78201 4.99007e-07
509268 4.98997e-07
148265 4.98358e-07
83787 4.97733e-07
295566 4.96582e-07
341307 4.95108e-07
765395 4.94474e-07
232095 4.94387e-07
737699 4.92557e-07
46991 4.90296e-07
148170 4.90096e-07
699333 4.88365e-07
689046 4.87079e-07
54560 4.8437e-07
609196 4.84191e-07
173968 4.84122e-07
257506 4.83642e-07
448436 4.82664e-07
236201 4.80939e-07
490215 4.79934e-07
80170 4.79049e-07
158429 4.78923e-07
769078 4.78705e-07
341179 4.78336e-07
42675 4.77111e-07
600969 4.76872e-07
138029 4.76519e-07
433027 4.76373e-07
482376 4.759e-07
530725 4.75129e-07
458065 4.74373e-07
438741 4.74153e-07
82274 4.71984e-07
259692 4.71423e-07
257337 4.7104e-07
766656 4.70414e-07
9548 4.68878e-07
16967 4.68185e-07
360621 4.67176e-07
503003 4.66661e-07
185557 4.65455e-07
260187 4.65379e-07
95228 4.65368e-07
540463 4.65219e-07
115276 4.63513e-07
2982 4.61974e-07
600810 4.61551e-07
157321 4.57778e-07
434193 4.56975e-07
214953 4.55065e-07
414139 4.53486e-07
697542 4.52428e-07
370454 4.5191e-07
51377 4.51693e-07
279166 4.51552e-07
436523 4.49324e-07
85966 4.49129e-07
408 4.48415e-07
733055 4.48339e-07
30359 4.48191e-07
601276 4.4717e-07
29351 4.47131e-07
379310 4.46431e-07
355769 4.46367e-07
518531 4.45912e-07
802018 4.44678e-07
669186 4.44151e-07
520063 4.43888e-07
151163 4.43536e-07
595789 4.4262e-07
386452 4.41641e-07
800251 4.40676e-07
596825 4.3944e-07
312786 4.39354e-07
532030 4.39294e-07
163360 4.37928e-07
5496 4.35683e-07
432708 4.351e-07
529016 4.33887e-07
15287 4.33094e-07
274466 4.31778e-07
380334 4.31534e-07
249429 4.31422e-07
16822 4.30649e-07
516176 4.29958e-07
694257 4.29235e-07
715614 4.29105e-07
71491 4.27937e-07
486407 4.2697e-07
800268 4.26831e-07
97937 4.26666e-07
773025 4.26456e-07
38421 4.26186e-07
217280 4.26135e-07
27347 4.2527e-07
159628 4.24262e-07
429047 4.23655e-07
459247 4.23491e-07
394449 4.23223e-07
232410 4.20646e-07
457392 4.19766e-07
512139 4.17186e-07
347034 4.16554e-07
527104 4.16322e-07
50210 4.15753e-07
797055 4.15331e-07
430698 4.15036e-07
793649 4.14913e-07
42247 4.14363e-07
521204 4.1406e-07
108347 4.12225e-07
431380 4.09034e-07
787687 4.07083e-07
490845 4.06134e-07
325332 4.04423e-07
385354 4.03399e-07
137362 4.02598e-07
286904 4.01915e-07
80138 4.01881e-07
162519 4.01273e-07
706877 4.01201e-07
73821 4.00941e-07
458394 4.00617e-07
14271 3.99931e-07
4926 3.99822e-07
133493 3.99544e-07
490577 3.99036e-07
236468 3.99003e-07
252739 3.98704e-07
801545 3.98619e-07
526565 3.98599e-07
51674 3.98497e-07
494543 3.98469e-07
497830 3.98223e-07
278355 3.97495e-07
561104 3.96736e-07
51203 3.96158e-07
413163 3.951e-07
335438 3.92486e-07
304176 3.92062e-07
508551 3.91987e-07
440868 3.91801e-07
210313 3.8884e-07
574028 3.88006e-07
199986 3.87615e-07
98577 3.87197e-07
158098 3.86852e-07
242198 3.86485e-07
83401 3.86263e-07
78062 3.8599e-07
137808 3.83636e-07
606048 3.83425e-07
488415 3.82581e-07
241632 3.80892e-07
799307 3.79911e-07
236652 3.79663e-07
238321 3.79528e-07
434921 3.79468e-07
670119 3.79137e-07
127458 3.78478e-07
368907 3.78419e-07
37934 3.78413e-07
248036 3.78271e-07
459610 3.78238e-07
690438 3.77857e-07
78296 3.77164e-07
430511 3.77094e-07
781627 3.77068e-07
300765 3.76977e-07
2193 3.76674e-07
78598 3.76234e-07
166174 3.76202e-07
768411 3.76166e-07
82915 3.7597e-07
196745 3.75757e-07
781211 3.75734e-07
409202 3.74386e-07
755853 3.73934e-07
302313 3.72788e-07
785408 3.72528e-07
591957 3.71204e-07
450973 3.71121e-07
35292 3.70781e-07
130982 3.70167e-07
313863 3.6936e-07
306086 3.68813e-07
548136 3.68793e-07
475028 3.68673e-07
466914 3.68624e-07
457046 3.68214e-07
72878 3.68111e-07
448417 3.67471e-07
452476 3.66672e-07
24697 3.64336e-07
461570 3.63776e-07
41749 3.63683e-07
343299 3.63399e-07
444427 3.62722e-07
114097 3.62656e-07
51511 3.61906e-07
62617 3.61877e-07
776366 3.59836e-07
383911 3.59792e-07
640766 3.59645e-07
36843 3.59484e-07
591611 3.59252e-07
667325 3.59105e-07
237544 3.58715e-07
465372 3.58495e-07
121004 3.5848e-07
428417 3.58135e-07
129947 3.57651e-07
218179 3.57396e-07
518713 3.57367e-07
13185 3.57268e-07
55536 3.56683e-07
796874 3.56583e-07
501325 3.5629e-07
488409 3.5527e-07
100483 3.55216e-07
43405 3.54678e-07
161560 3.5255e-07
477140 3.51909e-07
576594 3.5189e-07
103191 3.50192e-07
398707 3.50025e-07
27144 3.49599e-07
625508 3.49557e-07
51666 3.4895e-07
169320 3.48717e-07
724652 3.48566e-07
510983 3.48489e-07
455405 3.48384e-07
518718 3.48158e-07
758134 3.48091e-07
320675 3.46062e-07
423366 3.45778e-07
175126 3.45037e-07
192146 3.43941e-07
466917 3.43605e-07
735182 3.42395e-07
520191 3.42248e-07
71516 3.41498e-07
773125 3.40499e-07
50255 3.40214e-07
454505 3.39865e-07
714148 3.39553e-07
434154 3.38596e-07
689657 3.38014e-07
85714 3.36586e-07
66005 3.36542e-07
436769 3.36114e-07
40223 3.36091e-07
217170 3.35508e-07
78122 3.35146e-07
580769 3.35006e-07
215724 3.34806e-07
4717 3.3456e-07
455641 3.34087e-07
729655 3.33958e-07
646234 3.33598e-07
497157 3.3316e-07
292178 3.32756e-07
235102 3.32197e-07
489316 3.32026e-07
642146 3.30816e-07
590948 3.30632e-07
642634 3.30351e-07
799191 3.30022e-07
246137 3.2969e-07
492236 3.29574e-07
636402 3.29506e-07
592625 3.28834e-07
63757 3.28741e-07
78182 3.2866e-07
13725 3.2861e-07
26641 3.28377e-07
606834 3.28316e-07
744319 3.27993e-07
83149 3.27638e-07
575698 3.27337e-07
480025 3.26934e-07
773315 3.26005e-07
647950 3.25733e-07
255231 3.25621e-07
276580 3.2551e-07
232718 3.24885e-07
475941 3.24367e-07
463143 3.23683e-07
745183 3.23496e-07
210475 3.23491e-07
489420 3.22862e-07
77945 3.22693e-07
216392 3.22688e-07
285729 3.22024e-07
454279 3.21995e-07
680427 3.21706e-07
100007 3.21418e-07
242573 3.21406e-07
716250 3.20906e-07
65368 3.20704e-07
49418 3.20246e-07
178179 3.19738e-07
458531 3.19159e-07
37132 3.18949e-07
36196 3.18097e-07
527118 3.17777e-07
197306 3.16918e-07
12969 3.15669e-07
580563 3.15067e-07
76654 3.14692e-07
537928 3.14118e-07
455555 3.14045e-07
185615 3.13865e-07
494932 3.13825e-07
259023 3.13538e-07
35870 3.12805e-07
219023 3.12583e-07
162426 3.11845e-07
271145 3.11252e-07
218996 3.101e-07
785373 3.09953e-07
308458 3.09901e-07
274523 3.09752e-07
223392 3.0974e-07
48313 3.09228e-07
321032 3.08808e-07
441852 3.08614e-07
181444 3.08519e-07
86848 3.08499e-07
475334 3.08146e-07
258847 3.08126e-07
665772 3.08086e-07
499570 3.08077e-07
288578 3.0702e-07
126628 3.06728e-07
679313 3.06338e-07
343002 3.06262e-07
578252 3.06089e-07
458390 3.06067e-07
547248 3.05155e-07
717448 3.0501e-07
326509 3.04347e-07
97567 3.03423e-07
89832 3.03411e-07
237143 3.02953e-07
276773 3.02888e-07
230012 3.01714e-07
438791 3.00612e-07
503735 3.00501e-07
73880 2.99976e-07
159099 2.99459e-07
76723 2.98712e-07
333325 2.97542e-07
189643 2.9721e-07
210496 2.97021e-07
119928 2.96996e-07
127028 2.96269e-07
526758 2.9579e-07
28270 2.94994e-07
354578 2.944e-07
722542 2.93645e-07
675266 2.9331e-07
86756 2.93132e-07
46487 2.93088e-07
167683 2.93042e-07
439738 2.92512e-07
304759 2.92286e-07
524302 2.91439e-07
50655 2.91406e-07
217456 2.90897e-07
388422 2.90185e-07
301515 2.8976e-07
141442 2.89722e-07
283265 2.89483e-07
239275 2.88993e-07
466595 2.88935e-07
455527 2.88884e-07
658929 2.87413e-07
36461 2.86905e-07
253575 2.86812e-07
745526 2.85901e-07
311378 2.8587e-07
235908 2.8582e-07
732374 2.85299e-07
512619 2.84964e-07
397549 2.8436e-07
748024 2.83272e-07
638665 2.83245e-07
590781 2.83093e-07
377962 2.8264e-07
48513 2.81912e-07
268121 2.81527e-07
249595 2.81103e-07
51724 2.80691e-07
492001 2.80615e-07
761483 2.80304e-07
484340 2.80261e-07
380530 2.79726e-07
579187 2.79556e-07
314944 2.79477e-07
699707 2.78568e-07
51401 2.78497e-07
338006 2.78276e-07
375451 2.77515e-07
323652 2.77091e-07
210448 2.76971e-07
584469 2.76889e-07
525363 2.76886e-07
28163 2.76679e-07
287352 2.76059e-07
220985 2.7551e-07
589365 2.7526e-07
83643 2.75256e-07
446048 2.74941e-07
89233 2.74919e-07
783243 2.73994e-07
492860 2.73516e-07
17840 2.73308e-07
510300 2.72804e-07
492141 2.72718e-07
582626 2.72464e-07
696874 2.72019e-07
441440 2.71189e-07
785361 2.70811e-07
38131 2.69757e-07
540600 2.6947e-07
74215 2.69077e-07
796845 2.68801e-07
80787 2.68341e-07
645343 2.67893e-07
71844 2.6755e-07
709991 2.67254e-07
547831 2.67253e-07
214655 2.66726e-07
800061 2.66635e-07
17106 2.66602e-07
799925 2.66117e-07
112272 2.66112e-07
221085 2.65937e-07
139823 2.65616e-07
762834 2.65194e-07
697260 2.65109e-07
34254 2.64514e-07
785617 2.64213e-07
487211 2.63471e-07
781200 2.63293e-07
660107 2.6288e-07
538389 2.61892e-07
96447 2.61623e-07
13043 2.61478e-07
7687 2.61213e-07
621359 2.61188e-07
238317 2.61081e-07
117333 2.60936e-07
431478 2.60882e-07
591425 2.60378e-07
435940 2.60239e-07
241973 2.60169e-07
390584 2.60009e-07
204944 2.59518e-07
454183 2.59405e-07
497589 2.59076e-07
431615 2.58944e-07
551420 2.58685e-07
37951 2.5845e-07
522116 2.58432e-07
242519 2.58399e-07
34397 2.58148e-07
358249 2.57929e-07
571993 2.57585e-07
41406 2.57499e-07
259616 2.57452e-07
657564 2.57039e-07
423720 2.5657e-07
87473 2.56286e-07
331146 2.56272e-07
454428 2.5611e-07
435229 2.55764e-07
783216 2.55636e-07
233748 2.55521e-07
434416 2.55148e-07
531005 2.54893e-07
409588 2.54543e-07
368983 2.52748e-07
659306 2.52667e-07
33999 2.5233e-07
231257 2.52121e-07
199293 2.52008e-07
341973 2.5176e-07
311842 2.50774e-07
431950 2.50748e-07
565345 2.50181e-07
252710 2.49965e-07
396729 2.49875e-07
452697 2.4913e-07
61452 2.48172e-07
53278 2.48155e-07
76851 2.47968e-07
455359 2.47921e-07
547803 2.47034e-07
212808 2.46856e-07
768365 2.46638e-07
445475 2.45631e-07
233688 2.45458e-07
253768 2.4545e-07
757657 2.4517e-07
109168 2.44819e-07
432797 2.44731e-07
371401 2.44624e-07
289652 2.4418e-07
632883 2.43624e-07
109880 2.43001e-07
699796 2.42998e-07
179543 2.42407e-07
526570 2.42243e-07
473954 2.41337e-07
733737 2.41071e-07
466845 2.40781e-07
95068 2.40627e-07
220529 2.40122e-07
632753 2.3944e-07
65819 2.39052e-07
238134 2.38869e-07
614019 2.38679e-07
248572 2.38502e-07
637588 2.38353e-07
460677 2.38094e-07
42290 2.37887e-07
783244 2.3772e-07
40370 2.37434e-07
43884 2.3718e-07
268003 2.36602e-07
493956 2.36394e-07
160562 2.36197e-07
489652 2.3567e-07
585740 2.35626e-07
168407 2.35235e-07
157827 2.34943e-07
14511 2.34938e-07
622628 2.34406e-07
404182 2.3417e-07
141055 2.33793e-07
214202 2.33511e-07
369255 2.33277e-07
439997 2.33e-07
470656 2.32918e-07
242325 2.32302e-07
42379 2.31892e-07
257330 2.3153e-07
247924 2.31316e-07
34255 2.30945e-07
427711 2.30891e-07
95241 2.30836e-07
276255 2.30773e-07
633696 2.30684e-07
564106 2.3021e-07
450934 2.29637e-07
100108 2.29527e-07
739168 2.29018e-07
698532 2.28648e-07
89425 2.2796e-07
763744 2.27741e-07
752570 2.27554e-07
267605 2.27133e-07
729752 2.26577e-07
524517 2.26043e-07
143920 2.25338e-07
35029 2.24769e-07
200951 2.24587e-07
581790 2.24423e-07
287202 2.24139e-07
360337 2.23884e-07
742373 2.2378e-07
416099 2.23509e-07
333674 2.23344e-07
584020 2.23195e-07
641416 2.23162e-07
403489 2.228e-07
537574 2.22568e-07
25099 2.21265e-07
739196 2.2125e-07
491986 2.2124e-07
731303 2.21059e-07
114403 2.20795e-07
300292 2.20616e-07
83310 2.20369e-07
12067 2.20128e-07
53790 2.201e-07
341223 2.19621e-07
115796 2.19201e-07
632400 2.18897e-07
625540 2.18814e-07
259370 2.18611e-07
737819 2.1807e-07
260946 2.17011e-07
254214 2.15996e-07
42024 2.1599e-07
710554 2.15678e-07
636093 2.14982e-07
733108 2.14871e-07
317562 2.14728e-07
615768 2.14709e-07
615438 2.14641e-07
308837 2.13668e-07
342638 2.13603e-07
374239 2.13539e-07
156106 2.13305e-07
420383 2.13287e-07
33763 2.13254e-07
217788 2.1307e-07
648296 2.13062e-07
267420 2.13017e-07
149847 2.12801e-07
14246 2.12733e-07
17857 2.12061e-07
243950 2.11604e-07
506777 2.11396e-07
493518 2.11361e-07
67735 2.11267e-07
12768 2.11212e-07
217597 2.11184e-07
85241 2.11009e-07
490000 2.10643e-07
474288 2.10226e-07
145133 2.10002e-07
249900 2.09844e-07
77880 2.09822e-07
98162 2.09675e-07
21148 2.09533e-07
15068 2.09475e-07
588962 2.09336e-07
635032 2.09141e-07
638730 2.08754e-07
714415 2.07848e-07
680902 2.07706e-07
190957 2.07462e-07
190895 2.0709e-07
89651 2.06293e-07
626221 2.06235e-07
687844 2.06168e-07
83519 2.05986e-07
752008 2.05676e-07
160128 2.05372e-07
224700 2.05363e-07
40457 2.05112e-07
541252 2.04862e-07
220431 2.04053e-07
258573 2.03912e-07
431040 2.03862e-07
270658 2.03788e-07
648186 2.03707e-07
349481 2.03562e-07
410411 2.03459e-07
53747 2.03372e-07
55236 2.03002e-07
579429 2.02942e-07
639730 2.02932e-07
465116 2.02897e-07
252534 2.02874e-07
500632 2.02527e-07
248886 2.02121e-07
744759 2.01816e-07
413149 2.01559e-07
439770 2.01532e-07
781133 2.01144e-07
283128 2.01099e-07
790938 2.01051e-07
45562 2.00961e-07
475217 2.00234e-07
33282 1.99977e-07
710043 1.99897e-07
90178 1.99781e-07
421570 1.99629e-07
214203 1.99617e-07
518961 1.99113e-07
798574 1.98867e-07
774081 1.98485e-07
5925 1.98438e-07
589154 1.98325e-07
200175 1.98311e-07
518244 1.98124e-07
490244 1.97971e-07
692687 1.97742e-07
421994 1.97636e-07
512585 1.97492e-07
52025 1.97474e-07
260416 1.96896e-07
642582 1.96349e-07
262003 1.96324e-07
253792 1.95114e-07
790948 1.94454e-07
776611 1.94451e-07
454098 1.94398e-07
101860 1.94309e-07
203329 1.94027e-07
274277 1.93455e-07
314054 1.92785e-07
55331 1.92749e-07
214320 1.92738e-07
8069 1.92711e-07
734957 1.91335e-07
28339 1.91031e-07
268169 1.91004e-07
744834 1.91001e-07
306915 1.90232e-07
364471 1.90083e-07
22502 1.90079e-07
637276 1.89307e-07
595006 1.89303e-07
521870 1.89293e-07
17127 1.89284e-07
121130 1.88665e-07
799082 1.88556e-07
302488 1.88351e-07
749770 1.883e-07
225160 1.88297e-07
59475 1.88189e-07
437719 1.87988e-07
27277 1.8789e-07
100893 1.87446e-07
175666 1.87255e-07
364447 1.87152e-07
50289 1.86987e-07
653547 1.86418e-07
336751 1.85875e-07
21256 1.85794e-07
331245 1.8578e-07
174036 1.85513e-07
763575 1.85417e-07
776795 1.85415e-07
437365 1.84311e-07
71401 1.84293e-07
261718 1.84129e-07
125691 1.84091e-07
320326 1.84086e-07
282126 1.83594e-07
304199 1.83583e-07
379510 1.82958e-07
412429 1.82875e-07
319010 1.82423e-07
276956 1.82385e-07
126012 1.8218e-07
41133 1.82176e-07
783242 1.82146e-07
727905 1.8205e-07
7508 1.82003e-07
270739 1.81928e-07
670111 1.81504e-07
800493 1.8132e-07
465822 1.81276e-07
462608 1.81247e-07
63923 1.81166e-07
369080 1.80942e-07
147956 1.80786e-07
37876 1.80742e-07
29914 1.80663e-07
244528 1.80648e-07
603844 1.80597e-07
801424 1.80494e-07
220095 1.80083e-07
235471 1.79818e-07
520358 1.79771e-07
129595 1.79716e-07
269511 1.79201e-07
20686 1.78953e-07
228464 1.78891e-07
719140 1.78668e-07
262452 1.78591e-07
718239 1.78413e-07
90816 1.78408e-07
395032 1.78332e-07
487957 1.7778e-07
778318 1.77319e-07
236726 1.77266e-07
685751 1.77219e-07
235492 1.77093e-07
200423 1.76949e-07
534037 1.76937e-07
798857 1.76885e-07
63182 1.76875e-07
799592 1.76471e-07
19867 1.76126e-07
12598 1.75721e-07
334636 1.75553e-07
358596 1.75244e-07
320997 1.74908e-07
455924 1.74717e-07
106194 1.74543e-07
799738 1.74462e-07
72446 1.74438e-07
444425 1.74275e-07
380166 1.74237e-07
47726 1.74119e-07
667894 1.74096e-07
715191 1.74018e-07
729636 1.73999e-07
453374 1.73663e-07
78447 1.73541e-07
409358 1.73378e-07
660680 1.73372e-07
250221 1.73256e-07
461097 1.73058e-07
681827 1.72937e-07
617209 1.72844e-07
533615 1.72685e-07
369301 1.72611e-07
136849 1.72592e-07
108831 1.7222e-07
754389 1.7189e-07
174818 1.71791e-07
668413 1.71749e-07
332908 1.70892e-07
539109 1.70767e-07
370231 1.70502e-07
443488 1.70375e-07
268325 1.70294e-07
357508 1.70233e-07
568288 1.70122e-07
764244 1.69891e-07
310578 1.6985e-07
71784 1.69329e-07
759860 1.68847e-07
498777 1.68553e-07
254114 1.68424e-07
766652 1.68218e-07
210490 1.67859e-07
787052 1.67734e-07
64559 1.67184e-07
17007 1.67184e-07
487617 1.67133e-07
216366 1.66861e-07
535725 1.66692e-07
441591 1.66156e-07
767896 1.6573e-07
29622 1.65491e-07
298585 1.65392e-07
633687 1.6534e-07
630263 1.65302e-07
733051 1.6469e-07
108490 1.64581e-07
578781 1.64485e-07
39464 1.6419e-07
433236 1.63906e-07
267883 1.63624e-07
349600 1.63516e-07
430759 1.63181e-07
85999 1.63113e-07
71156 1.62919e-07
55136 1.62551e-07
149341 1.62548e-07
559141 1.62495e-07
112009 1.61169e-07
189112 1.61018e-07
491891 1.60904e-07
285816 1.60405e-07
191984 1.60175e-07
306274 1.60134e-07
42129 1.59917e-07
354193 1.59895e-07
267796 1.59728e-07
475335 1.59457e-07
233265 1.59019e-07
750524 1.58965e-07
219745 1.58826e-07
486279 1.58717e-07
445405 1.58535e-07
475791 1.5823e-07
651870 1.58205e-07
492794 1.58194e-07
285917 1.57702e-07
493259 1.57678e-07
388691 1.57342e-07
639261 1.57233e-07
459349 1.57134e-07
709414 1.57061e-07
15821 1.5663e-07
350640 1.55781e-07
53890 1.55727e-07
720008 1.55593e-07
44370 1.54659e-07
660482 1.54555e-07
517063 1.54268e-07
449229 1.54223e-07
491771 1.54119e-07
93905 1.54044e-07
258634 1.53976e-07
556938 1.5387e-07
235594 1.5384e-07
719062 1.53359e-07
493662 1.53176e-07
482455 1.53144e-07
443970 1.52996e-07
511853 1.52905e-07
184806 1.52903e-07
223661 1.52693e-07
712771 1.52021e-07
436486 1.51693e-07
420212 1.51528e-07
769867 1.51482e-07
29364 1.5096e-07
494686 1.50834e-07
435364 1.50768e-07
581330 1.50367e-07
499908 1.50195e-07
433936 1.50177e-07
639869 1.49912e-07
202032 1.49734e-07
489560 1.49566e-07
236995 1.49336e-07
248103 1.49153e-07
338711 1.49104e-07
51312 1.49006e-07
57940 1.48935e-07
387497 1.48867e-07
4960 1.48564e-07
586930 1.48046e-07
238355 1.4803e-07
215963 1.47861e-07
447370 1.47641e-07
61950 1.47632e-07
515184 1.47547e-07
120152 1.47001e-07
648596 1.46978e-07
281918 1.4677e-07
323605 1.46764e-07
257497 1.46556e-07
140566 1.46507e-07
54695 1.46372e-07
725192 1.46251e-07
490109 1.45718e-07
722177 1.45658e-07
263924 1.45616e-07
99739 1.45559e-07
18656 1.45455e-07
533886 1.45069e-07
716608 1.45043e-07
681749 1.44908e-07
363862 1.44855e-07
33298 1.44699e-07
521218 1.44637e-07
97766 1.44624e-07
651420 1.44622e-07
506004 1.44581e-07
484093 1.44528e-07
39598 1.44258e-07
20398 1.44233e-07
449840 1.44122e-07
465593 1.44041e-07
450685 1.43858e-07
12627 1.43671e-07
506198 1.43482e-07
67205 1.43466e-07
689626 1.43174e-07
738040 1.42922e-07
459910 1.42716e-07
610947 1.42424e-07
764342 1.42175e-07
651235 1.41691e-07
442060 1.41557e-07
408077 1.41557e-07
704829 1.41398e-07
572744 1.41369e-07
352381 1.41078e-07
464724 1.41061e-07
126715 1.40985e-07
607891 1.40842e-07
35067 1.40838e-07
441861 1.40403e-07
742249 1.40041e-07
228123 1.39942e-07
721085 1.39859e-07
47636 1.39826e-07
743070 1.39797e-07
265909 1.39748e-07
357472 1.39697e-07
54376 1.39635e-07
721669 1.39618e-07
6327 1.39607e-07
724967 1.39538e-07
596796 1.39536e-07
297097 1.39406e-07
764956 1.39299e-07
425370 1.39192e-07
504408 1.39129e-07
219871 1.38578e-07
397372 1.38303e-07
364459 1.3825e-07
306806 1.38208e-07
491265 1.38166e-07
440214 1.38111e-07
136727 1.37996e-07
696373 1.37908e-07
498327 1.37438e-07
379322 1.3735e-07
301690 1.3732e-07
217128 1.37205e-07
208 1.36487e-07
284150 1.36456e-07
134359 1.36438e-07
738055 1.36146e-07
270705 1.3526e-07
490010 1.3516e-07
58115 1.35058e-07
541601 1.3487e-07
390917 1.34825e-07
408202 1.34646e-07
436520 1.3448e-07
505966 1.34203e-07
532451 1.34163e-07
545664 1.33849e-07
557120 1.33818e-07
517450 1.33689e-07
7500 1.33456e-07
445821 1.33102e-07
607550 1.33035e-07
618064 1.32772e-07
244874 1.32473e-07
60653 1.32349e-07
107145 1.32138e-07
780906 1.31961e-07
283129 1.31816e-07
558604 1.31813e-07
197235 1.31677e-07
782452 1.31649e-07
736783 1.31272e-07
278467 1.31112e-07
590201 1.3108e-07
227892 1.30886e-07
61308 1.30875e-07
207050 1.3084e-07
747434 1.30831e-07
761821 1.3038e-07
91337 1.3031e-07
158656 1.29964e-07
98032 1.29876e-07
335210 1.29782e-07
105762 1.29769e-07
75930 1.29734e-07
607773 1.2969e-07
78875 1.29621e-07
98243 1.29485e-07
351919 1.2938e-07
227729 1.2935e-07
359021 1.29291e-07
320786 1.2918e-07
223814 1.29125e-07
763563 1.29041e-07
280894 1.28753e-07
55159 1.28741e-07
580382 1.28628e-07
77906 1.28511e-07
432836 1.28243e-07
664055 1.27928e-07
675599 1.27895e-07
743080 1.27886e-07
630883 1.27696e-07
236636 1.27603e-07
613497 1.27478e-07
39112 1.27174e-07
27270 1.2699e-07
51629 1.26814e-07
702736 1.26435e-07
434837 1.26177e-07
105786 1.25995e-07
238391 1.25758e-07
238446 1.25641e-07
450819 1.25391e-07
88238 1.25362e-07
111825 1.25113e-07
393801 1.24947e-07
786340 1.24737e-07
383737 1.24643e-07
276498 1.24582e-07
404070 1.24475e-07
155989 1.23741e-07
231280 1.23566e-07
440294 1.23534e-07
434529 1.23331e-07
65338 1.23284e-07
229344 1.2311e-07
749094 1.22719e-07
48013 1.22584e-07
359270 1.22446e-07
85621 1.22392e-07
392974 1.22321e-07
142156 1.22149e-07
128321 1.22015e-07
637707 1.21856e-07
498618 1.21813e-07
790044 1.21605e-07
292745 1.21556e-07
71431 1.21437e-07
512247 1.21271e-07
427925 1.20997e-07
39216 1.20984e-07
532059 1.2098e-07
500781 1.20968e-07
72631 1.20772e-07
559545 1.20613e-07
389489 1.20486e-07
138465 1.20175e-07
340256 1.1956e-07
441015 1.19475e-07
449623 1.1938e-07
77468 1.19358e-07
777606 1.19337e-07
447223 1.1918e-07
761361 1.18852e-07
647349 1.18668e-07
97894 1.18219e-07
790089 1.18198e-07
491810 1.18116e-07
731362 1.17942e-07
309160 1.17879e-07
777253 1.17639e-07
72210 1.17402e-07
709125 1.173e-07
78476 1.173e-07
62442 1.17145e-07
592951 1.17021e-07
742284 1.16704e-07
481877 1.16587e-07
439076 1.16432e-07
493935 1.1643e-07
743635 1.16399e-07
728299 1.16255e-07
88964 1.16019e-07
265974 1.15944e-07
261347 1.15793e-07
741426 1.15455e-07
65621 1.15336e-07
79104 1.15271e-07
187744 1.1491e-07
490928 1.14755e-07
306594 1.14637e-07
105819 1.14586e-07
616367 1.14455e-07
230707 1.14399e-07
719296 1.14321e-07
435631 1.14174e-07
51610 1.1416e-07
246862 1.13836e-07
529948 1.13804e-07
322484 1.13451e-07
430837 1.13093e-07
206177 1.13059e-07
435138 1.12909e-07
249337 1.12809e-07
176812 1.12792e-07
241115 1.12789e-07
605705 1.127e-07
659824 1.12665e-07
189120 1.12641e-07
111497 1.12581e-07
610834 1.12567e-07
721695 1.12562e-07
71048 1.12522e-07
244842 1.12447e-07
73514 1.124e-07
71575 1.1237e-07
267628 1.1232e-07
555305 1.12267e-07
326838 1.12264e-07
18945 1.12105e-07
240369 1.1205e-07
253356 1.11845e-07
575903 1.11785e-07
74114 1.11729e-07
374120 1.11501e-07
272491 1.11485e-07
285961 1.11468e-07
800772 1.11237e-07
3967 1.11193e-07
519461 1.11082e-07
721926 1.10998e-07
75027 1.10987e-07
746136 1.10905e-07
83789 1.1078e-07
618666 1.10577e-07
233460 1.10556e-07
170339 1.10464e-07
558148 1.10378e-07
238571 1.10363e-07
248976 1.10257e-07
394842 1.10142e-07
625551 1.10114e-07
41155 1.09941e-07
454038 1.09866e-07
491301 1.09864e-07
90832 1.09482e-07
710231 1.09311e-07
105454 1.09248e-07
661995 1.08745e-07
89273 1.08692e-07
444477 1.08586e-07
82275 1.08352e-07
38133 1.08251e-07
242942 1.08169e-07
143792 1.07964e-07
800728 1.07953e-07
634485 1.0788e-07
451925 1.07824e-07
27847 1.07613e-07
358342 1.07539e-07
764260 1.07405e-07
426415 1.07252e-07
192545 1.07227e-07
81585 1.07101e-07
669274 1.06743e-07
430737 1.06697e-07
608545 1.06431e-07
448121 1.06267e-07
289084 1.06185e-07
544665 1.06006e-07
579623 1.05985e-07
481231 1.05912e-07
11020 1.05888e-07
227161 1.05863e-07
592110 1.0584e-07
251313 1.05691e-07
304401 1.05531e-07
489992 1.05434e-07
515586 1.05299e-07
453539 1.05272e-07
367994 1.05219e-07
371507 1.04987e-07
453051 1.04963e-07
333762 1.04907e-07
704894 1.04816e-07
227133 1.04813e-07
518815 1.0467e-07
66703 1.04658e-07
336603 1.04599e-07
434918 1.04504e-07
562311 1.04209e-07
88686 1.04193e-07
490608 1.04088e-07
108744 1.03942e-07
459639 1.03748e-07
347839 1.03691e-07
507678 1.03384e-07
748416 1.03298e-07
201916 1.03239e-07
203194 1.03138e-07
247992 1.02887e-07
433240 1.02796e-07
274040 1.02478e-07
598335 1.0245e-07
471289 1.02362e-07
431483 1.02249e-07
514189 1.02077e-07
28157 1.02029e-07
203368 1.01989e-07
459206 1.01953e-07
469510 1.01577e-07
209727 1.01554e-07
233112 1.01538e-07
217005 1.0149e-07
241700 1.01472e-07
260318 1.01322e-07
7027 1.00783e-07
469554 1.00642e-07
355689 1.00606e-07
603266 1.00605e-07
734159 1.00593e-07
746016 1.00544e-07
490642 1.0053e-07
409359 1.00477e-07
221953 1.00463e-07
359477 1.00301e-07
6071 1.00204e-07
212880 1.00105e-07
785417 1.00092e-07
497489 9.99959e-08
318631 9.9916e-08
505846 9.98668e-08
800489 9.98106e-08
379210 9.97615e-08
794681 9.97602e-08
508492 9.96337e-08
711348 9.95424e-08
374493 9.94758e-08
630864 9.91933e-08
584485 9.90238e-08
747623 9.88411e-08
738796 9.88024e-08
449482 9.86749e-08
568251 9.8505e-08
708363 9.8342e-08
586483 9.83362e-08
799057 9.81949e-08
224445 9.81609e-08
351740 9.80842e-08
749829 9.80839e-08
448063 9.806e-08
653752 9.79744e-08
107251 9.78175e-08
479858 9.74821e-08
241577 9.73573e-08
98692 9.72008e-08
76361 9.69489e-08
587218 9.69454e-08
738978 9.68634e-08
232846 9.67869e-08
90338 9.66779e-08
691981 9.66331e-08
217433 9.64975e-08
220704 9.64726e-08
697767 9.63754e-08
80300 9.61835e-08
322374 9.60934e-08
555310 9.59199e-08
265459 9.57634e-08
610219 9.57313e-08
465009 9.57135e-08
779660 9.53679e-08
467160 9.53409e-08
562217 9.51647e-08
443790 9.48892e-08
724104 9.47372e-08
552377 9.46643e-08
285269 9.45988e-08
220831 9.45954e-08
471443 9.4485e-08
306997 9.43896e-08
167633 9.42372e-08
212423 9.42161e-08
782576 9.39013e-08
60004 9.3679e-08
729496 9.34977e-08
686743 9.34662e-08
642395 9.34299e-08
3756 9.34243e-08
425640 9.31646e-08
234079 9.31519e-08
293670 9.30701e-08
631883 9.2984e-08
535850 9.29059e-08
723927 9.28953e-08
33138 9.27761e-08
54655 9.26555e-08
491563 9.2599e-08
224447 9.24854e-08
156547 9.22985e-08
735106 9.22581e-08
92994 9.21773e-08
516291 9.19965e-08
74164 9.19788e-08
206976 9.1951e-08
127420 9.19394e-08
426868 9.18385e-08
549755 9.17148e-08
531415 9.16394e-08
17287 9.13554e-08
273657 9.1254e-08
775211 9.10492e-08
221900 9.09764e-08
483742 9.08555e-08
214397 9.08256e-08
192921 9.07637e-08
653568 9.05371e-08
641256 9.04802e-08
740510 9.04615e-08
254294 9.03958e-08
483431 9.02946e-08
793501 9.0118e-08
457189 9.00446e-08
601752 8.9714e-08
282015 8.95937e-08
511894 8.9099e-08
510504 8.89925e-08
522532 8.87993e-08
139258 8.87893e-08
86020 8.87147e-08
430447 8.86487e-08
370736 8.84217e-08
319158 8.82993e-08
284423 8.82067e-08
56150 8.81606e-08
470335 8.81058e-08
290264 8.80753e-08
677826 8.79986e-08
706064 8.7964e-08
522835 8.78267e-08
96289 8.76538e-08
251868 8.75794e-08
39181 8.74997e-08
223927 8.74515e-08
232330 8.74074e-08
74228 8.73859e-08
642716 8.72309e-08
461863 8.70698e-08
361618 8.70618e-08
546141 8.68385e-08
725214 8.68277e-08
51422 8.67559e-08
308942 8.67494e-08
336600 8.67157e-08
449193 8.67008e-08
589449 8.66937e-08
542582 8.66453e-08
730179 8.64608e-08
121622 8.63953e-08
80567 8.63712e-08
248392 8.63652e-08
548328 8.63014e-08
480692 8.62644e-08
758495 8.62368e-08
375536 8.58152e-08
536655 8.57033e-08
634568 8.56878e-08
408176 8.55579e-08
670646 8.54422e-08
771641 8.53565e-08
579718 8.52965e-08
266671 8.52683e-08
458264 8.52569e-08
21591 8.50665e-08
271517 8.5054e-08
501777 8.47213e-08
584938 8.4649e-08
644352 8.45894e-08
459877 8.42612e-08
776945 8.41937e-08
275314 8.41846e-08
747441 8.40973e-08
446467 8.39874e-08
796837 8.39382e-08
277024 8.32904e-08
785371 8.32366e-08
625798 8.29833e-08
755292 8.29524e-08
545173 8.27789e-08
453014 8.26248e-08
541742 8.2496e-08
422179 8.22712e-08
489693 8.21701e-08
696794 8.21301e-08
521662 8.20047e-08
79493 8.1938e-08
471983 8.19104e-08
535125 8.16239e-08
215631 8.15891e-08
327316 8.1414e-08
119796 8.13729e-08
167876 8.13186e-08
273521 8.12894e-08
737204 8.12085e-08
248358 8.11688e-08
675575 8.09637e-08
797099 8.09618e-08
99500 8.0873e-08
291062 8.05979e-08
516090 8.04954e-08
624058 8.04798e-08
47336 8.04483e-08
457919 8.00388e-08
105655 8.00135e-08
492428 8.00021e-08
238303 7.99713e-08
675347 7.99583e-08
339280 7.97354e-08
197907 7.97279e-08
161914 7.9719e-08
141579 7.96613e-08
793733 7.96425e-08
460845 7.94849e-08
466713 7.93623e-08
176631 7.9118e-08
279313 7.90958e-08
49984 7.90581e-08
86262 7.8724e-08
479523 7.85174e-08
431155 7.84853e-08
22208 7.8376e-08
440595 7.83716e-08
767470 7.82333e-08
777162 7.82285e-08
18810 7.80829e-08
104154 7.8023e-08
581861 7.79514e-08
183292 7.78213e-08
53133 7.77863e-08
109533 7.77679e-08
402901 7.76995e-08
442847 7.76833e-08
624918 7.76149e-08
262540 7.75453e-08
466885 7.74345e-08
16949 7.74074e-08
519163 7.73828e-08
186216 7.73004e-08
222766 7.72943e-08
649479 7.71282e-08
340671 7.70907e-08
578274 7.70798e-08
97503 7.70393e-08
504389 7.70107e-08
547627 7.69792e-08
569461 7.68408e-08
499759 7.6685e-08
68760 7.6659e-08
296364 7.6562e-08
230115 7.62404e-08
157497 7.61518e-08
8033 7.59351e-08
641806 7.54644e-08
444841 7.53699e-08
299542 7.53435e-08
625653 7.5271e-08
615117 7.50678e-08
55447 7.48292e-08
98288 7.45685e-08
674706 7.45679e-08
611986 7.45643e-08
478784 7.45584e-08
536446 7.45426e-08
28901 7.45346e-08
290111 7.45213e-08
539354 7.43966e-08
42579 7.43776e-08
276430 7.43696e-08
539468 7.42868e-08
423511 7.42134e-08
370142 7.41319e-08
356871 7.41249e-08
256172 7.40038e-08
193502 7.39761e-08
586829 7.39608e-08
490318 7.39517e-08
266199 7.37734e-08
534254 7.37409e-08
14972 7.36467e-08
580185 7.35864e-08
50876 7.3556e-08
158860 7.34116e-08
278589 7.31449e-08
470732 7.31231e-08
482139 7.3014e-08
627606 7.29725e-08
298396 7.2751e-08
142405 7.27454e-08
243290 7.25787e-08
27835 7.24889e-08
443661 7.24856e-08
432699 7.2485e-08
51703 7.2453e-08
148827 7.24438e-08
280340 7.23689e-08
787134 7.23328e-08
15885 7.22205e-08
493274 7.22132e-08
758002 7.22041e-08
18225 7.21797e-08
139685 7.21148e-08
499954 7.20336e-08
463987 7.19453e-08
287140 7.18976e-08
369475 7.1886e-08
45451 7.1873e-08
349361 7.17667e-08
679104 7.17485e-08
580973 7.16089e-08
266075 7.13016e-08
246844 7.11821e-08
510647 7.11478e-08
34880 7.1028e-08
379372 7.10012e-08
546161 7.09707e-08
595214 7.07931e-08
475468 7.0775e-08
87569 7.05284e-08
430448 7.04054e-08
500555 7.03686e-08
101867 7.03065e-08
497147 7.01168e-08
478131 7.01124e-08
587691 7.00934e-08
375634 7.00648e-08
359940 7.00388e-08
749127 6.98432e-08
455593 6.96618e-08
642257 6.95722e-08
343006 6.95201e-08
437258 6.94999e-08
788546 6.94948e-08
320170 6.94896e-08
540524 6.92591e-08
396470 6.92167e-08
505198 6.89096e-08
362246 6.88644e-08
788345 6.88332e-08
183571 6.86951e-08
793637 6.83801e-08
112786 6.83575e-08
101833 6.8357e-08
423275 6.81977e-08
475777 6.8158e-08
686154 6.81022e-08
724771 6.7992e-08
180856 6.7943e-08
383709 6.79388e-08
80510 6.79191e-08
311386 6.77446e-08
576733 6.76685e-08
546915 6.76515e-08
661206 6.75593e-08
491232 6.73782e-08
112017 6.73781e-08
340438 6.73628e-08
294887 6.72394e-08
184720 6.70796e-08
431397 6.7057e-08
445937 6.70518e-08
455640 6.68999e-08
136502 6.68153e-08
543440 6.67423e-08
215131 6.66835e-08
32129 6.65991e-08
491610 6.65242e-08
114229 6.65124e-08
363152 6.6452e-08
727536 6.62887e-08
12865 6.62818e-08
437619 6.60996e-08
458133 6.6038e-08
38216 6.60025e-08
33457 6.59745e-08
439558 6.59124e-08
337611 6.58032e-08
493083 6.57999e-08
247089 6.57679e-08
55199 6.57524e-08
481018 6.57267e-08
306831 6.56923e-08
752784 6.5558e-08
160911 6.55297e-08
565477 6.54429e-08
340461 6.54332e-08
460627 6.54062e-08
496565 6.53044e-08
699630 6.52916e-08
103116 6.51796e-08
720260 6.51667e-08
354175 6.49305e-08
47140 6.47637e-08
351945 6.46776e-08
511539 6.46522e-08
340968 6.46119e-08
505339 6.44585e-08
453508 6.44495e-08
337821 6.44426e-08
698219 6.4328e-08
614076 6.43252e-08
680098 6.43238e-08
747 6.42802e-08
244718 6.40104e-08
440298 6.37107e-08
647392 6.36724e-08
87144 6.3518e-08
217164 6.35125e-08
660711 6.34247e-08
521712 6.33559e-08
762908 6.31061e-08
762551 6.30784e-08
785313 6.2856e-08
289484 6.28556e-08
216164 6.27908e-08
798704 6.27575e-08
557931 6.27283e-08
505630 6.26727e-08
152360 6.2654e-08
502102 6.24645e-08
142051 6.24636e-08
474879 6.24447e-08
288883 6.24103e-08
661191 6.23345e-08
124447 6.22944e-08
60420 6.2263e-08
536961 6.22261e-08
380062 6.22053e-08
151926 6.21849e-08
684309 6.21578e-08
715799 6.2143e-08
344959 6.20063e-08
365607 6.20041e-08
501243 6.18919e-08
73221 6.18456e-08
37047 6.17436e-08
361154 6.15363e-08
772226 6.1489e-08
11838 6.144e-08
521806 6.13787e-08
78204 6.13302e-08
94354 6.12086e-08
247241 6.09941e-08
646989 6.09342e-08
431124 6.07762e-08
743779 6.07262e-08
732718 6.04142e-08
48933 6.03346e-08
797616 6.03103e-08
721185 6.02299e-08
525366 6.0222e-08
21893 6.01932e-08
132566 6.01604e-08
391029 6.00896e-08
152665 6.00835e-08
144846 6.00324e-08
93531 5.99705e-08
90896 5.99538e-08
696781 5.98828e-08
219373 5.98383e-08
8463 5.97421e-08
132668 5.96958e-08
629748 5.96428e-08
763015 5.95943e-08
556134 5.95569e-08
145090 5.94756e-08
88329 5.94054e-08
58886 5.92909e-08
107296 5.91836e-08
236943 5.90872e-08
259284 5.90784e-08
257934 5.90229e-08
498217 5.88749e-08
90291 5.87722e-08
363030 5.87274e-08
451708 5.87128e-08
750254 5.86725e-08
493008 5.86248e-08
743200 5.851e-08
764806 5.8424e-08
154268 5.83328e-08
250908 5.82729e-08
518595 5.81372e-08
8184 5.8105e-08
382763 5.80893e-08
493515 5.80517e-08
634020 5.80391e-08
307983 5.79089e-08
636992 5.78759e-08
74264 5.78284e-08
520271 5.78048e-08
276228 5.7703e-08
795875 5.76466e-08
464333 5.75932e-08
362183 5.75794e-08
777321 5.75496e-08
234067 5.74144e-08
110816 5.7368e-08
732403 5.72346e-08
278794 5.7214e-08
73125 5.72137e-08
532502 5.71887e-08
429653 5.70855e-08
232903 5.70713e-08
759988 5.70562e-08
327712 5.70073e-08
22640 5.69268e-08
469133 5.68158e-08
397937 5.67864e-08
218223 5.6743e-08
391417 5.67364e-08
77910 5.66838e-08
426437 5.65774e-08
610706 5.64619e-08
463071 5.64121e-08
753285 5.64038e-08
24168 5.62744e-08
577291 5.62666e-08
524764 5.62279e-08
743066 5.61942e-08
490953 5.6167e-08
5075 5.60575e-08
797705 5.60347e-08
553486 5.60177e-08
648032 5.59938e-08
55671 5.59425e-08
612632 5.58723e-08
6807 5.58157e-08
500527 5.57412e-08
438925 5.56626e-08
475656 5.53261e-08
487194 5.53175e-08
691607 5.5302e-08
489911 5.52815e-08
422227 5.51793e-08
489173 5.51488e-08
411888 5.50575e-08
608659 5.50369e-08
87775 5.49229e-08
42543 5.49078e-08
516973 5.48595e-08
299059 5.4794e-08
319251 5.47908e-08
765549 5.4746e-08
474331 5.47034e-08
437594 5.46814e-08
227564 5.46137e-08
489801 5.46116e-08
559659 5.4547e-08
271410 5.44833e-08
494158 5.44389e-08
94289 5.44263e-08
198594 5.43791e-08
266789 5.43328e-08
157252 5.41272e-08
460872 5.40721e-08
56682 5.40138e-08
472705 5.40097e-08
487115 5.39155e-08
548348 5.3828e-08
96513 5.37406e-08
225274 5.36837e-08
6938 5.36744e-08
445654 5.36488e-08
577869 5.36258e-08
538628 5.34539e-08
19559 5.34523e-08
357511 5.34516e-08
788659 5.33966e-08
249617 5.33487e-08
150207 5.33052e-08
147612 5.32618e-08
107131 5.32534e-08
750364 5.31863e-08
441278 5.30878e-08
289003 5.30792e-08
656217 5.30758e-08
446986 5.30448e-08
701149 5.30221e-08
517480 5.29888e-08
423858 5.29451e-08
302373 5.27988e-08
643647 5.27317e-08
604808 5.26648e-08
72102 5.26191e-08
492677 5.24456e-08
784567 5.23962e-08
568874 5.22538e-08
156343 5.22239e-08
230434 5.21752e-08
356944 5.20781e-08
4017 5.19504e-08
42679 5.18769e-08
324333 5.17955e-08
15124 5.17916e-08
234502 5.1686e-08
289314 5.16661e-08
126265 5.13662e-08
422744 5.13552e-08
375235 5.13516e-08
516919 5.13484e-08
613340 5.13372e-08
482090 5.12395e-08
556924 5.12226e-08
534196 5.11809e-08
459941 5.10969e-08
197725 5.09437e-08
437057 5.09293e-08
642993 5.09174e-08
240146 5.08996e-08
298143 5.08529e-08
719344 5.08066e-08
253630 5.0681e-08
658153 5.06649e-08
333742 5.05596e-08
435097 5.05297e-08
217309 5.03967e-08
772724 5.03499e-08
283152 5.03061e-08
19906 5.0277e-08
354070 5.01863e-08
633708 5.01667e-08
30763 5.00465e-08
682478 4.98874e-08
271296 4.98565e-08
748531 4.97652e-08
11176 4.97383e-08
341575 4.96907e-08
498172 4.95725e-08
28109 4.94622e-08
19756 4.93376e-08
70524 4.91086e-08
212553 4.90994e-08
379714 4.90514e-08
775440 4.90302e-08
757468 4.90062e-08
433796 4.89417e-08
547107 4.88822e-08
408552 4.88745e-08
14006 4.8758e-08
483930 4.87148e-08
337133 4.87079e-08
496067 4.8687e-08
625218 4.86457e-08
503274 4.86366e-08
797699 4.86009e-08
596359 4.85423e-08
594913 4.84934e-08
482364 4.82352e-08
69534 4.81646e-08
484637 4.81362e-08
417555 4.80932e-08
777677 4.80908e-08
2843 4.80044e-08
794273 4.79526e-08
643337 4.79404e-08
256232 4.79046e-08
309586 4.78849e-08
24928 4.78649e-08
740755 4.77162e-08
480601 4.76523e-08
789848 4.76236e-08
252638 4.76209e-08
485502 4.75199e-08
694154 4.74034e-08
551471 4.73921e-08
202148 4.73544e-08
506620 4.73421e-08
27563 4.72392e-08
241085 4.71798e-08
606032 4.71666e-08
176574 4.68933e-08
621291 4.67996e-08
198190 4.6797e-08
661656 4.66722e-08
130774 4.65505e-08
420408 4.64838e-08
631847 4.64566e-08
778332 4.6396e-08
465993 4.63746e-08
255537 4.63227e-08
716745 4.62376e-08
745267 4.61884e-08
512916 4.60607e-08
501941 4.60363e-08
13858 4.60336e-08
561776 4.57641e-08
410436 4.56605e-08
675362 4.56292e-08
560576 4.55792e-08
249972 4.55315e-08
350725 4.54634e-08
561397 4.53501e-08
10804 4.5319e-08
391347 4.52113e-08
664180 4.52009e-08
541920 4.51929e-08
79449 4.51004e-08
328738 4.50499e-08
765555 4.50409e-08
13949 4.50324e-08
187111 4.5008e-08
306782 4.49561e-08
425701 4.49093e-08
795286 4.49043e-08
299084 4.48946e-08
686072 4.47425e-08
26107 4.47259e-08
527336 4.45847e-08
282427 4.4339e-08
537700 4.4335e-08
615427 4.4305e-08
637112 4.42506e-08
646829 4.42295e-08
780872 4.42158e-08
246261 4.41619e-08
712769 4.41598e-08
506839 4.40158e-08
249818 4.39769e-08
455983 4.39691e-08
281816 4.3951e-08
76461 4.39072e-08
174449 4.38035e-08
221465 4.37311e-08
460554 4.36925e-08
623673 4.34859e-08
438408 4.34458e-08
190157 4.34118e-08
87151 4.33132e-08
42708 4.32587e-08
759883 4.32417e-08
54910 4.32205e-08
40131 4.32031e-08
96309 4.2989e-08
129973 4.29757e-08
111932 4.29521e-08
495457 4.29122e-08
424263 4.28676e-08
457243 4.28634e-08
659173 4.28124e-08
31969 4.27867e-08
421781 4.27796e-08
23109 4.26882e-08
107510 4.2666e-08
151021 4.25619e-08
3800 4.25014e-08
459068 4.24292e-08
649898 4.24214e-08
711341 4.23734e-08
468733 4.23606e-08
266049 4.22843e-08
200837 4.22482e-08
232500 4.22437e-08
712802 4.22119e-08
130198 4.19462e-08
489301 4.19129e-08
247449 4.18249e-08
11593 4.17687e-08
471370 4.17586e-08
68683 4.17553e-08
238244 4.17455e-08
431299 4.16997e-08
466893 4.16855e-08
12327 4.15811e-08
430867 4.15475e-08
728823 4.14993e-08
276381 4.146e-08
398415 4.14559e-08
454152 4.14478e-08
251285 4.13511e-08
652546 4.12804e-08
506524 4.12676e-08
706921 4.12268e-08
69756 4.11898e-08
793717 4.11362e-08
21088 4.10774e-08
239643 4.10236e-08
490660 4.098e-08
491217 4.08593e-08
764523 4.08435e-08
370255 4.07514e-08
704753 4.0743e-08
593248 4.07077e-08
289795 4.0553e-08
430139 4.02345e-08
674006 4.01985e-08
214487 4.00571e-08
231485 4.00467e-08
640083 4.00392e-08
705631 3.99623e-08
353890 3.96646e-08
759476 3.95847e-08
497557 3.95133e-08
286301 3.95062e-08
712443 3.94776e-08
740669 3.94721e-08
456600 3.94263e-08
197277 3.93043e-08
54558 3.92888e-08
509915 3.9277e-08
240224 3.92719e-08
333498 3.9168e-08
478464 3.91672e-08
132745 3.9153e-08
87043 3.91384e-08
444315 3.91077e-08
254657 3.90421e-08
73017 3.8992e-08
737833 3.89874e-08
150499 3.88177e-08
24525 3.87975e-08
209258 3.87504e-08
324229 3.87107e-08
273451 3.85879e-08
379225 3.85688e-08
189248 3.85581e-08
316091 3.84715e-08
390537 3.84581e-08
705624 3.84498e-08
441110 3.84463e-08
68434 3.84227e-08
500587 3.8325e-08
650806 3.80164e-08
597429 3.80107e-08
544456 3.80055e-08
507005 3.79772e-08
799583 3.79538e-08
360999 3.79285e-08
103519 3.7883e-08
176561 3.78531e-08
763850 3.77467e-08
273236 3.7741e-08
127017 3.7688e-08
713827 3.76655e-08
329813 3.75584e-08
51218 3.75355e-08
424813 3.7458e-08
430635 3.74536e-08
489171 3.74125e-08
448923 3.73588e-08
281178 3.73324e-08
17331 3.7305e-08
308146 3.71155e-08
168370 3.71094e-08
511201 3.70864e-08
253332 3.69415e-08
87976 3.69147e-08
129322 3.68934e-08
174678 3.68808e-08
479955 3.67344e-08
607276 3.6556e-08
726090 3.65428e-08
256226 3.65388e-08
403277 3.64782e-08
797874 3.64683e-08
285700 3.6374e-08
320379 3.62943e-08
50124 3.62941e-08
57123 3.619e-08
440653 3.60347e-08
538412 3.58962e-08
670046 3.58537e-08
121633 3.58377e-08
493170 3.58243e-08
555693 3.5811e-08
733775 3.57965e-08
227005 3.57633e-08
182559 3.57241e-08
762104 3.57168e-08
214234 3.57084e-08
469223 3.5704e-08
163497 3.56652e-08
68572 3.56379e-08
45584 3.55445e-08
433852 3.55167e-08
59137 3.54146e-08
249708 3.5402e-08
182574 3.53718e-08
418778 3.53621e-08
693710 3.53512e-08
421515 3.53342e-08
414637 3.53153e-08
510645 3.52647e-08
42461 3.51867e-08
99329 3.51545e-08
513818 3.51305e-08
451166 3.50553e-08
636757 3.50546e-08
626361 3.50516e-08
124510 3.50312e-08
454766 3.50228e-08
226253 3.50003e-08
510130 3.49844e-08
628813 3.48971e-08
596371 3.48413e-08
308798 3.48123e-08
135376 3.46761e-08
456196 3.45509e-08
728095 3.44815e-08
472338 3.44337e-08
63307 3.44266e-08
210663 3.44021e-08
68403 3.42154e-08
36599 3.41803e-08
541244 3.41395e-08
466726 3.40858e-08
379026 3.40715e-08
130551 3.40689e-08
699720 3.40305e-08
443678 3.39788e-08
683499 3.39787e-08
432583 3.39568e-08
220114 3.39481e-08
273277 3.38792e-08
159849 3.38711e-08
421432 3.38694e-08
614866 3.37962e-08
785914 3.37885e-08
604879 3.37843e-08
186658 3.37539e-08
110865 3.36642e-08
703190 3.36615e-08
293064 3.36e-08
95316 3.3565e-08
489217 3.35562e-08
789987 3.34027e-08
390571 3.33466e-08
337860 3.32944e-08
99790 3.32502e-08
239096 3.31491e-08
230490 3.29718e-08
108374 3.29661e-08
454150 3.28823e-08
554432 3.27744e-08
731346 3.27706e-08
218050 3.27637e-08
538354 3.26844e-08
94216 3.26657e-08
438883 3.26137e-08
627210 3.25271e-08
764776 3.25226e-08
544919 3.25004e-08
314578 3.23241e-08
449743 3.22865e-08
428879 3.2247e-08
176056 3.22429e-08
265571 3.20492e-08
715079 3.20366e-08
656662 3.20345e-08
578691 3.1975e-08
744574 3.19402e-08
800127 3.18526e-08
771913 3.17811e-08
166733 3.16853e-08
373834 3.1676e-08
720594 3.16759e-08
412390 3.16069e-08
98173 3.16034e-08
515179 3.15163e-08
42080 3.1423e-08
787167 3.14057e-08
84322 3.13891e-08
56566 3.13831e-08
507626 3.13137e-08
465685 3.12197e-08
78046 3.11867e-08
261091 3.11807e-08
700581 3.11781e-08
764882 3.11436e-08
689587 3.1143e-08
26249 3.11201e-08
526032 3.10931e-08
48936 3.10854e-08
18309 3.10523e-08
541193 3.10318e-08
382230 3.10189e-08
539955 3.09757e-08
625826 3.09338e-08
31316 3.07791e-08
670220 3.07597e-08
671867 3.07585e-08
554149 3.06981e-08
267923 3.06938e-08
436178 3.06355e-08
54069 3.05687e-08
124130 3.04038e-08
16350 3.03986e-08
572029 3.03797e-08
36462 3.0282e-08
219448 3.02364e-08
516751 3.0235e-08
285365 3.02244e-08
275609 3.0201e-08
386710 3.01682e-08
286535 3.01626e-08
340509 3.01422e-08
673530 3.00756e-08
598765 3.00506e-08
349156 3.00475e-08
625080 3.004e-08
493872 2.99548e-08
18704 2.96938e-08
757668 2.96813e-08
737376 2.9615e-08
142822 2.95929e-08
788039 2.95854e-08
42014 2.95662e-08
596523 2.95438e-08
34308 2.95363e-08
172798 2.94746e-08
115331 2.93967e-08
221192 2.93875e-08
168508 2.93159e-08
598595 2.92681e-08
102567 2.91213e-08
9596 2.90791e-08
660730 2.9057e-08
55982 2.90533e-08
578285 2.90532e-08
189040 2.90438e-08
636183 2.90343e-08
7320 2.90341e-08
381951 2.90298e-08
465995 2.90235e-08
254442 2.90146e-08
62992 2.89431e-08
688399 2.89242e-08
695969 2.88007e-08
125534 2.87586e-08
774740 2.87512e-08
297895 2.87073e-08
97714 2.86926e-08
155509 2.86193e-08
276631 2.85894e-08
48842 2.85836e-08
53359 2.85826e-08
15242 2.85127e-08
51160 2.84776e-08
658497 2.83903e-08
167959 2.82e-08
253905 2.81943e-08
65105 2.80833e-08
486968 2.76039e-08
279066 2.75119e-08
315342 2.74216e-08
328653 2.73223e-08
321714 2.73098e-08
465767 2.72896e-08
146820 2.72254e-08
740481 2.71639e-08
781914 2.71533e-08
491811 2.71281e-08
102064 2.7123e-08
623395 2.71115e-08
55952 2.70888e-08
68526 2.69798e-08
208748 2.69622e-08
514400 2.6947e-08
222819 2.68253e-08
784134 2.67488e-08
686852 2.67178e-08
714595 2.66873e-08
176011 2.63188e-08
466691 2.63179e-08
742070 2.62846e-08
270945 2.62529e-08
657161 2.60358e-08
162977 2.60262e-08
524046 2.59852e-08
256124 2.5973e-08
490310 2.59629e-08
589712 2.58384e-08
124228 2.57856e-08
461246 2.57043e-08
739362 2.5689e-08
287024 2.56625e-08
480027 2.56606e-08
504523 2.5657e-08
275311 2.56325e-08
438203 2.55474e-08
210345 2.53529e-08
537694 2.52716e-08
528434 2.52636e-08
386369 2.5217e-08
687827 2.51875e-08
287503 2.51161e-08
37697 2.50214e-08
332624 2.49273e-08
105804 2.49052e-08
470516 2.48843e-08
438936 2.48464e-08
752416 2.48202e-08
54086 2.48e-08
484921 2.47753e-08
441027 2.47258e-08
795711 2.46851e-08
561606 2.45926e-08
228903 2.45443e-08
86563 2.45379e-08
340455 2.44943e-08
399645 2.44667e-08
636841 2.44289e-08
648593 2.44234e-08
49860 2.44219e-08
249611 2.43907e-08
726080 2.43374e-08
132845 2.43026e-08
700371 2.42742e-08
64387 2.41626e-08
773430 2.41617e-08
280622 2.41501e-08
679425 2.4105e-08
220345 2.40898e-08
662104 2.40596e-08
501460 2.40235e-08
20682 2.38642e-08
101507 2.37269e-08
680628 2.3695e-08
431160 2.36733e-08
12320 2.3657e-08
183687 2.36176e-08
213564 2.35879e-08
363254 2.35711e-08
206201 2.35704e-08
797247 2.34918e-08
68992 2.34692e-08
771705 2.34278e-08
524290 2.33818e-08
395120 2.33482e-08
677853 2.33262e-08
273028 2.33036e-08
697189 2.32986e-08
267783 2.32944e-08
50793 2.32795e-08
58799 2.32408e-08
393492 2.31867e-08
551216 2.31689e-08
741015 2.31549e-08
782186 2.31458e-08
442106 2.31432e-08
603040 2.31243e-08
33069 2.30157e-08
542047 2.29005e-08
510996 2.27427e-08
351754 2.26948e-08
90787 2.2643e-08
49631 2.25464e-08
801711 2.24885e-08
82322 2.24076e-08
231784 2.23646e-08
309457 2.22274e-08
507333 2.22014e-08
713063 2.21609e-08
10015 2.21431e-08
23073 2.20953e-08
422318 2.20753e-08
38757 2.20178e-08
237887 2.19899e-08
471027 2.19791e-08
288694 2.18733e-08
39242 2.16698e-08
11485 2.16511e-08
241716 2.15993e-08
495583 2.15633e-08
221410 2.15369e-08
150880 2.14391e-08
529201 2.14384e-08
140408 2.14281e-08
54003 2.14032e-08
658446 2.13171e-08
474619 2.11948e-08
42497 2.11344e-08
387159 2.10864e-08
338549 2.10123e-08
787366 2.0895e-08
630625 2.08681e-08
99158 2.07517e-08
160336 2.06981e-08
233790 2.06612e-08
316987 2.0619e-08
796423 2.0617e-08
499311 2.05513e-08
8806 2.04002e-08
539787 2.03882e-08
40697 2.03763e-08
540550 2.03009e-08
235730 2.02746e-08
259261 2.02196e-08
787181 2.02083e-08
294648 2.01935e-08
57701 2.01813e-08
641036 2.01568e-08
537333 2.01081e-08
71827 2.009e-08
416035 2.00684e-08
63043 1.99464e-08
196532 1.98824e-08
477553 1.98636e-08
49655 1.97695e-08
161846 1.97657e-08
705422 1.97182e-08
101683 1.96402e-08
122593 1.96357e-08
450493 1.96193e-08
626852 1.95415e-08
278773 1.9525e-08
723674 1.9395e-08
76188 1.93536e-08
116367 1.93423e-08
109963 1.93331e-08
217918 1.93119e-08
464593 1.92648e-08
693450 1.92229e-08
422183 1.921e-08
714159 1.91981e-08
635446 1.90965e-08
214049 1.88564e-08
30206 1.88475e-08
92446 1.88346e-08
625202 1.87929e-08
636767 1.879e-08
541041 1.87544e-08
742091 1.87214e-08
566062 1.87188e-08
446017 1.87072e-08
190730 1.8531e-08
226299 1.85295e-08
82903 1.8492e-08
373034 1.84789e-08
14348 1.84034e-08
12832 1.83752e-08
518489 1.83563e-08
390116 1.83366e-08
6356 1.83235e-08
717872 1.82296e-08
110579 1.8155e-08
646915 1.81267e-08
51180 1.81133e-08
593274 1.80952e-08
241029 1.80655e-08
788244 1.80537e-08
504680 1.79977e-08
624654 1.79518e-08
421863 1.78498e-08
498125 1.78185e-08
18820 1.7792e-08
14387 1.77872e-08
381661 1.77499e-08
527505 1.77387e-08
438732 1.77155e-08
12822 1.76807e-08
14578 1.76344e-08
340244 1.7613e-08
787269 1.75933e-08
12967 1.75795e-08
461019 1.7574e-08
379656 1.75544e-08
493997 1.75183e-08
201087 1.75078e-08
259302 1.74452e-08
655681 1.74019e-08
712326 1.73989e-08
60808 1.73961e-08
361153 1.73763e-08
489589 1.73395e-08
46621 1.73228e-08
378969 1.73204e-08
359507 1.72719e-08
181476 1.72619e-08
797538 1.7211e-08
247803 1.72007e-08
51737 1.71481e-08
342600 1.70562e-08
209315 1.70172e-08
7206 1.6999e-08
447026 1.67553e-08
660368 1.67454e-08
288125 1.67437e-08
445013 1.66308e-08
687285 1.66054e-08
21033 1.65973e-08
314524 1.65235e-08
285197 1.65015e-08
529389 1.64898e-08
113861 1.64672e-08
20605 1.64402e-08
701451 1.64149e-08
214053 1.64117e-08
102272 1.63673e-08
124427 1.6367e-08
91659 1.63112e-08
389470 1.62045e-08
51442 1.61738e-08
19694 1.61005e-08
323829 1.60093e-08
463619 1.59925e-08
359515 1.59239e-08
24053 1.58728e-08
116174 1.58341e-08
209427 1.58158e-08
557192 1.5769e-08
17797 1.57368e-08
298930 1.57288e-08
607710 1.57263e-08
498427 1.56823e-08
213181 1.56741e-08
93 1.5561e-08
181893 1.55608e-08
764101 1.5475e-08
706685 1.54009e-08
771698 1.53983e-08
619480 1.52622e-08
706742 1.51971e-08
626900 1.51903e-08
85550 1.51722e-08
441119 1.50951e-08
273662 1.50887e-08
357884 1.50526e-08
235615 1.50488e-08
304049 1.50419e-08
448316 1.49883e-08
357915 1.49761e-08
118335 1.49093e-08
325830 1.49038e-08
597724 1.48312e-08
502851 1.48098e-08
432000 1.47921e-08
485024 1.4771e-08
236707 1.47705e-08
678521 1.47501e-08
104933 1.47255e-08
499205 1.47166e-08
336157 1.47066e-08
101513 1.46664e-08
85546 1.46526e-08
203228 1.45951e-08
557555 1.45792e-08
225057 1.45457e-08
613873 1.45132e-08
779357 1.44856e-08
560912 1.44662e-08
412434 1.42858e-08
279275 1.42836e-08
430948 1.41337e-08
279933 1.4101e-08
775240 1.40897e-08
474470 1.39883e-08
375240 1.38985e-08
48079 1.38926e-08
345831 1.38914e-08
656323 1.38534e-08
223690 1.38475e-08
507235 1.38378e-08
451203 1.38367e-08
685434 1.38237e-08
29196 1.38185e-08
454162 1.37877e-08
38111 1.37851e-08
558063 1.37746e-08
391100 1.36481e-08
129780 1.34935e-08
480015 1.33414e-08
649021 1.334e-08
246544 1.32554e-08
762436 1.32444e-08
402091 1.32413e-08
99643 1.32044e-08
234265 1.32024e-08
765927 1.3193e-08
557524 1.31671e-08
501958 1.30921e-08
279738 1.30791e-08
498061 1.30519e-08
364078 1.303e-08
694224 1.29967e-08
23450 1.29504e-08
699702 1.29378e-08
176564 1.29351e-08
636315 1.28309e-08
26494 1.27787e-08
476554 1.26464e-08
242214 1.26145e-08
224442 1.25944e-08
632161 1.25923e-08
188071 1.25883e-08
139450 1.25799e-08
766006 1.23582e-08
524019 1.23468e-08
324157 1.23372e-08
410661 1.23353e-08
739838 1.23114e-08
632738 1.22775e-08
433981 1.22428e-08
372042 1.22021e-08
626826 1.21647e-08
286917 1.21176e-08
689310 1.21163e-08
501275 1.20854e-08
592103 1.20618e-08
527494 1.20294e-08
392813 1.19965e-08
465923 1.19635e-08
781636 1.196e-08
756155 1.19496e-08
601328 1.19255e-08
230036 1.19134e-08
442729 1.1893e-08
281157 1.18871e-08
648464 1.18138e-08
47709 1.18113e-08
619607 1.17942e-08
708755 1.17672e-08
466645 1.1757e-08
701853 1.1721e-08
598001 1.17181e-08
354503 1.16918e-08
448195 1.16752e-08
189760 1.16686e-08
579676 1.16119e-08
41389 1.15969e-08
235747 1.15669e-08
158793 1.15027e-08
522619 1.15006e-08
147945 1.13582e-08
248781 1.12687e-08
230719 1.11857e-08
292575 1.11615e-08
484915 1.11505e-08
680890 1.11152e-08
75032 1.10934e-08
275280 1.10299e-08
133523 1.09885e-08
398813 1.09848e-08
515978 1.09693e-08
721001 1.09558e-08
280810 1.09233e-08
179954 1.09149e-08
514086 1.09073e-08
519115 1.08783e-08
642276 1.08511e-08
243739 1.08058e-08
152443 1.08046e-08
188019 1.07887e-08
176393 1.06222e-08
47968 1.06005e-08
249026 1.05868e-08
561296 1.04942e-08
518062 1.04917e-08
643569 1.04904e-08
56446 1.04826e-08
519497 1.04785e-08
245911 1.04779e-08
44166 1.04549e-08
241414 1.04291e-08
488261 1.04161e-08
657865 1.04027e-08
692450 1.03896e-08
537159 1.0373e-08
283770 1.03602e-08
195908 1.03346e-08
232424 1.03238e-08
398263 1.02853e-08
584708 1.02813e-08
795952 1.02563e-08
261088 1.02342e-08
378844 1.02321e-08
631142 1.02287e-08
47864 1.02169e-08
23049 1.02024e-08
102073 1.01691e-08
599701 1.01242e-08
54135 1.01237e-08
513799 1.01069e-08
239445 1.00655e-08
723038 1.00509e-08
516735 1.00442e-08
252899 1.0041e-08
647443 1.00051e-08
14374 9.93632e-09
783245 9.93548e-09
765635 9.89264e-09
167067 9.85792e-09
730039 9.85175e-09
187634 9.84169e-09
507417 9.83421e-09
610873 9.78181e-09
273869 9.73308e-09
88858 9.72369e-09
479826 9.71445e-09
672304 9.64594e-09
516949 9.645e-09
8839 9.55006e-09
219053 9.50826e-09
289806 9.48471e-09
355771 9.45215e-09
285431 9.44013e-09
71088 9.40317e-09
755659 9.37814e-09
789638 9.29788e-09
329924 9.28284e-09
135106 9.19752e-09
141551 9.18838e-09
726934 9.17244e-09
146125 9.14274e-09
100944 9.11765e-09
414589 9.06079e-09
118652 9.03445e-09
775319 9.03188e-09
179321 9.01451e-09
317409 8.98477e-09
19064 8.97627e-09
524813 8.94463e-09
237278 8.9161e-09
282294 8.91473e-09
785752 8.88036e-09
86610 8.87916e-09
69548 8.83383e-09
582747 8.81354e-09
282559 8.7697e-09
556068 8.68267e-09
27164 8.6705e-09
569065 8.60994e-09
358557 8.59744e-09
386887 8.50537e-09
585697 8.49011e-09
468419 8.49009e-09
790212 8.34235e-09
25816 8.33756e-09
199072 8.31775e-09
486099 8.26541e-09
679746 8.14229e-09
731786 8.13741e-09
148654 8.128e-09
424669 8.08256e-09
395217 8.07937e-09
517708 8.06181e-09
199574 8.04987e-09
544868 8.02988e-09
245640 8.02023e-09
368083 8.01499e-09
64778 7.99353e-09
793356 7.99255e-09
379498 7.97215e-09
738845 7.96831e-09
727778 7.92041e-09
146259 7.91768e-09
636568 7.91751e-09
93231 7.88371e-09
182506 7.85869e-09
654079 7.82598e-09
757896 7.80306e-09
461486 7.79211e-09
41792 7.76986e-09
637332 7.69487e-09
548105 7.65716e-09
781262 7.57583e-09
486290 7.53497e-09
610060 7.52533e-09
502187 7.50416e-09
455117 7.45937e-09
511153 7.45543e-09
514118 7.41993e-09
503970 7.41296e-09
719032 7.37229e-09
213115 7.36277e-09
22091 7.35447e-09
349742 7.33311e-09
21779 7.2993e-09
750558 7.27681e-09
715267 7.22419e-09
100133 7.14712e-09
22937 7.12528e-09
526799 7.10903e-09
401441 7.07647e-09
317632 6.94802e-09
244137 6.87704e-09
567282 6.86762e-09
314574 6.81954e-09
705122 6.79664e-09
592444 6.78897e-09
279983 6.7832e-09
530974 6.72659e-09
37527 6.69513e-09
787217 6.65197e-09
280954 6.583e-09
381955 6.56249e-09
498559 6.55122e-09
542160 6.50988e-09
687612 6.50514e-09
352559 6.50402e-09
686550 6.49583e-09
161049 6.41275e-09
622987 6.41052e-09
489523 6.35719e-09
90627 6.27603e-09
347230 6.25505e-09
611024 6.19355e-09
295769 6.18831e-09
188139 6.17267e-09
671606 6.15828e-09
675359 6.1429e-09
560483 6.13243e-09
116918 6.11481e-09
658455 6.09589e-09
490255 6.07091e-09
432950 6.05778e-09
130840 6.04832e-09
169039 5.99388e-09
358295 5.96836e-09
256194 5.93269e-09
9442 5.93239e-09
174001 5.88208e-09
749860 5.85204e-09
278988 5.84761e-09
196916 5.81638e-09
405125 5.81424e-09
737785 5.81378e-09
775007 5.77952e-09
513824 5.74381e-09
707235 5.67941e-09
599393 5.64728e-09
303104 5.63005e-09
259501 5.59018e-09
700182 5.54735e-09
567334 5.49224e-09
719578 5.48466e-09
482331 5.45624e-09
567234 5.43214e-09
380628 5.4307e-09
269813 5.42829e-09
119556 5.39911e-09
126824 5.38713e-09
482124 5.38061e-09
317963 5.37968e-09
651788 5.37802e-09
165080 5.37025e-09
522400 5.36633e-09
628804 5.35553e-09
37923 5.35241e-09
447952 5.34389e-09
752536 5.29556e-09
523346 5.28277e-09
648502 5.26936e-09
571921 5.26214e-09
267075 5.2137e-09
684222 5.19586e-09
253648 5.18416e-09
281255 5.1464e-09
82207 5.12965e-09
446631 5.12051e-09
141346 5.08613e-09
767519 5.08527e-09
180754 5.013e-09
151740 4.99462e-09
589780 4.97204e-09
87335 4.93356e-09
799127 4.90112e-09
131817 4.89804e-09
757662 4.88108e-09
708776 4.82185e-09
434620 4.79547e-09
209626 4.73074e-09
396122 4.68399e-09
780435 4.65179e-09
775203 4.62383e-09
325837 4.61952e-09
726437 4.61763e-09
439302 4.61637e-09
559855 4.59812e-09
772095 4.56359e-09
718314 4.52184e-09
368866 4.47882e-09
643503 4.44695e-09
504674 4.40992e-09
782610 4.38533e-09
258523 4.37708e-09
675355 4.36552e-09
281612 4.35897e-09
536299 4.35633e-09
583108 4.35486e-09
529271 4.34791e-09
283204 4.34777e-09
593152 4.3276e-09
336119 4.32732e-09
707855 4.32134e-09
536956 4.31869e-09
734964 4.29483e-09
387177 4.25462e-09
358164 4.21502e-09
274748 4.14182e-09
274761 4.07217e-09
668250 4.01312e-09
89230 4.00427e-09
445416 3.97335e-09
34249 3.9545e-09
582382 3.95345e-09
556804 3.95187e-09
304762 3.93908e-09
139429 3.89823e-09
785943 3.89084e-09
486134 3.88746e-09
692222 3.88547e-09
366463 3.86456e-09
97902 3.86061e-09
186686 3.81967e-09
379334 3.81618e-09
756044 3.81433e-09
705247 3.79648e-09
776638 3.75069e-09
775646 3.73194e-09
8592 3.72124e-09
475955 3.71601e-09
111791 3.68027e-09
741761 3.64487e-09
473463 3.63387e-09
719003 3.60159e-09
191680 3.57031e-09
205079 3.52274e-09
442003 3.50458e-09
281480 3.49939e-09
310081 3.47483e-09
572223 3.47013e-09
201016 3.45391e-09
264648 3.45108e-09
351922 3.45078e-09
216570 3.4047e-09
613927 3.39543e-09
520987 3.34777e-09
32632 3.31677e-09
758043 3.30759e-09
68897 3.29957e-09
579989 3.25748e-09
206155 3.25666e-09
566877 3.25532e-09
689497 3.20416e-09
250140 3.19557e-09
283208 3.18632e-09
452836 3.18314e-09
249253 3.1741e-09
125917 3.12689e-09
200919 3.12332e-09
161649 3.10467e-09
271147 3.09961e-09
272045 3.05982e-09
617682 3.05183e-09
444262 3.04344e-09
798989 2.9673e-09
168866 2.95918e-09
372093 2.92263e-09
203236 2.88401e-09
253601 2.88273e-09
286416 2.82269e-09
110468 2.81641e-09
763049 2.78428e-09
598024 2.71129e-09
650435 2.66458e-09
139869 2.65133e-09
261445 2.64388e-09
363528 2.63908e-09
567915 2.62136e-09
745116 2.61484e-09
30296 2.59654e-09
658236 2.47249e-09
513944 2.46275e-09
30099 2.41488e-09
388005 2.38049e-09
213154 2.35867e-09
202332 2.27794e-09
258009 2.25656e-09
737397 2.25398e-09
488706 2.24437e-09
416791 2.23439e-09
784980 2.20958e-09
685004 2.20902e-09
753571 2.20164e-09
778844 2.16674e-09
439193 2.15898e-09
564033 2.15277e-09
207048 2.13922e-09
77821 2.13576e-09
157731 2.13049e-09
181054 2.12333e-09
309870 2.00951e-09
530226 1.97276e-09
419197 1.92918e-09
174250 1.92742e-09
559099 1.88201e-09
702861 1.87278e-09
454015 1.83681e-09
187226 1.82726e-09
644359 1.81402e-09
704859 1.80752e-09
238986 1.79752e-09
704917 1.74581e-09
773559 1.74183e-09
505954 1.72699e-09
578592 1.72078e-09
689473 1.69728e-09
403429 1.68191e-09
266085 1.64573e-09
172610 1.64518e-09
160292 1.60882e-09
419056 1.57917e-09
340237 1.57339e-09
584639 1.56634e-09
660173 1.55772e-09
34639 1.55771e-09
721914 1.55615e-09
776134 1.50147e-09
427675 1.49355e-09
167043 1.45782e-09
756241 1.41367e-09
602773 1.41275e-09
132309 1.40228e-09
454572 1.38773e-09
385628 1.38562e-09
787826 1.3634e-09
297198 1.34623e-09
586799 1.32512e-09
532670 1.29976e-09
747583 1.28869e-09
694243 1.2668e-09
776693 1.25522e-09
478183 1.25225e-09
481089 1.23004e-09
769441 1.21767e-09
340362 1.21625e-09
525920 1.21137e-09
97851 1.17183e-09
775358 1.16429e-09
69303 1.14626e-09
181895 1.13342e-09
360363 1.11964e-09
746090 1.07481e-09
117851 1.05097e-09
128807 1.04472e-09
332930 1.04044e-09
675545 1.03289e-09
267221 1.02358e-09
115345 1.0175e-09
575641 1.00434e-09
281617 9.98244e-10
148354 9.89537e-10
768036 9.76013e-10
511558 9.72564e-10
238237 9.7038e-10
91839 9.68796e-10
761193 9.49376e-10
126094 9.33813e-10
534438 9.30658e-10
344067 9.24418e-10
337458 8.92976e-10
539336 8.91745e-10
489127 8.87296e-10
200853 8.78497e-10
348890 8.69495e-10
551843 8.32989e-10
442113 7.84817e-10
642721 7.79284e-10
550124 7.27274e-10
353097 7.11567e-10
240882 6.91364e-10
151107 6.88384e-10
632928 6.79901e-10
709305 6.58398e-10
116150 6.51822e-10
85543 6.00249e-10
771611 5.95581e-10
761674 5.65152e-10
491809 5.61377e-10
214427 5.10945e-10
135674 2.80465e-10
