4960 1.92549e-07
8463 1.43687e-06
8592 6.36519e-08
9442 1.00579e-07
10981 2.56661e-05
11278 1.86925e-06
13043 1.62882e-06
13238 7.37467e-06
14972 1.45275e-07
15068 9.41951e-06
15531 8.95545e-06
17331 7.3723e-08
18225 2.47349e-06
18818 0.000132347
21088 9.85661e-08
21148 4.46687e-07
21893 2.06476e-07
27164 1.01495e-05
29364 1.24854e-07
37047 9.33699e-08
37291 1.6235e-05
39216 3.36192e-08
41133 3.25319e-07
41446 5.89842e-06
42675 7.31126e-06
47709 2.60239e-06
48013 2.8473e-07
50124 3.36571e-07
51020 8.45924e-05
51754 4.76351e-06
55236 1.75936e-07
56566 8.45338e-07
57123 2.20133e-07
68434 1.04041e-07
68760 1.13646e-06
71844 4.94569e-06
73017 9.37206e-07
76976 2.72624e-05
78598 6.50135e-06
80567 2.31692e-08
85621 1.58639e-06
86020 5.6922e-09
86804 9.6263e-05
93880 6.5871e-06
96513 8.13138e-08
98277 0.000116695
103976 2.96653e-05
109855 5.07288e-05
111932 5.31364e-07
113861 1.49001e-07
119575 9.17682e-06
119796 1.42493e-06
122891 7.46396e-06
126185 4.84371e-06
134993 8.437e-06
158656 1.24334e-06
167959 8.13423e-09
181476 5.7853e-07
182574 5.70478e-07
199574 8.15616e-08
200175 5.56886e-07
200423 5.58277e-06
209727 1.58636e-06
210433 1.0836e-05
213977 8.14063e-06
216966 7.4489e-05
217204 0.000254491
218996 6.66181e-05
223690 1.76358e-07
225651 0.000116489
233265 6.76663e-07
236652 5.00045e-06
236680 1.51922e-05
236912 0.000128174
237137 5.56243e-05
237887 9.37744e-08
238157 5.23595e-05
238303 2.74491e-08
238317 3.47036e-07
240802 1.34704e-06
241682 6.08415e-05
243950 1.03281e-06
244528 6.30518e-07
245176 6.88973e-06
247025 6.83566e-05
248372 2.2307e-05
249429 3.05165e-06
249900 4.06812e-09
251389 7.36794e-06
253601 1.31964e-07
257497 5.98538e-06
259662 4.43168e-05
261091 2.37251e-06
262003 3.76102e-07
268209 2.18644e-05
270945 2.67179e-08
271188 4.24174e-05
276332 1.60313e-05
276463 1.20566e-05
281067 0.000219649
281157 1.99987e-06
283152 6.33643e-07
285729 3.77196e-06
286301 1.47084e-07
298585 2.91919e-07
304176 7.03596e-06
306594 2.90072e-07
309457 1.3653e-08
313330 2.44594e-06
326838 6.56055e-08
332908 4.71844e-06
336157 3.90301e-07
337458 4.47687e-07
339345 6.19593e-05
341307 8.42176e-07
353740 3.95861e-05
355502 3.1718e-05
364078 3.69613e-07
379403 7.36849e-06
380062 7.47695e-06
380530 1.70843e-05
391417 1.00484e-06
398813 2.21107e-08
404307 9.89973e-06
408239 2.39317e-06
416099 3.94436e-06
417555 2.69795e-07
419936 2.31142e-05
422227 1.61595e-07
429014 9.16681e-06
430044 6.52027e-05
430635 4.82148e-08
430741 3.37316e-05
431441 1.03466e-05
432068 3.5479e-05
434874 2.81941e-06
435138 1.85999e-07
442507 2.78193e-05
443970 6.7585e-06
449654 5.5437e-05
453051 1.46444e-07
468733 1.58155e-07
469554 2.83387e-07
475008 8.69043e-06
475791 3.91605e-07
488415 1.08216e-06
488706 1.35225e-08
489171 2.42214e-07
489765 3.62782e-05
490642 1.95923e-06
490733 4.34356e-05
491677 5.33512e-06
492071 1.78868e-05
492202 4.47651e-05
493598 1.83204e-05
494932 7.37711e-07
497154 4.42247e-05
500587 1.37203e-08
500667 3.33155e-05
508454 1.42041e-05
510163 5.61382e-05
510996 9.78245e-09
522687 2.41176e-05
529606 1.20836e-05
531269 4.69605e-05
532769 2.50921e-05
559141 5.62864e-07
561317 2.94333e-05
578274 3.77612e-07
580728 3.5667e-05
592625 9.88157e-06
594913 1.03602e-08
601222 1.20827e-06
613340 1.13691e-07
614019 5.09691e-08
626509 8.71319e-06
626900 7.86012e-07
632957 4.84685e-06
634485 2.00119e-07
642146 1.37528e-06
655061 1.33372e-05
667325 4.89641e-06
679389 1.4764e-05
682995 2.69268e-05
687844 4.61662e-07
697963 5.36959e-06
699745 1.51954e-05
708953 3.63363e-06
711873 2.60315e-05
715079 5.12291e-08
722542 2.41713e-05
725214 1.52498e-06
725935 2.50439e-05
728185 1.87049e-05
728299 6.54415e-06
734306 4.87065e-05
735182 3.5807e-07
737699 1.02542e-06
739196 1.95655e-05
739203 1.59703e-05
742070 4.93355e-08
744759 1.23695e-06
745235 2.95299e-05
746176 3.72074e-06
750237 4.06294e-05
757896 1.0404e-06
759860 9.91596e-06
762551 8.22411e-07
764342 6.01974e-07
764956 4.86628e-06
768129 5.37412e-06
769054 2.23406e-06
769933 7.92e-07
774081 3.72858e-06
776611 9.36691e-06
778332 2.09391e-06
781186 1.59372e-05
781197 1.43929e-05
781205 3.40049e-05
781636 1.29486e-06
783456 1.44526e-05
785382 1.62302e-05
785434 1.49011e-05
787052 4.87469e-06
787269 3.56055e-07
794292 8.38119e-05
799925 3.72699e-07
801183 1.44296e-05
806136 2.12812e-06
811407 8.40815e-07
812133 5.10613e-07
817721 1.57705e-05
819721 1.3731e-06
821904 1.26595e-05
824109 3.28482e-06
824149 1.12671e-07
824419 4.13285e-07
824919 3.22242e-05
826258 1.62568e-05
831019 1.78955e-08
831114 4.78196e-06
835279 7.17353e-08
837029 6.12875e-06
847518 1.74857e-05
848267 8.93693e-07
848366 2.99576e-08
855117 1.04185e-05
857592 4.39714e-07
859881 2.86023e-06
860338 5.62644e-07
864905 1.12513e-07
868196 1.28677e-05
871947 6.87058e-05
873985 2.73023e-06
874820 3.1696e-06
876168 2.74922e-08
882801 2.97592e-05
883659 7.72329e-08
891117 3.80992e-07
898666 1.29372e-07
900941 2.00365e-05
902098 9.73685e-08
902402 4.16404e-07
906610 4.30443e-05
907203 5.05767e-06
912919 2.33506e-05
917188 1.13958e-07
919450 0.000103022
919879 2.50584e-06
922779 1.58649e-07
923637 1.76013e-05
927470 7.61129e-06
932757 2.60235e-05
933738 1.73096e-08
937822 4.61101e-05
940365 2.59449e-09
945545 8.91735e-06
946553 0.000752405
953000 3.87508e-06
955749 1.22354e-06
966407 0.00010815
970571 8.29186e-07
970946 1.90714e-08
973122 1.54788e-05
973399 3.0059e-05
991199 5.40286e-06
998005 3.08526e-06
1007418 1.19949e-06
1009534 3.70905e-07
1010821 2.44072e-05
1010993 1.77549e-05
1013439 3.80557e-06
1018391 1.06268e-05
1020933 5.52824e-05
1023283 9.81462e-07
1024201 2.55085e-05
1025126 4.70547e-06
1026144 2.43562e-06
1029720 1.96552e-06
1029882 2.04757e-07
1030689 9.55636e-08
1038257 6.36117e-08
1047279 2.48409e-06
1048979 7.01985e-06
1053159 1.36214e-06
1056058 1.11515e-06
1064922 2.90935e-05
1066483 2.40971e-06
1072546 7.75489e-06
1074443 6.72117e-07
1075405 6.04442e-08
1084511 2.96578e-05
1085169 9.79793e-06
1086773 1.08335e-05
1091541 2.92217e-06
1104179 3.48335e-06
1105697 2.96324e-08
1106961 4.26018e-08
1116353 9.47424e-08
1123509 1.84952e-06
1128906 8.60671e-07
1134005 6.61046e-08
1140028 1.87364e-06
1143946 4.35258e-08
1146898 4.4827e-05
1150426 5.378e-07
1152013 3.88385e-05
1152179 5.75007e-06
1153372 1.35882e-05
1161866 1.77499e-06
1162400 4.00082e-06
1163231 9.51758e-08
1167108 4.92897e-06
1172245 6.36687e-06
1174037 1.30763e-06
1174058 4.15713e-05
1175561 2.73238e-07
1186183 7.32692e-05
1191989 1.73581e-07
1194305 4.99211e-06
1197683 2.56138e-06
1201176 1.25208e-05
1209174 6.5992e-08
1211984 1.6807e-06
1215614 3.94875e-08
1220857 3.14233e-07
1221495 2.25115e-05
1229639 2.31911e-06
1232514 7.41011e-06
1246447 1.43379e-05
1247924 2.14965e-05
1247959 2.05564e-08
1248525 2.34889e-05
1249760 1.05933e-06
1250921 5.5291e-08
1252056 3.39904e-06
1252300 1.36256e-06
1253220 6.31682e-06
1256059 1.91494e-06
1258432 4.40653e-07
1262395 3.55321e-08
1276085 1.45927e-05
1281241 1.94955e-05
1290155 9.1514e-08
1304956 5.01323e-06
1306261 3.5608e-08
1306378 2.02774e-07
1308217 4.44565e-07
1324188 0.000112501
1333501 9.91239e-05
1335263 2.11147e-05
1341229 2.22935e-05
1341430 6.3116e-06
1347382 7.46821e-07
1347853 3.91945e-08
1348208 5.08485e-07
1351500 4.34029e-07
1353131 2.44586e-06
1355549 3.973e-06
1356777 1.79171e-08
1358414 5.46711e-05
1361122 6.70341e-07
1361495 0.000157956
1361977 2.2091e-07
1366644 1.37669e-05
1366741 4.89435e-06
1374419 2.26877e-05
1377270 1.67646e-06
1377333 1.16132e-05
1382226 4.92049e-06
1382339 1.86604e-06
1384759 1.59565e-05
1392489 5.69631e-05
1402721 4.0727e-06
1407632 7.91443e-07
1410810 4.12606e-06
1421781 5.04341e-05
1422323 7.53775e-06
1424123 5.73084e-06
1424373 2.76288e-05
1428490 2.39546e-06
1429517 5.04854e-07
1430585 1.11187e-06
1431860 8.31844e-09
1433047 1.3733e-05
1433588 3.10887e-05
1437376 1.81995e-07
1438155 9.79117e-08
1451363 1.08242e-06
1455122 9.90762e-07
1456079 2.76068e-06
1459251 4.14813e-05
1463724 3.72677e-05
1466572 6.10957e-05
1466589 1.4255e-06
1471489 5.75138e-06
1471573 5.81223e-05
1471585 6.3029e-06
1475821 7.12572e-07
1479822 4.07669e-06
1480179 1.30429e-05
1481140 3.33929e-07
1484000 6.04835e-06
1485803 7.09447e-05
1487158 2.53083e-06
1487565 2.9087e-08
1490230 5.00925e-05
1492476 8.10043e-07
1494106 4.09183e-06
1500470 1.02016e-06
1502880 3.6021e-05
1503451 9.05827e-08
1503960 5.41665e-06
1507630 3.43183e-06
1508122 4.18039e-06
1517275 7.99417e-06
1519239 3.9625e-07
1520715 2.39745e-06
1521425 3.33826e-06
1521700 8.90232e-05
1522981 2.66569e-05
1525826 4.9099e-08
1525859 1.8191e-05
1537003 2.38519e-08
1537609 3.57545e-08
1539051 1.79954e-06
1547165 5.93343e-07
1549951 1.3714e-06
1555041 6.63705e-05
1556533 8.6101e-08
1560425 1.65315e-06
1563826 2.6926e-05
1563867 3.02736e-05
1564031 4.4527e-05
1566799 6.18953e-07
1570303 1.56712e-06
1575500 2.72172e-07
1579603 5.59087e-07
1604667 3.18646e-06
1610613 7.63468e-07
1628456 1.80846e-06
1631584 6.18015e-05
1637836 1.43662e-05
1640387 9.43383e-06
1644991 2.78376e-06
1650758 1.14173e-06
1651976 7.19014e-07
1657621 4.55644e-06
1658810 1.79948e-06
1659254 5.71289e-07
1670513 2.36674e-06
1673598 9.03695e-06
1674506 1.83126e-06
1684705 8.5409e-08
1689552 1.49545e-08
1690212 3.52293e-06
1692108 0.000111822
1694042 1.07543e-05
1697448 8.47279e-07
1702546 1.51137e-05
1706593 8.75291e-06
1715036 3.83417e-07
1718386 0.000168036
1720630 1.60548e-07
1734838 3.45469e-05
1738691 1.14072e-05
1740026 6.43743e-06
1742575 4.51291e-06
1746763 3.10639e-07
1750077 4.55545e-05
1752178 3.15852e-06
1752972 6.34809e-08
1758306 2.79076e-06
1759725 4.78831e-06
1760955 5.35851e-06
1769706 4.95381e-06
1769710 8.79301e-06
1770329 2.07409e-05
1771767 1.59076e-07
1773174 2.90141e-05
1783779 4.44839e-06
