3756 1.98251e-06
6807 4.59362e-09
8806 1.5143e-08
9548 2.3369e-07
11020 4.46974e-07
24168 1.58473e-08
29914 2.48744e-06
35067 5.50557e-06
35870 1.69077e-05
36843 4.12866e-06
39242 2.38148e-08
39637 2.16942e-06
40643 1.43748e-06
47864 2.81133e-08
61950 3.98614e-07
64868 4.27507e-06
71735 1.40307e-05
76974 6.23376e-06
85053 0.000121685
86995 5.41358e-05
89651 5.55652e-06
90627 8.77174e-08
96447 3.39733e-07
100108 4.26798e-06
101860 1.15002e-05
112272 2.3666e-06
113594 5.53609e-06
121592 2.853e-05
127331 8.45454e-06
129947 8.83892e-06
136118 1.05077e-05
139908 3.71393e-06
140331 7.72177e-05
142822 1.01502e-05
143349 2.2274e-06
152360 2.91041e-07
156243 4.97241e-05
156547 1.30281e-07
158860 2.43396e-06
162426 4.01956e-06
165080 2.16473e-08
168370 2.90886e-07
169320 1.4897e-06
170929 3.03793e-05
172798 1.31367e-06
181895 2.50099e-07
185615 4.99459e-07
189040 1.41981e-05
197235 1.41879e-06
198849 5.23738e-06
200837 3.58618e-08
202683 5.87981e-06
209057 5.8538e-06
217164 4.86805e-08
221410 6.20192e-08
231485 1.85347e-08
232330 1.16584e-06
236243 1.59791e-05
238134 1.96448e-06
240224 2.79269e-07
246544 6.22137e-07
246862 4.94374e-06
249253 1.20472e-09
254294 3.68202e-08
260483 7.49982e-06
264344 6.03988e-05
267075 7.62147e-07
267628 1.94201e-06
270705 1.59046e-07
275485 2.31908e-05
276175 9.13851e-05
277408 8.83359e-07
279681 5.05702e-06
280954 5.5049e-07
283129 4.56127e-06
284423 1.63987e-07
285961 2.57794e-07
286904 8.93308e-06
286917 1.16626e-08
287374 1.62954e-05
293200 1.82818e-05
304759 2.55589e-06
308798 2.73242e-08
314944 2.63163e-06
325332 5.47963e-06
332234 3.04161e-07
340362 9.29767e-08
341179 7.27093e-05
349156 1.02599e-07
349742 7.80848e-07
360621 1.05723e-05
368083 5.08187e-07
370454 1.48401e-06
373198 3.76461e-06
374535 2.97949e-06
380166 7.21743e-06
388105 2.15377e-05
390584 4.83989e-07
409359 2.66963e-06
411888 3.33795e-09
412390 5.04706e-07
419509 2.54609e-06
420408 1.33185e-06
425937 5.13492e-06
430758 4.77128e-05
431124 2.35121e-08
432699 4.41174e-07
432901 5.38536e-05
433207 4.94804e-05
433608 2.63774e-05
433924 9.96179e-05
434416 2.69713e-06
437542 9.69e-06
437719 7.01218e-06
438203 9.8552e-08
438674 4.03049e-05
440868 1.69773e-06
441119 1.16855e-08
446048 6.14241e-07
448195 3.93946e-08
449653 4.03309e-07
453539 3.09131e-07
456196 1.8061e-08
458133 2.64322e-07
458759 2.50039e-05
460677 3.9818e-07
460872 4.79174e-08
462385 2.24312e-05
464724 1.61979e-07
467085 1.80167e-06
473954 1.75762e-06
480593 1.23071e-05
487888 0.000366375
487957 5.28804e-06
489232 8.17758e-06
489316 1.16696e-06
489420 8.32326e-07
489533 2.30354e-05
489560 5.26869e-07
490109 2.52629e-06
490129 5.0851e-06
490369 0.000207297
492493 4.03079e-05
492860 1.25758e-05
497589 6.59258e-07
498569 8.91528e-06
500527 1.51695e-07
501460 3.21189e-07
501777 4.50693e-06
501917 1.00888e-05
503265 7.04989e-05
506004 5.15618e-06
507417 2.21093e-06
510300 5.83246e-06
511558 9.65843e-06
517759 2.17349e-05
521870 2.31761e-07
526570 6.68974e-06
527383 2.73726e-06
534037 2.87041e-07
535162 2.72531e-05
535232 5.78667e-05
537159 1.45267e-08
539109 3.88514e-07
542433 1.79221e-05
543253 0.000111369
543440 8.11973e-09
543579 2.27453e-06
551781 3.00109e-05
552082 1.57326e-06
573431 3.09661e-05
595006 1.13299e-08
602773 2.87619e-08
605705 3.99616e-07
608545 5.16868e-07
615768 3.83557e-06
616826 8.69568e-05
620736 8.8423e-06
622628 1.49978e-06
626307 5.4979e-06
629320 3.21739e-06
633708 1.47934e-06
641036 5.5461e-07
641416 2.14465e-07
644359 1.39455e-07
649266 6.28596e-06
657626 3.00357e-05
669186 1.65682e-05
671867 2.65018e-07
682905 2.30013e-05
686550 1.19648e-07
694243 6.5346e-08
704894 1.66162e-07
707128 3.18162e-06
709414 5.61095e-07
710043 7.44088e-07
710231 1.6151e-06
711907 1.1451e-05
712849 4.86474e-05
714847 6.14962e-06
732374 2.1488e-06
734159 3.12136e-06
741761 2.15465e-06
744319 1.32815e-05
745116 4.82805e-08
748024 7.75615e-07
752008 5.20561e-06
758717 7.94048e-06
762104 1.47542e-07
762436 6.94628e-07
763049 3.12535e-07
764477 3.17052e-06
764806 9.31537e-07
764820 2.14539e-05
767759 3.17183e-05
769078 1.12508e-05
773025 2.36626e-07
776945 3.9493e-06
778844 6.37121e-09
781142 2.08009e-05
788345 1.649e-06
788760 1.16917e-05
797247 4.35178e-07
797874 6.95708e-08
802831 1.40631e-05
804382 1.32146e-06
814718 3.59656e-07
820730 1.22154e-05
822187 6.90742e-05
822772 2.8057e-06
823587 5.16953e-07
826313 2.76876e-05
827087 2.52638e-06
827285 9.08674e-07
827636 1.37155e-06
828801 1.15393e-05
832552 1.59987e-06
834347 3.77256e-06
839690 8.86999e-07
843839 7.052e-06
844108 7.7204e-08
847148 6.3368e-07
851385 8.60787e-07
857303 4.88396e-06
858354 1.4838e-06
859105 1.24072e-06
861619 3.59357e-05
863663 1.21911e-06
864053 4.17909e-08
865527 1.23462e-07
865637 1.5225e-05
866266 7.02276e-06
867554 5.42286e-07
868036 2.33196e-05
869317 6.45805e-08
871245 2.4561e-06
882734 3.12668e-06
882891 1.4728e-05
888967 1.10755e-05
893515 9.09814e-06
893675 3.35208e-05
895273 1.10517e-05
895473 6.50165e-05
897967 1.31923e-06
900171 3.44814e-06
903374 4.2612e-08
907997 9.92325e-08
909960 7.2136e-06
918072 3.86683e-07
918276 9.42931e-06
920230 5.25627e-06
921044 4.05795e-06
923673 1.12093e-05
932825 2.10464e-07
934974 9.28186e-08
943328 1.03261e-05
945365 1.93955e-07
947654 2.51e-07
951870 5.26599e-09
952891 6.81276e-06
953219 5.53292e-09
958650 5.33174e-05
962244 9.42697e-06
967356 1.4154e-06
974095 1.92746e-06
975389 4.67503e-06
981522 6.79503e-05
985727 1.40207e-05
1002762 5.8972e-06
1008053 4.0817e-06
1011769 1.36948e-06
1013838 2.93523e-07
1022840 6.07986e-07
1023443 4.99236e-05
1028675 1.1363e-05
1030248 1.27985e-05
1032065 2.44118e-05
1034893 1.62824e-08
1035291 4.42679e-05
1035616 2.03089e-05
1036836 7.65518e-06
1038127 9.4784e-06
1044312 7.76947e-07
1046140 1.35751e-05
1053462 2.83625e-07
1057872 2.04931e-07
1068202 5.33526e-05
1070356 1.88945e-06
1085688 3.48324e-05
1088394 4.19539e-06
1090107 2.06141e-07
1095262 4.79251e-05
1095409 1.49618e-05
1101135 1.85941e-07
1106023 6.40529e-06
1107459 3.66787e-06
1110049 1.64666e-07
1114783 1.19576e-05
1115859 4.05076e-05
1121085 8.53162e-06
1131454 2.73257e-07
1134971 2.27577e-06
1135643 1.1352e-06
1142560 1.48694e-05
1146074 2.59932e-06
1147316 4.39587e-06
1151735 1.4693e-06
1153474 0.000108488
1158338 1.16071e-06
1165843 2.14367e-06
1167064 4.02057e-06
1167337 6.04038e-06
1174022 1.94582e-05
1178907 8.50917e-05
1181755 1.39215e-06
1184130 2.83823e-07
1196959 8.9206e-07
1199836 1.53248e-05
1207712 1.09702e-05
1209439 3.40297e-07
1212558 9.92295e-05
1216453 1.14637e-05
1236250 2.93727e-08
1237543 1.41238e-05
1240957 5.57925e-07
1242632 1.80841e-05
1256101 4.15374e-05
1259693 1.57139e-06
1264689 5.41652e-06
1269023 4.33782e-07
1269332 2.62273e-05
1278135 1.69739e-07
1299618 8.09217e-06
1301283 9.95771e-06
1303793 2.83335e-06
1307830 2.45665e-05
1310157 1.91486e-06
1311758 1.44863e-05
1321232 6.01225e-08
1323573 3.88462e-06
1358348 2.79042e-05
1361571 5.1077e-07
1361977 2.2091e-07
1362450 1.10259e-07
1363766 8.97819e-07
1364055 1.43286e-08
1371284 6.92065e-09
1374705 2.10288e-05
1376318 2.12011e-06
1377996 7.92341e-06
1385633 5.02993e-07
1389786 6.93734e-06
1392026 5.94871e-06
1398394 2.30987e-07
1403575 1.4618e-05
1403799 6.82349e-07
1414512 0.000106308
1416374 8.52789e-07
1421834 8.59753e-08
1422039 1.43837e-05
1422098 9.93606e-09
1423224 1.59538e-06
1423547 1.57168e-05
1426508 1.1653e-05
1426661 2.62449e-05
1432170 6.76783e-05
1435466 8.74692e-07
1439393 1.02598e-06
1442623 1.22687e-07
1450657 4.04876e-06
1451002 1.47928e-05
1454020 1.18554e-08
1454689 1.15865e-06
1458530 6.72348e-09
1460859 3.48404e-05
1463186 8.14316e-07
1463508 1.36633e-05
1464663 1.16913e-05
1467578 1.39401e-05
1469787 3.20714e-05
1472376 3.90891e-06
1483157 3.46493e-05
1483838 3.13993e-05
1483972 1.23604e-05
1484571 1.42832e-06
1484697 5.98134e-06
1485363 6.94429e-06
1487328 8.92325e-06
1487552 4.40186e-06
1487818 6.14439e-07
1490209 2.00721e-06
1490699 3.69214e-05
1494011 1.08002e-07
1494314 1.37487e-05
1495033 2.25647e-05
1501242 4.12761e-06
1501715 1.31757e-06
1502204 9.7424e-06
1504170 4.57637e-06
1505491 3.04397e-05
1510856 6.89124e-06
1514406 6.32222e-05
1515682 1.16668e-07
1516369 9.64991e-07
1517400 4.74652e-08
1518819 9.67553e-07
1522319 9.24609e-08
1523074 2.48509e-05
1525332 3.35458e-07
1525923 7.99544e-07
1529338 1.70188e-05
1532253 0.000261105
1533143 1.1101e-05
1538410 8.97887e-05
1542323 1.53265e-05
1547352 1.51393e-07
1548161 1.22879e-06
1551265 1.70355e-05
1551390 1.91998e-05
1552400 4.86299e-05
1553631 2.78963e-06
1555165 2.59072e-05
1560603 0
1561365 4.58674e-08
1563416 1.05039e-07
1564847 1.63715e-07
1567332 2.39341e-06
1567461 1.95656e-07
1573403 2.86987e-06
1583992 1.05999e-05
1590679 4.00039e-07
1592968 3.32241e-07
1593494 3.67976e-08
1595059 2.6998e-05
1605066 1.12783e-06
1611461 6.43905e-06
1612950 2.82304e-05
1614880 6.25281e-07
1632535 5.37855e-07
1636332 4.03001e-06
1636595 2.24205e-05
1639640 2.25758e-08
1641066 1.00931e-06
1642287 1.81202e-05
1643550 8.06508e-06
1648743 1.89968e-08
1653560 1.4526e-05
1662229 4.05088e-08
1664144 4.44347e-05
1666902 5.03187e-06
1671173 2.01356e-06
1671174 4.28898e-05
1671351 1.28113e-06
1681948 4.34102e-06
1682886 2.42641e-05
1684631 2.40766e-07
1686171 5.5236e-06
1695831 4.66142e-06
1703682 4.05429e-05
1704921 1.36651e-07
1707869 3.48514e-06
1708194 1.2437e-06
1712658 4.85921e-08
1720177 6.11351e-07
1723768 4.67441e-06
1724306 3.4059e-07
1724404 1.16923e-05
1730323 1.02118e-06
1732326 9.74044e-06
1752975 2.41459e-06
1754324 9.33554e-06
1757940 5.82057e-06
1761147 1.50553e-05
1773461 9.26697e-07
1774037 3.3637e-06
1775421 3.44427e-06
1776298 2.56942e-06
1779231 1.66201e-06
1779315 6.17668e-06
1780468 4.10047e-06
1786504 7.76647e-08
