7320 5.33674e-07
12067 2.4295e-08
12320 1.10898e-07
15885 8.0613e-07
16350 2.12589e-07
18634 1.84291e-06
21591 2.89511e-06
29622 4.76545e-07
30099 3.338e-08
33069 2.09787e-08
34249 2.24355e-07
35292 6.08132e-06
35443 1.90391e-05
38421 3.82338e-08
40041 3.57111e-06
41792 1.17449e-06
46397 2.00511e-05
50255 3.01828e-06
51043 3.15717e-05
51511 1.2199e-06
51985 4.55749e-05
53747 1.73105e-06
55536 1.76798e-06
63182 8.25595e-07
65062 4.73507e-06
65621 6.44238e-07
71401 1.00214e-06
71827 6.29784e-08
77821 6.8984e-07
85714 2.01061e-05
85999 6.96922e-06
89273 3.01783e-06
93700 5.10274e-06
95284 7.84613e-06
107131 4.51432e-07
108374 3.32744e-08
110816 1.08127e-07
121622 5.49277e-06
121633 2.47458e-06
124228 8.49796e-08
125534 2.9583e-07
126094 3.9425e-08
126824 6.31009e-08
136502 7.70858e-07
137649 5.66842e-06
139823 2.57811e-05
139869 2.24077e-08
140145 2.4503e-05
141551 5.34742e-07
145090 4.99139e-07
146491 1.36673e-06
147956 1.76333e-06
151740 3.66352e-07
152875 3.0626e-06
155523 4.27952e-05
159099 4.44279e-07
163497 2.06115e-07
174001 3.68003e-07
174449 5.54275e-07
174835 1.00081e-06
176131 7.71164e-06
176574 2.13112e-06
186350 6.55802e-06
187960 5.94359e-07
190957 3.35174e-07
191984 5.45926e-06
195292 5.21548e-08
196745 4.46991e-06
206201 1.12923e-06
207820 8.58461e-06
213384 3.51607e-07
214202 3.45168e-06
214953 2.34909e-06
219053 2.09153e-07
220095 4.88985e-06
220529 2.24211e-07
227161 4.03e-08
230012 3.39141e-06
233112 2.09502e-07
235471 2.38764e-08
236726 2.87619e-07
236819 1.07176e-05
236943 1.70892e-07
238355 4.59607e-07
239836 2.55406e-05
244718 2.11398e-07
247994 5.16623e-06
252589 1.89452e-05
253768 2.05881e-05
254114 9.27672e-08
264648 4.44787e-08
267114 4.61431e-06
267618 7.4728e-06
271147 3.83918e-07
274748 5.602e-08
276956 2.14672e-06
279451 1.77299e-05
279870 0.00012731
280885 1.21584e-05
282294 1.25109e-05
282343 0.000131979
285816 5.86745e-06
287024 1.06285e-08
289314 1.16618e-06
297097 1.23089e-05
297579 1.14828e-06
302313 4.32299e-06
304401 1.66157e-07
336119 2.1988e-07
341956 1.6585e-05
341973 2.49033e-07
353890 8.35266e-07
357511 6.44862e-07
361618 3.94111e-09
364471 1.43504e-05
380334 6.64921e-07
381661 1.44923e-06
392974 2.51492e-06
396102 1.25516e-05
397937 4.52199e-07
409358 1.84122e-08
412434 9.7398e-07
417347 1.2759e-05
420219 4.65964e-05
421781 1.61799e-08
421994 2.0497e-07
423511 1.22242e-06
430139 2.71829e-08
431380 3.14933e-05
433526 2.09129e-06
437258 1.14975e-07
441852 5.61016e-06
443678 7.33621e-08
447370 5.44186e-07
453197 4.49978e-05
458531 4.42793e-06
459068 1.77315e-06
462608 1.59472e-06
466691 4.76283e-08
466845 8.12182e-07
466893 7.24936e-07
475656 5.18595e-08
475941 2.69799e-06
476956 9.0888e-06
480584 8.92427e-06
483930 6.02689e-07
484637 1.76492e-06
489173 1.26826e-06
491217 2.43257e-07
492001 3.49722e-06
493588 3.15954e-05
500555 1.38093e-07
501958 3.66954e-07
504543 2.45464e-05
511178 0.000169667
514118 6.7393e-07
518961 3.88736e-06
519461 9.48912e-09
520063 2.84434e-06
520987 5.35744e-07
524046 2.60074e-07
532451 5.06766e-06
537305 5.62604e-06
539354 2.9029e-07
541244 9.25568e-08
546161 4.59822e-09
559855 8.8874e-08
561776 4.58089e-08
569461 2.79164e-08
573593 1.36332e-05
576594 1.00722e-06
593435 6.4784e-06
600810 4.32944e-06
601507 6.53369e-06
608841 4.10909e-05
608843 1.55748e-05
615438 2.18023e-07
623813 2.20106e-05
632161 4.02286e-07
632928 6.66095e-09
633039 6.81012e-06
638665 3.56771e-06
638730 2.39236e-06
640083 1.04395e-07
643503 3.7574e-07
658594 1.28401e-06
660107 1.49462e-06
675359 7.26139e-07
680628 9.1361e-07
686154 1.1347e-07
689310 1.17895e-07
694190 1.3892e-05
696794 2.05994e-07
697260 1.13872e-05
697767 8.91223e-06
701149 6.82952e-08
712771 2.63584e-07
721914 7.04056e-08
730039 6.96717e-08
735495 1.45092e-05
736369 7.40077e-06
737376 1.21316e-07
741426 1.42331e-08
743635 2.43169e-06
743779 3.07441e-07
747434 1.28412e-07
749860 3.84631e-08
750350 1.23289e-06
750364 3.79042e-06
752963 5.87456e-06
756044 6.75989e-07
762908 1.46924e-07
774740 3.31017e-07
777682 3.36365e-05
780138 2.35182e-05
781200 1.62206e-05
783216 2.14016e-06
786340 9.56712e-07
787134 2.55532e-06
787181 9.4288e-08
787366 2.24397e-08
788546 6.11146e-07
789638 1.70032e-07
790089 2.15767e-06
794273 3.78357e-08
794681 1.04746e-06
800493 5.93429e-07
800772 4.55202e-07
801424 1.08398e-06
802018 2.13546e-07
803769 8.20252e-07
807108 1.40416e-07
812724 1.55107e-06
821261 3.54544e-05
823699 8.62022e-08
824554 5.37277e-06
825753 7.75702e-06
826528 2.97559e-05
830890 9.84986e-07
832315 4.98902e-08
833375 7.13238e-06
835999 3.90022e-05
837770 1.66115e-05
837891 6.41886e-07
840257 8.13097e-06
841928 4.63045e-08
843376 1.66538e-06
843944 2.09805e-08
854498 2.56076e-06
858034 5.20882e-06
858496 2.26527e-07
858729 8.85162e-06
859904 8.19522e-08
861727 4.67675e-07
862026 8.8373e-07
864339 4.33503e-08
870093 5.67545e-05
871120 1.09266e-06
874896 3.45595e-07
877334 6.92512e-07
879037 5.32387e-07
883335 5.66598e-06
885563 2.45804e-07
888764 4.06475e-07
894536 2.12844e-07
895057 1.81889e-06
895150 8.69612e-06
903975 3.79626e-08
910546 1.1231e-06
911689 4.79158e-08
914850 2.30772e-06
914953 4.50816e-07
916698 9.16196e-07
919129 6.33287e-06
919716 2.01712e-05
921947 1.14831e-05
923516 2.39547e-07
923598 7.87126e-07
923913 5.07364e-09
927149 1.69048e-06
930003 2.28594e-07
930930 3.58964e-07
933314 1.13352e-05
951925 1.55233e-06
952885 1.47459e-05
957044 7.28853e-07
965872 8.0873e-07
966020 1.22738e-07
969215 3.34769e-07
969864 1.84003e-06
987752 7.36762e-07
993610 6.64158e-06
993805 2.90129e-05
997557 5.31819e-06
998553 3.82855e-07
1000845 1.3183e-06
1020721 2.0421e-07
1035363 2.22761e-07
1037658 2.37514e-06
1037722 2.48166e-07
1044223 4.2764e-05
1046331 4.10041e-07
1055784 7.47567e-06
1056866 1.26095e-06
1060420 1.44716e-06
1068957 7.55738e-07
1070323 1.91086e-08
1072708 1.09202e-07
1084186 2.54816e-08
1104020 8.99392e-06
1108061 3.93979e-05
1112707 1.26389e-06
1113077 1.5594e-07
1117415 7.92442e-08
1119731 2.88902e-08
1124316 1.14168e-07
1130936 1.84165e-07
1132615 1.41885e-07
1135648 3.88243e-06
1137097 1.26433e-07
1139444 1.44738e-05
1145836 1.58536e-07
1148506 3.83265e-06
1152131 2.34215e-08
1153094 4.41611e-06
1167755 4.8569e-07
1175532 1.07962e-06
1180489 3.26276e-05
1189017 3.09944e-07
1212821 6.41966e-06
1214547 3.99611e-07
1223332 2.01501e-07
1225663 2.48846e-08
1227787 1.03877e-06
1232502 1.53318e-06
1234642 8.03975e-07
1238781 1.57006e-05
1249593 5.43502e-06
1250967 1.61469e-07
1254531 1.33458e-07
1256607 3.80746e-07
1261132 5.59328e-06
1271661 3.60169e-07
1273475 1.8701e-06
1285003 2.06386e-06
1294434 6.38759e-07
1315339 7.66836e-07
1318307 3.00339e-08
1328927 3.43512e-08
1333314 2.03289e-05
1336503 4.77806e-08
1337174 1.03907e-06
1341465 4.19592e-07
1346675 2.01006e-06
1352567 2.73047e-08
1356292 9.76236e-07
1358500 1.40898e-05
1370284 5.35609e-07
1370670 8.22503e-08
1370951 2.45184e-07
1371350 6.87045e-07
1376907 1.10065e-06
1377150 5.75204e-06
1379318 1.15936e-07
1382393 5.41352e-06
1386597 3.22391e-07
1389404 4.16929e-06
1390510 1.59155e-07
1392646 4.9428e-06
1395254 4.23406e-07
1396543 7.50169e-07
1401062 1.08764e-07
1404467 1.00823e-07
1404770 8.96231e-08
1408626 3.45133e-07
1408934 4.86288e-07
1411864 4.27396e-06
1412403 4.32831e-06
1418924 2.38298e-08
1427523 9.2399e-06
1432756 1.231e-06
1438283 2.83964e-05
1441735 2.93032e-06
1442716 5.3892e-06
1449102 6.07571e-06
1451437 8.87238e-09
1451525 1.25297e-08
1451801 9.63268e-07
1456183 1.05053e-06
1458527 5.00949e-08
1459312 8.28093e-07
1462147 1.02699e-05
1471545 1.73841e-05
1483717 1.61478e-05
1484024 1.433e-07
1485697 4.90994e-07
1488508 7.96474e-08
1489595 3.46272e-06
1492105 1.49907e-06
1492395 1.87662e-05
1500738 7.64316e-08
1503730 1.23367e-06
1508262 9.15092e-08
1516296 2.30491e-05
1517320 1.72933e-06
1518908 2.4111e-07
1523819 2.9445e-05
1525104 6.66823e-06
1526131 1.51259e-05
1526294 5.00793e-06
1527595 1.89886e-07
1527700 1.39967e-06
1541709 3.04347e-06
1547067 1.63386e-05
1548979 3.50053e-08
1552530 1.04991e-07
1553542 1.42955e-06
1553786 4.3399e-06
1562931 5.10196e-06
1564865 5.03794e-07
1566409 5.34158e-06
1569703 1.838e-06
1570713 9.03109e-07
1571176 2.72195e-09
1573356 4.20893e-07
1573413 1.70948e-05
1576376 1.01508e-05
1581764 6.69105e-07
1591714 4.33883e-06
1595221 4.00326e-06
1599495 1.94485e-06
1604053 8.00717e-09
1607330 3.34005e-06
1610624 7.65657e-06
1628991 1.20916e-06
1632084 1.84062e-06
1634110 1.56714e-05
1660799 2.07915e-06
1686384 2.81399e-07
1691441 5.50483e-07
1693353 4.70673e-06
1693358 7.43666e-07
1695908 5.74548e-06
1700096 5.84987e-06
1706158 5.07329e-07
1717431 8.26976e-06
1725081 1.12658e-05
1743859 2.6781e-06
1746250 4.99285e-08
1758261 2.85941e-07
1759527 1.01908e-06
1770207 3.14634e-05
