62992 1.22268e-08
158098 1.41833e-05
203368 1.19893e-07
220831 1.63752e-05
234267 1.37374e-06
238244 2.23529e-08
243254 8.02787e-05
313863 1.70793e-06
354070 5.94813e-07
358295 3.69244e-08
430042 2.14056e-05
435097 9.56284e-09
470516 3.22501e-08
518531 3.89628e-06
536961 2.16714e-06
596796 6.62358e-09
596825 9.31758e-06
639261 2.1966e-07
641256 4.24706e-06
649898 1.06403e-06
698665 3.76768e-06
722177 8.65314e-07
745183 4.2479e-06
776795 1.00739e-05
820617 1.88199e-06
844665 1.32151e-06
866357 4.67846e-06
914624 8.95895e-06
932890 2.39333e-08
1019697 1.75949e-08
1038005 3.23626e-07
1072708 1.09202e-07
1103783 5.61644e-06
1113607 4.12772e-06
1157513 6.99375e-10
1158154 1.53842e-07
1195494 7.55592e-09
1251042 5.12289e-06
1265032 1.51178e-06
1293467 5.44016e-08
1384160 5.03045e-06
1399560 3.47507e-07
1493302 8.05042e-06
1523819 2.9445e-05
1523926 8.39615e-09
1525772 6.08939e-05
1565005 1.2913e-06
1675065 2.17945e-06
1712052 7.81343e-06
1724859 2.43134e-06
1754296 5.42879e-06
