2982 2.35502e-06
5515 1.62737e-05
6327 2.01674e-06
6356 2.97662e-07
6513 7.46582e-06
9596 1.39054e-07
11838 1.09107e-07
12967 6.0201e-07
18727 3.3949e-05
19379 4.55158e-05
21561 7.34107e-06
29351 4.48229e-06
34187 0.000154309
40370 5.24513e-07
40853 1.17598e-06
45451 7.75274e-08
46487 2.50754e-07
48079 3.26106e-08
48842 5.84858e-08
50210 3.39252e-07
51401 4.73957e-07
51419 4.88938e-06
51442 6.8857e-08
54558 8.58412e-07
55447 1.0423e-06
57313 2.0266e-06
60160 0.000111095
60420 9.01667e-08
65368 1.41446e-05
65785 3.32374e-06
70254 2.50538e-06
74996 5.11383e-06
76654 2.03445e-05
80170 3.83392e-05
83401 4.37324e-06
85546 5.75158e-07
88329 1.04862e-08
90787 2.49544e-07
91659 3.95301e-07
98243 3.12447e-07
106194 6.84757e-06
107943 0.000263549
115276 3.99032e-06
116797 1.39539e-05
127028 2.38274e-06
130549 2.00731e-05
132309 2.32211e-07
133523 5.77316e-07
150880 5.12145e-06
152665 1.46775e-06
156343 5.03622e-06
157321 1.33043e-06
161049 6.00365e-08
161914 1.61678e-06
173020 5.19463e-06
184720 4.97558e-07
187744 4.10302e-07
189112 1.58502e-07
193502 9.42604e-07
198594 3.426e-07
206932 2.0009e-06
208748 2.87501e-07
214049 1.82009e-08
214320 1.50645e-05
215631 6.28587e-06
217309 4.47103e-08
219236 1.5548e-05
221623 2.85589e-05
226253 2.75067e-09
227564 5.62483e-08
229604 2.08572e-06
231280 1.04357e-06
236708 8.23179e-05
236995 7.13243e-08
246261 1.52062e-06
246591 2.348e-05
247449 7.57096e-07
249867 5.95126e-07
251868 5.89687e-07
253332 1.52072e-06
254442 5.42221e-07
258847 8.61084e-06
262251 5.37115e-05
272491 1.59337e-06
273277 5.109e-08
276631 1.22008e-06
278355 5.68791e-06
288694 9.60284e-08
289652 1.25327e-05
289795 1.63346e-06
293124 1.29118e-05
301665 3.9388e-05
301940 2.279e-07
304762 9.28436e-08
306274 9.46469e-06
306997 3.14366e-07
311288 4.88373e-05
312786 2.33189e-07
323797 7.36457e-05
325832 2.17462e-05
327893 6.08677e-06
336320 4.33036e-05
341936 2.23703e-06
344067 1.92454e-08
344228 3.89199e-05
351919 5.75744e-06
355691 7.83714e-06
358249 4.72895e-06
359477 5.77997e-06
370255 9.90931e-09
375235 8.08928e-07
375240 9.7778e-07
379229 8.47707e-06
379929 1.74012e-06
382763 3.51304e-07
395120 1.42193e-07
404070 1.60607e-06
408202 5.01699e-07
410411 3.39839e-07
422318 1.0707e-06
424880 1.69012e-05
434837 2.62146e-07
437057 1.71755e-06
443391 3.26422e-05
445821 1.50863e-07
450493 4.40528e-08
454766 2.72068e-07
456362 9.59019e-06
458390 1.08419e-07
459206 3.41232e-08
467489 2.77365e-05
474331 6.33874e-09
474879 6.09759e-08
475217 1.63619e-06
478131 3.0692e-07
478464 1.70881e-07
479858 6.58588e-09
481089 7.66602e-09
489967 1.86753e-06
491265 1.95212e-07
491986 2.16026e-06
492967 1.776e-05
498617 1.06754e-05
504523 1.14726e-07
504674 4.69699e-08
506839 5.94222e-07
507005 2.68564e-07
511153 1.60823e-06
518062 8.20219e-08
523621 5.52092e-06
523939 9.60512e-06
527494 2.7357e-07
534926 1.06333e-05
545664 4.04727e-07
554149 3.77811e-08
556068 4.72412e-07
564106 2.95553e-06
573354 6.40513e-06
579718 3.44846e-08
580769 1.9418e-05
584020 3.2899e-06
584818 1.78757e-06
587590 1.17148e-05
587691 4.21525e-07
589365 2.01382e-06
597724 5.40844e-07
598765 1.5348e-07
601187 2.69893e-06
601984 3.82058e-06
603844 3.70407e-06
607710 8.87754e-08
619607 5.25235e-07
622719 1.61384e-05
622753 3.40881e-05
628804 1.21793e-07
641176 1.08078e-05
643569 3.8689e-07
646234 1.99636e-05
647285 1.07532e-06
653568 2.43065e-07
660368 4.24946e-07
660482 2.89441e-06
665659 1.60465e-05
674706 2.0074e-08
675347 2.02575e-06
689046 2.68608e-06
697774 4.73676e-06
699720 3.79637e-07
705422 1.73246e-07
723821 1.91049e-05
724339 3.59119e-05
725751 6.99867e-06
726437 5.51268e-08
737204 4.93332e-07
743070 9.96574e-07
750524 6.9463e-07
750558 5.45039e-08
757087 2.61504e-05
758134 7.3293e-06
759977 5.73739e-06
761361 3.0155e-06
764244 2.89573e-06
765719 7.76455e-06
768411 4.93903e-07
771705 3.01878e-07
775211 3.72689e-06
776555 1.12251e-05
782272 3.89731e-06
783460 2.18928e-05
784980 3.72837e-08
785470 1.58118e-05
787984 7.30776e-06
791589 5.19948e-05
793717 1.49172e-08
796168 9.87232e-07
798989 3.19784e-07
809799 6.42405e-06
812328 7.33639e-07
813023 2.25509e-07
820703 5.65482e-07
821680 2.02377e-05
822186 2.00818e-05
822402 2.77014e-06
824527 4.0075e-08
826699 2.21201e-06
828644 7.95951e-06
831865 3.56261e-06
834083 1.84215e-07
835533 1.34477e-06
835581 0.000195967
836866 6.3191e-08
839330 1.16297e-05
841061 1.36613e-05
841467 5.73676e-08
843252 2.88025e-07
844052 2.56634e-06
845750 9.89761e-06
846915 4.06019e-07
850485 3.24342e-05
852961 2.42218e-05
855900 1.12192e-05
862882 1.32466e-07
863386 1.60042e-06
867657 2.89382e-07
867767 1.84071e-07
871260 6.45558e-05
872441 7.02298e-08
877741 1.55071e-06
884345 1.02061e-06
888301 9.25378e-06
893177 7.7578e-07
893506 2.12646e-07
894154 1.08809e-06
894655 4.68563e-07
896076 3.38251e-05
896541 6.30616e-06
896588 4.75282e-06
897755 5.37998e-05
899121 3.94661e-06
901459 1.8942e-07
901562 1.87895e-08
910517 1.75928e-05
911563 2.42044e-06
912616 1.11638e-07
913336 3.80126e-07
918215 5.78541e-06
919464 1.02702e-06
920896 3.19261e-06
927653 1.21659e-08
927941 2.31042e-05
928452 1.11472e-05
929260 7.5303e-07
946887 3.15823e-06
948625 6.31278e-06
951252 5.29574e-07
955695 5.20804e-07
962211 2.26598e-07
970801 6.37665e-07
974593 7.90228e-07
980461 9.47189e-06
982437 4.41961e-07
990722 4.14312e-08
1004098 4.88914e-07
1013165 4.23945e-08
1013622 3.01009e-06
1018560 2.88161e-06
1022399 5.24425e-07
1022491 7.38207e-06
1038005 3.23655e-07
1039382 1.26781e-05
1039648 8.71735e-06
1046771 8.42436e-09
1051698 2.38877e-06
1052164 1.05325e-07
1052231 3.92345e-05
1052994 1.10227e-05
1054087 2.84533e-07
1054208 6.15743e-06
1054402 5.19407e-08
1059510 3.35058e-06
1060659 3.29009e-05
1062941 1.65123e-06
1063516 7.75973e-06
1065455 6.77884e-05
1066402 3.79128e-08
1067156 4.60953e-09
1068126 1.04101e-07
1068149 8.05277e-07
1068523 5.45432e-06
1069119 6.08694e-07
1074549 2.4489e-08
1076152 7.64709e-08
1084308 3.12355e-08
1086487 8.72354e-09
1086836 7.77114e-08
1092903 6.36564e-06
1096413 8.13831e-09
1103856 5.56783e-06
1113439 9.89674e-08
1117107 5.80413e-08
1117828 4.26394e-07
1121348 8.77317e-06
1125360 1.13946e-05
1126797 2.18471e-07
1136137 2.74413e-06
1137424 1.09783e-07
1149709 9.06763e-08
1150477 6.24913e-08
1152557 1.45404e-06
1157754 1.27925e-06
1160766 4.35211e-07
1165495 2.8447e-06
1166572 4.85681e-07
1166585 1.00746e-07
1174152 5.09951e-06
1175122 3.32002e-06
1179940 5.75914e-07
1180123 6.72846e-07
1194218 2.09482e-07
1197901 0.000136808
1199779 2.17821e-06
1201938 3.03696e-06
1201994 6.46786e-05
1204963 2.93258e-06
1216100 1.06761e-08
1217520 3.70504e-07
1221519 4.44364e-07
1229696 3.06308e-08
1230515 2.72106e-07
1236703 7.28091e-07
1247103 4.2648e-05
1247859 5.50284e-08
1249943 6.46343e-07
1254247 4.33607e-08
1257677 4.18191e-06
1267341 1.6367e-06
1276192 4.06948e-07
1278481 1.01851e-07
1287374 1.09887e-07
1301882 1.5195e-05
1302679 1.55636e-05
1303877 2.41766e-07
1310419 2.02194e-06
1313162 1.03727e-06
1315494 2.24623e-07
1318999 5.9302e-09
1325296 1.19945e-05
1326287 5.79442e-06
1329086 1.08899e-05
1335471 1.08927e-06
1337914 1.76019e-07
1346829 7.97844e-08
1351587 5.88745e-07
1352945 7.97755e-06
1356401 1.16405e-05
1361277 1.53352e-05
1364709 5.76679e-07
1369984 9.54253e-08
1377961 7.02804e-07
1383996 9.57624e-06
1390241 1.05471e-06
1394926 3.50597e-06
1397087 1.44754e-06
1400534 1.91609e-07
1403671 6.02222e-06
1406424 1.02558e-06
1416333 4.21933e-06
1416649 1.22006e-06
1422995 5.85711e-07
1424088 3.09086e-06
1426622 4.21407e-06
1427763 2.31187e-05
1428008 8.12655e-08
1432058 9.18387e-08
1438998 3.51442e-06
1442753 6.2588e-06
1447189 1.24376e-06
1453287 3.44771e-05
1455592 1.22726e-06
1456614 1.79989e-05
1460644 1.73781e-06
1462407 1.07635e-05
1471830 3.95988e-06
1472079 3.52179e-09
1476820 1.6213e-05
1477921 1.25424e-08
1478373 3.29537e-08
1481471 1.53682e-07
1483542 1.33953e-06
1484384 5.76035e-06
1484847 1.32051e-07
1485015 2.34649e-08
1485075 1.69565e-07
1485974 4.47927e-08
1486988 9.66931e-08
1490052 1.29233e-07
1491240 0.00010591
1493283 2.82878e-08
1493599 1.48716e-08
1493720 4.32463e-07
1494476 5.30319e-06
1497585 1.29645e-06
1500652 8.72774e-07
1500667 1.09396e-06
1500856 1.94126e-07
1501247 2.06026e-05
1501373 1.88694e-06
1508922 2.30665e-05
1509482 2.70603e-06
1510648 2.62015e-06
1513874 4.23873e-06
1514662 3.83974e-07
1515908 2.82879e-05
1516433 2.72941e-05
1519437 2.13482e-06
1524849 1.95592e-05
1524939 4.46427e-08
1531234 4.26124e-07
1533708 8.80899e-06
1535040 6.26753e-06
1538775 1.41952e-07
1539061 2.18571e-08
1540913 6.51987e-07
1551928 1.46542e-06
1554950 4.50977e-06
1557727 0.000197797
1563948 2.56485e-06
1569278 9.44879e-09
1584382 2.57365e-07
1596100 8.20108e-06
1606425 4.89666e-08
1610606 1.00563e-05
1613318 2.33841e-07
1619286 1.35274e-05
1625589 6.95494e-06
1629642 7.24785e-07
1631315 2.32515e-06
1634776 3.72077e-07
1634788 4.63259e-06
1635393 9.40558e-08
1636588 6.78558e-07
1638482 3.05912e-06
1645689 9.13373e-07
1647579 9.24584e-07
1650822 8.34244e-07
1659862 3.2658e-08
1661771 2.05203e-06
1663970 3.13665e-07
1668313 1.15426e-07
1671439 3.5267e-09
1673341 1.82634e-06
1673986 8.20442e-08
1675120 5.29416e-07
1684158 6.13825e-06
1685815 1.71987e-06
1691599 7.20614e-06
1692371 8.41622e-09
1693824 1.98582e-05
1695426 2.227e-06
1696135 5.60514e-06
1698585 1.15147e-05
1699240 2.05653e-06
1700363 4.92009e-06
1702811 1.45748e-06
1710717 6.38419e-05
1714925 1.03454e-07
1732570 5.80274e-06
1736904 1.73606e-06
1749826 1.36605e-05
1752867 2.62604e-06
1755821 4.02541e-07
1758639 1.07163e-06
1759519 6.60692e-06
1769485 3.60189e-07
1770533 1.03463e-05
1774629 3.55581e-07
1777355 5.7895e-06
1778520 2.02631e-06
1780567 4.38785e-06
1781748 1.07701e-07
1785505 5.78967e-07
