7320 5.33856e-07
12067 2.42952e-08
12320 1.10917e-07
15885 8.06502e-07
16350 2.1262e-07
18634 1.84519e-06
21591 2.91193e-06
29622 4.76714e-07
30099 3.34023e-08
33069 2.09788e-08
34249 2.24429e-07
35292 6.0846e-06
35443 1.90446e-05
38421 3.82341e-08
40041 3.57686e-06
41792 1.17537e-06
46397 2.0055e-05
50255 3.01951e-06
51043 3.15806e-05
51511 1.22012e-06
51985 4.55772e-05
53747 1.73126e-06
55536 1.76839e-06
62992 1.22271e-08
63182 8.25982e-07
65062 4.74169e-06
65621 6.44467e-07
71401 1.00239e-06
71827 6.29853e-08
77821 6.9035e-07
85714 2.01419e-05
85999 6.98857e-06
89273 3.03081e-06
93700 5.12181e-06
95284 7.87099e-06
107131 4.51494e-07
108374 3.32789e-08
110816 1.08128e-07
121622 5.5172e-06
121633 2.47593e-06
124228 8.49857e-08
125534 2.9587e-07
126094 3.9425e-08
126824 6.32232e-08
136502 7.70932e-07
137649 5.69015e-06
