93 1.78117e-07
262 7.95945e-07
778 2.62933e-07
2193 1.00048e-07
2360 7.92189e-06
2609 8.93669e-07
2636 1.40293e-06
3967 1.47957e-07
4017 4.5111e-08
4717 1.71484e-05
5496 4.5571e-06
6938 1.67972e-07
8069 1.29141e-07
10015 1.78096e-07
10804 1.361e-07
11485 7.92585e-08
11593 4.14352e-06
12327 2.74157e-07
12598 5.03766e-07
12627 3.19592e-08
12768 3.07264e-05
12832 1.43197e-08
13858 2.37438e-08
14348 2.00331e-08
15124 9.78538e-07
15821 7.61309e-06
16949 8.71326e-08
16967 2.48096e-06
17007 1.29579e-07
17287 1.03611e-06
17857 1.13501e-06
18656 1.83082e-06
18820 3.07178e-06
19064 2.39426e-07
19694 4.23367e-07
19867 9.85349e-06
19906 2.46948e-07
20605 1.10898e-07
22208 1.84843e-07
25704 2.68866e-06
26494 2.2443e-08
27847 4.10835e-06
28901 1.59141e-07
30196 4.44379e-06
30296 4.59778e-08
31316 3.85714e-08
32215 8.26743e-06
33138 1.44353e-07
33282 4.72132e-06
33298 2.54559e-06
33763 4.32827e-06
33999 2.33925e-08
34254 4.80947e-06
34308 7.38863e-08
34397 6.8777e-08
34639 3.42618e-08
34880 1.78169e-06
36058 5.37722e-06
36461 2.20494e-06
36462 2.16605e-08
36599 8.18269e-07
37132 2.05534e-07
37527 1.22555e-07
37876 1.23963e-06
37951 1.99786e-06
38133 1.86311e-05
39112 1.30189e-06
40026 4.57553e-06
40697 9.34172e-09
41377 1.14488e-06
41749 1.25489e-06
42290 2.22877e-07
42379 1.42734e-07
42543 3.38752e-08
42579 6.46262e-08
42708 1.17325e-07
43884 7.07042e-08
44166 7.47398e-08
46991 7.47881e-06
47636 1.35727e-07
48933 2.49333e-08
48936 7.15553e-08
49655 8.41459e-07
50289 3.56503e-06
50793 5.44921e-08
50876 1.1473e-07
51160 6.53533e-08
51180 2.4204e-07
51218 2.54621e-07
51703 7.58699e-08
52025 3.27494e-07
53790 2.20381e-06
54086 5.58393e-08
54135 2.4873e-07
54910 5.02053e-06
55136 2.84944e-08
55331 4.93921e-06
55952 3.93773e-08
55982 1.15059e-08
56446 1.01244e-07
56682 1.05175e-08
57701 4.88693e-08
57940 1.12655e-06
58115 2.68629e-07
59364 1.2255e-06
60004 2.27496e-08
63757 2.67159e-07
64778 2.07997e-07
65338 7.56284e-07
66005 4.68711e-06
66703 9.94881e-08
68526 6.84067e-07
68572 5.58278e-07
68683 1.6462e-08
69534 2.44057e-07
70102 7.54994e-07
71088 1.10044e-08
71156 7.36155e-07
71431 1.97343e-07
71704 3.79151e-06
71784 4.09621e-07
72210 6.72573e-07
72631 1.28862e-07
73880 3.97777e-07
74114 5.53632e-07
75027 2.09132e-06
75032 1.65892e-07
75930 1.56669e-07
76188 6.97601e-08
76361 6.61796e-08
76461 5.53039e-07
77906 5.18584e-07
77910 1.17567e-07
78062 1.77694e-06
78122 1.31326e-06
78201 8.92118e-06
78447 2.82911e-08
79449 2.39692e-08
82207 2.17781e-07
82275 8.17129e-06
82322 1.19821e-06
83789 3.98203e-06
85543 1.92663e-07
85966 5.32931e-06
86563 4.80648e-06
88964 1.17624e-05
89425 5.78614e-06
90178 6.67076e-08
91337 7.05362e-07
91839 6.1908e-08
94216 9.06179e-08
94229 1.29853e-06
95241 4.57262e-06
97503 5.05236e-07
97894 2.63646e-06
98032 6.09711e-06
98173 1.11525e-07
98692 5.68417e-06
99329 1.89994e-08
99643 4.52071e-08
99790 3.46626e-08
101507 3.7377e-08
101867 3.44884e-09
103112 3.0979e-05
103519 2.75727e-07
104154 1.44711e-07
105804 1.7085e-07
107145 1.45266e-06
107251 1.10063e-07
107296 1.10483e-06
107510 1.71264e-06
109168 6.88856e-07
109533 9.86943e-07
109963 1.84577e-07
110468 1.25959e-07
110579 9.8633e-08
110865 3.30181e-10
112009 3.19116e-05
115345 7.70092e-08
116174 3.23694e-07
116367 3.69231e-08
118652 4.01945e-08
120152 2.32303e-06
121130 1.70472e-07
124427 2.41096e-08
126366 1.83012e-07
126719 4.74052e-06
127367 4.10967e-06
128321 3.99768e-07
128807 2.01148e-08
129973 2.81861e-08
130774 4.75288e-07
131817 2.7e-08
132668 5.98425e-08
135674 2.35517e-08
136849 1.04291e-06
138029 5.14624e-06
138465 9.87883e-06
139429 4.75811e-07
139450 6.88047e-08
140408 4.39443e-07
140566 2.25085e-06
141346 8.14213e-08
142051 1.22836e-08
142156 5.08679e-07
142405 3.14055e-07
146125 1.23507e-06
146259 7.44214e-08
147945 4.06401e-08
148265 2.00418e-05
150207 7.40352e-07
150499 7.62886e-07
150932 6.92471e-06
151926 4.22165e-07
156106 1.62842e-06
157827 2.81079e-07
158429 1.37223e-07
159849 1.72609e-07
160128 2.36139e-06
161560 5.23263e-07
161649 5.38309e-08
162977 3.38401e-07
166733 4.47832e-07
168407 5.20262e-07
168866 7.98648e-08
169039 4.63532e-08
173968 4.20949e-06
174678 1.20802e-07
176011 3.37966e-07
176056 6.97739e-07
176393 6.02244e-07
176787 4.87468e-07
176812 3.50859e-07
179543 5.81158e-06
180754 5.6934e-07
181054 2.27621e-07
182559 4.66881e-07
183292 1.25399e-06
186658 4.64163e-07
186686 2.60558e-08
187226 1.8956e-07
187634 4.64058e-06
188019 3.54185e-07
189248 2.42179e-08
189760 9.76801e-08
190026 8.72888e-08
190157 8.30789e-07
192545 1.86932e-07
192921 5.42668e-08
196532 5.83164e-08
197277 3.14431e-08
198190 3.94075e-07
199072 8.45003e-07
199293 6.1074e-06
199537 7.28796e-06
201087 6.84182e-07
202032 1.01429e-05
202148 2.71959e-07
202332 2.9358e-08
204944 2.87487e-07
205079 1.18879e-07
207048 9.57673e-08
209427 9.98857e-08
210316 4.75266e-07
212423 1.73013e-06
212553 8.34295e-08
212880 1.65688e-07
214234 1.42323e-07
216300 1.09998e-05
217005 4.78326e-07
217128 4.81817e-07
217597 4.86125e-07
218050 3.06044e-07
218223 5.9778e-08
220114 3.40068e-07
220431 8.31831e-07
221192 3.06089e-08
221440 4.56643e-06
222819 3.85297e-07
223392 2.47672e-05
223405 7.604e-06
223661 6.76367e-06
226299 7.26133e-08
227892 1.05468e-07
228123 1.81309e-07
230036 2.6368e-07
230838 2.65837e-05
232410 2.54605e-07
232500 8.27286e-09
232718 1.74424e-06
233460 1.22804e-07
233688 4.13378e-07
233790 7.13715e-09
234079 3.38837e-06
235615 7.72532e-09
235747 6.95131e-08
237143 1.52084e-07
237544 6.53725e-06
238321 2.08079e-06
239096 1.9686e-07
239445 2.55117e-08
239505 3.37314e-06
239643 2.5053e-07
240146 1.21075e-08
240369 2.54961e-08
241115 7.39448e-08
241577 1.63426e-07
241632 2.22861e-06
241973 2.30086e-07
242214 4.77435e-09
242942 1.32866e-06
243290 1.24665e-07
243739 2.99351e-08
245640 1.23191e-07
245911 1.2056e-07
247089 2.65222e-07
247803 8.21379e-07
248103 5.01652e-08
248358 6.86403e-08
248392 4.40605e-06
248886 1.5011e-06
249337 1.81018e-07
249611 5.61904e-08
251285 2.1182e-08
252534 4.07811e-06
253792 6.39221e-07
256124 1.19141e-08
256194 1.13528e-07
256232 7.47261e-07
257934 1.74902e-07
258009 1.03043e-07
258523 1.01293e-06
259503 4.06944e-06
261445 3.79583e-08
263330 2.6982e-06
265459 8.59271e-08
265571 4.12179e-06
266085 1.86282e-07
266199 7.25011e-07
267221 7.29635e-07
267883 5.52622e-07
268003 2.02658e-06
268325 6.45576e-06
269813 9.98122e-08
271517 4.10234e-07
274277 1.1518e-07
274761 3.30724e-07
274816 9.78844e-06
275314 4.95688e-08
275609 1.7017e-08
276381 7.87979e-07
278773 6.03252e-07
278988 4.72995e-07
279066 1.53722e-07
279166 1.2724e-05
279933 4.12663e-07
280340 2.64932e-07
282126 1.76898e-06
282427 2.91488e-07
285197 3.73876e-07
285269 6.56995e-07
285365 8.7231e-08
285917 1.26904e-06
287140 6.75668e-08
287352 1.51968e-06
287503 1.19137e-06
288125 2.27017e-06
289806 6.89284e-08
290111 8.21261e-07
291062 2.04127e-08
292575 2.90875e-06
294648 1.08973e-07
295769 1.67261e-07
297198 1.22453e-07
297895 3.57856e-08
298396 2.4161e-06
298930 1.98772e-07
299059 4.7496e-08
299542 3.14968e-06
300292 2.5114e-07
300862 4.67573e-07
301514 7.53947e-06
302488 8.40949e-07
304049 5.82603e-07
306782 7.06374e-08
307155 8.40947e-06
307983 3.6372e-06
310081 1.25714e-06
311386 7.69935e-07
311842 7.89595e-07
313027 3.78181e-06
315342 1.02422e-07
316091 3.71848e-08
317409 1.93511e-07
320326 5.79679e-08
320997 1.58187e-05
322374 2.52708e-08
322484 1.24377e-06
327316 1.74023e-06
329813 6.05371e-09
331245 1.76424e-07
333674 1.50112e-06
335438 7.27476e-06
336603 3.63904e-06
336751 1.15507e-06
338549 8.31896e-09
340509 1.22621e-06
340671 5.02185e-06
342600 9.88422e-09
343002 1.84879e-07
344959 1.78026e-06
347034 6.18026e-07
347839 7.17519e-07
351740 9.60492e-08
352559 7.57732e-07
353097 4.58909e-08
354175 1.34342e-06
355771 7.23539e-07
356871 2.49065e-07
357209 1.4217e-06
357472 3.6332e-06
358342 5.67268e-08
359507 1.23862e-08
359515 1.38608e-06
360337 1.55447e-06
360363 2.38363e-08
361153 8.01433e-08
363152 2.40322e-06
363254 6.94679e-08
363528 9.77995e-08
363862 6.46847e-06
364459 1.93979e-08
364903 3.67241e-06
366463 1.50582e-07
369080 3.3466e-06
369135 1.00296e-05
369301 5.15872e-06
370231 1.53294e-06
372042 7.84117e-08
375451 2.69106e-06
378844 6.75147e-07
378969 2.88117e-06
379714 1.19434e-06
380628 1.8099e-07
381951 1.00478e-07
381955 1.52152e-07
383709 9.24981e-07
385628 4.31995e-08
387159 1.10692e-07
387177 2.59391e-08
387497 1.51469e-07
388005 9.03271e-07
388691 3.45144e-07
390571 1.33673e-08
391100 3.93829e-07
397372 9.68332e-08
397549 1.56037e-07
398263 4.9028e-08
402901 5.4782e-08
403277 3.39678e-07
403489 8.72081e-07
406334 4.7239e-06
408552 1.26278e-07
410436 7.62948e-08
413149 4.87579e-06
414139 1.11217e-07
414637 3.21105e-06
420212 2.67723e-07
421432 4.68566e-08
422183 1.29035e-08
423366 4.42994e-06
423720 2.35268e-06
424022 4.01257e-05
424669 1.4164e-07
424813 8.20794e-08
425489 1.10362e-05
425852 2.2219e-05
427711 1.19491e-06
427925 5.01785e-08
428159 3.42505e-06
429047 1.64041e-06
430737 7.10564e-07
430837 7.35156e-06
430889 5.50389e-06
432950 3.73396e-07
433796 5.11873e-06
433936 2.46349e-06
434154 1.07739e-06
434193 3.26778e-06
434921 3.69378e-06
435387 5.70067e-07
435631 2.95619e-07
435940 7.0348e-07
437960 2.01214e-05
438741 1.35957e-06
438883 1.7529e-07
438925 5.07117e-07
439738 1.19598e-06
440595 4.35192e-06
441027 3.2807e-07
441278 9.53965e-09
441308 1.4816e-05
441440 8.68772e-07
441774 5.9334e-06
442729 1.13682e-07
445405 3.16826e-06
445654 7.33775e-08
446631 4.13412e-07
447952 6.72343e-08
448063 4.43985e-07
448121 5.74943e-08
448316 9.17496e-07
448417 1.36111e-06
448923 5.48947e-07
449482 4.72508e-09
449840 1.46499e-06
450685 1.86186e-06
450819 1.20921e-07
450934 1.86019e-06
451203 3.25921e-07
453014 2.10972e-08
453141 2.5396e-06
454098 2.6639e-07
454152 1.6201e-07
454279 4.53617e-06
454786 8.55055e-07
455527 2.39355e-06
455593 1.31799e-08
455924 2.51287e-06
456600 5.66819e-08
457189 5.69131e-08
457919 1.86481e-07
459327 2.81271e-05
459877 3.88569e-07
461097 4.21087e-07
461570 2.26706e-06
461863 4.30213e-08
463987 1.83695e-06
465009 3.76957e-07
465116 2.18704e-06
465372 3.20045e-06
465593 9.48151e-09
465685 4.73603e-08
465822 5.835e-07
466558 6.14888e-06
466713 3.36786e-07
466885 1.43718e-06
467160 1.17504e-08
468419 4.7662e-08
469223 7.95545e-07
469510 3.18707e-06
470335 6.24309e-07
471370 7.08192e-07
472881 2.26174e-06
473463 1.6949e-08
474288 1.28132e-07
475334 2.00208e-06
475955 7.28589e-07
476554 7.82411e-08
477553 5.85982e-07
479134 7.49707e-06
480015 8.12983e-08
480601 1.66856e-06
481646 8.66417e-07
481877 1.45175e-06
482090 6.30545e-06
484915 3.18186e-06
484921 9.30866e-08
486968 1.53754e-07
488409 5.80978e-06
489523 7.0833e-07
489589 9.19356e-08
489652 9.82668e-07
489801 3.28159e-07
489911 2.28228e-06
489992 1.84074e-07
490010 2.04519e-06
490215 5.19093e-06
490318 8.35699e-06
490577 1.19238e-06
490608 7.71484e-08
490660 4.40436e-06
490928 5.75857e-06
490953 1.62357e-07
491301 1.0603e-08
491811 2.58947e-08
493083 5.98577e-07
493170 4.45958e-07
493515 1.66113e-08
493872 6.06207e-07
493956 7.21269e-08
494158 5.9856e-07
494423 9.58759e-06
494580 1.05807e-05
495583 4.23185e-07
495834 2.26729e-05
496565 4.5196e-07
497147 8.26293e-08
497157 5.6226e-06
497489 3.86159e-06
497830 2.11361e-06
498061 5.03738e-08
498125 6.71234e-07
498559 4.26811e-08
498777 2.91627e-06
499205 1.50617e-06
499311 3.61766e-06
499357 1.55579e-05
501243 1.92061e-07
501941 1.58426e-07
502187 1.26627e-07
502851 3.40462e-07
503970 1.61659e-07
504680 1.69658e-07
505198 1.93711e-08
505630 1.68546e-06
505846 6.53717e-06
505954 7.71278e-08
506198 5.21813e-06
506620 2.18487e-08
509915 8.80088e-07
510130 2.35528e-07
510983 3.91162e-07
511201 1.8921e-08
512916 3.81493e-07
513818 1.27709e-06
513944 9.00049e-07
514165 4.23688e-06
514189 1.7086e-06
515586 3.29369e-06
516291 6.56344e-07
516973 1.08079e-06
517480 2.07406e-07
519163 9.28721e-08
519497 2.06077e-07
521218 9.90195e-07
521712 7.99208e-08
524517 2.44365e-06
525363 7.59512e-07
525366 1.33552e-06
529948 1.5662e-06
531005 2.09495e-06
531415 6.69877e-06
532059 9.83536e-07
532502 3.38997e-07
533615 4.60154e-06
534196 1.39923e-06
536299 1.15194e-07
536655 1.42907e-06
536956 5.70062e-07
537333 1.3335e-07
537700 1.22239e-07
537928 8.65915e-06
538354 1.52696e-06
538389 5.1667e-06
539787 5.96289e-07
539955 2.85873e-08
540524 3.61869e-06
540550 6.83181e-07
540600 1.17085e-05
541041 3.24998e-07
544456 3.67317e-09
544665 7.99245e-07
544868 3.57323e-07
545173 7.32359e-09
546141 1.24343e-07
547107 3.03363e-07
547248 1.77043e-06
547831 1.13309e-05
548348 9.50665e-07
550124 7.89037e-07
552377 1.81427e-06
554154 7.38346e-06
554432 5.51291e-07
555305 3.62027e-07
556134 1.00623e-06
556727 3.73263e-06
556924 2.20703e-07
557192 1.50085e-06
557524 1.54002e-06
559659 3.4157e-07
560912 1.00971e-06
561296 2.11249e-07
561397 1.3182e-06
561606 4.95904e-07
562311 1.0458e-06
563098 2.14808e-06
564033 2.25424e-07
565477 1.04331e-06
567234 1.26618e-07
567334 3.0322e-07
568874 1.27826e-06
575337 2.51286e-06
575698 5.95718e-06
577869 7.9528e-07
578252 7.32153e-06
579187 2.26709e-06
580382 1.86999e-07
581095 9.32542e-07
581330 3.16421e-08
582747 1.95359e-06
584485 1.92874e-06
584708 2.21806e-08
584938 1.07218e-06
585740 1.75218e-07
585769 1.00612e-06
586799 1.20959e-07
587218 1.68005e-06
589154 3.04508e-06
589449 1.76236e-08
590781 1.00856e-06
590948 4.27421e-08
591425 2.75127e-06
591611 1.75632e-05
591957 3.84649e-06
592951 1.13283e-06
593152 4.41191e-07
596371 4.70837e-07
598024 4.48948e-08
598595 3.09153e-07
599393 4.60151e-07
601161 3.18138e-06
601459 4.8596e-06
601462 1.02901e-06
601752 7.9299e-08
604808 9.10397e-07
606032 7.9726e-07
610834 6.49661e-07
610947 2.67298e-07
611024 1.15747e-07
613873 7.7599e-07
614076 5.09909e-07
614866 1.1206e-06
618064 4.26682e-07
620712 2.96618e-05
622987 1.36914e-07
623395 1.07074e-07
623673 3.11047e-06
624654 1.31618e-07
624918 1.69726e-09
625080 2.69878e-07
625202 4.04221e-07
625551 3.22913e-08
625653 7.26626e-07
625826 4.28191e-07
626361 4.48605e-08
626852 8.22027e-07
628813 7.34407e-07
629748 4.26919e-08
630625 1.46045e-07
631847 2.57813e-07
632241 2.84634e-05
632738 1.13633e-06
632883 2.54684e-06
636183 7.62706e-08
636315 9.38448e-07
636402 5.65652e-06
636757 2.31213e-07
636841 2.58618e-07
637332 3.34319e-07
637588 8.78462e-07
637707 3.00652e-07
641806 5.56357e-08
642257 2.50802e-08
642276 3.06372e-07
642395 2.63538e-07
642716 1.14602e-07
642721 6.52498e-08
642993 2.16814e-07
643684 3.40534e-06
644352 5.20685e-07
645343 7.74528e-07
646829 1.92337e-08
646915 4.37398e-07
646989 5.64357e-08
647443 1.65372e-08
648186 9.8699e-06
648296 1.46227e-08
648464 6.65437e-08
648499 8.87885e-06
648596 2.86773e-07
650806 1.22587e-07
652546 6.68287e-07
653547 1.74179e-05
654079 3.08738e-07
655681 8.37599e-08
656323 3.87056e-06
656662 1.17538e-07
657161 7.04341e-07
657564 2.91422e-06
658236 4.38224e-08
659173 1.07663e-07
659824 2.77529e-06
660730 8.58313e-08
661206 6.19105e-06
661656 1.17552e-07
664055 1.93621e-07
668413 1.47429e-06
672304 6.1442e-08
673530 2.32363e-07
675362 1.83541e-07
675575 5.67377e-06
678521 1.45468e-07
681827 2.44721e-07
682478 3.16626e-08
685434 5.02134e-08
685751 3.08445e-06
687285 2.12281e-06
687612 5.61979e-08
687827 4.49492e-07
692222 5.3003e-07
693710 6.73952e-08
694154 5.16077e-07
694224 3.55247e-08
694296 1.02325e-06
696781 8.10732e-08
699333 2.88568e-07
700371 2.61031e-06
701451 8.35272e-08
702861 6.8468e-08
703190 2.54382e-08
705247 8.23939e-08
705631 8.30591e-07
706064 1.39103e-06
707855 4.40131e-08
708755 4.46109e-08
708776 5.39001e-07
709443 1.44542e-05
710554 3.26479e-07
711341 8.7684e-08
711348 3.24856e-06
712326 4.60786e-08
712443 6.0681e-08
712769 1.3507e-08
712802 6.46478e-07
713063 6.07321e-07
713827 3.16447e-06
714322 3.28244e-06
715191 1.31903e-05
715267 5.25918e-07
716250 5.2816e-06
716608 2.26101e-06
717872 3.5446e-08
718314 3.22022e-07
719140 9.14875e-07
719296 5.62718e-07
720260 1.61934e-08
721001 1.7851e-08
723038 5.31549e-08
723526 2.70496e-06
724104 1.1018e-06
724694 2.10197e-06
724771 1.26913e-07
725192 3.31275e-06
727905 7.87614e-07
728823 2.78257e-07
729496 7.42063e-07
729965 8.42376e-06
731786 5.42597e-08
733051 7.79278e-07
733108 3.52959e-06
734964 6.61398e-08
737785 1.80019e-07
737833 8.81528e-08
738040 3.03162e-06
738796 5.8483e-08
739362 8.43555e-08
740481 8.54579e-08
742091 7.67171e-07
745267 4.5072e-07
749829 6.15727e-07
750254 2.23533e-07
752784 4.58943e-08
754389 3.98736e-07
755659 1.4026e-07
756155 2.32382e-07
756241 1.22019e-07
757468 5.05186e-07
757662 7.46968e-08
757668 1.91114e-07
758002 2.17376e-06
759476 7.98845e-07
761821 1.98531e-06
763015 9.36356e-07
764260 3.00537e-06
764523 1.86207e-07
765635 3.05691e-07
765927 3.42082e-09
766006 1.82446e-07
766652 3.32913e-06
767470 8.45938e-07
771913 1.18677e-06
772226 7.90501e-08
773430 4.07034e-07
773559 1.10628e-07
774771 8.79292e-06
775007 1.31077e-07
775319 7.49418e-08
775358 1.22386e-07
775440 8.45561e-08
775646 4.92306e-08
776638 8.54067e-07
776693 2.29134e-07
777606 2.97878e-06
779357 3.65266e-08
780435 7.19464e-08
780872 8.22528e-08
781262 4.47089e-07
781914 1.16999e-07
782452 4.45365e-07
782610 5.3276e-08
783245 1.12481e-06
785371 7.58245e-06
785408 3.47824e-06
785419 5.30186e-06
787826 1.45363e-07
790212 4.57039e-07
790938 9.20327e-08
793501 2.44709e-07
793733 9.17973e-09
795180 5.84574e-07
795711 3.26868e-07
795875 7.27101e-08
796845 6.49706e-07
797538 2.18805e-07
798574 5.28135e-07
798704 9.5128e-08
799583 2.17458e-07
800061 6.44746e-07
800251 1.12735e-06
800489 2.32631e-08
801545 1.05499e-06
801711 2.91772e-07
802292 6.8301e-06
802310 4.70998e-07
804818 1.37217e-08
805721 4.08588e-08
806872 1.2822e-06
807017 6.11119e-08
808174 2.95453e-06
808805 2.27576e-08
809858 2.22021e-07
810076 1.97361e-07
811790 4.48199e-08
811885 7.84933e-08
813725 1.351e-07
813869 3.42807e-07
818898 1.93767e-07
819012 2.32537e-07
819894 1.07435e-06
820277 7.59449e-06
820654 1.46176e-06
821482 1.03137e-06
821664 1.55174e-07
821726 4.60873e-05
822091 8.00576e-07
822394 2.92893e-05
822453 3.87674e-05
822597 1.53426e-07
823450 2.60952e-08
824211 1.34068e-06
824586 1.75327e-07
825351 1.9398e-06
825482 2.54528e-07
825569 7.34857e-08
825789 1.7802e-07
825885 3.75016e-07
826856 1.15466e-08
826984 6.72684e-06
828521 2.67068e-06
829470 1.09682e-06
829883 1.74667e-06
830186 2.17713e-06
830205 1.97782e-05
830660 2.71123e-06
830694 1.24447e-07
832425 3.65732e-08
836821 7.2654e-08
837400 1.17964e-07
837549 3.92104e-08
837754 1.67885e-06
837855 1.86325e-07
838643 4.23558e-08
839210 1.38978e-05
839437 1.25923e-06
839639 3.98772e-07
840264 1.33063e-06
840286 2.08235e-08
840606 1.10911e-06
840683 1.03838e-07
841735 1.41169e-06
842660 9.52459e-07
843768 2.4696e-05
844389 1.51712e-05
845460 2.6166e-06
849620 1.42622e-06
849827 1.76335e-06
852178 7.67371e-07
852843 3.00339e-06
852937 1.61195e-06
853850 1.95606e-06
854457 6.34e-08
854785 2.20243e-08
855870 4.30254e-07
856213 1.86351e-05
856380 1.05948e-06
856720 2.17529e-07
856830 9.75639e-07
859299 2.40708e-08
859657 3.55571e-07
859988 2.29024e-07
860307 2.44813e-06
863880 1.0594e-07
865135 1.33101e-06
865580 6.67708e-07
865628 3.86425e-07
866406 2.3913e-08
867032 2.46886e-06
867150 3.30283e-07
868102 2.00876e-08
868246 3.97438e-08
868502 1.47069e-07
868892 1.45028e-07
869492 5.69656e-06
871935 3.44839e-07
873438 5.8884e-08
873447 9.63099e-08
874130 9.18671e-06
874147 2.67547e-07
874278 1.30359e-06
874364 1.2846e-06
874649 4.10142e-06
874916 1.01673e-08
875094 9.58751e-07
876207 1.83897e-07
876471 1.69581e-06
876753 2.16937e-08
877392 9.91023e-08
878264 5.11184e-08
881183 1.29766e-07
881230 1.46331e-07
881231 3.90784e-07
881232 1.06749e-06
882496 4.5069e-07
882636 2.46721e-07
882691 1.33674e-05
882697 2.00045e-07
883690 5.35063e-08
884198 3.31005e-07
885003 3.06915e-08
885235 1.03984e-05
885967 1.55497e-08
886844 5.39718e-08
887280 2.01718e-06
887661 1.68397e-06
887713 2.00189e-07
888511 6.94048e-06
888698 1.19089e-08
888850 4.37795e-08
889458 2.97669e-07
890359 7.9775e-06
890381 1.9311e-06
890417 1.47317e-06
890782 1.21274e-07
891266 1.45144e-07
891482 3.9452e-08
892248 6.00223e-06
892819 4.38475e-06
892837 9.2143e-08
893739 3.86978e-07
894148 1.79081e-06
895231 3.30415e-08
895694 3.17055e-07
896482 2.92995e-07
897927 1.8479e-06
898362 2.59891e-08
898945 7.73836e-08
899402 2.94774e-06
899418 2.1541e-07
899478 1.22852e-06
899653 1.09988e-05
900450 7.65748e-07
900570 1.82094e-07
901143 3.95056e-06
901172 1.22039e-07
901299 1.70319e-06
901517 1.15003e-06
901533 1.12879e-05
901600 4.1933e-07
902468 1.50326e-06
903070 6.96223e-08
903115 2.67074e-06
903260 6.60794e-08
903485 1.52385e-07
904344 8.35078e-08
904409 3.95637e-07
906831 3.25382e-07
909202 1.64288e-08
909562 1.05368e-05
910850 2.26722e-07
910932 3.57378e-08
912057 1.00692e-07
912494 1.59006e-05
912665 2.39252e-06
913702 1.38392e-05
913787 6.06046e-08
914723 1.1417e-06
914933 6.64549e-06
915156 2.24587e-06
915486 1.17744e-07
915663 3.1798e-07
916036 4.71382e-08
916945 9.93306e-08
917296 5.57694e-09
918019 2.66161e-08
918226 2.68063e-07
918963 3.86124e-07
920166 1.95457e-06
921284 8.18669e-06
922032 1.07781e-05
922305 9.04819e-07
922618 9.17189e-07
922621 6.37809e-08
922938 5.80067e-08
924700 9.78718e-08
925538 1.09018e-07
926335 8.26459e-06
926541 5.24022e-06
926546 2.59168e-06
928078 1.25835e-07
928134 7.81272e-08
928662 1.95469e-07
930656 1.2668e-07
930886 1.27654e-07
930975 1.98975e-08
931790 3.45344e-07
933130 2.11328e-06
933750 6.10302e-08
935115 7.90507e-08
938718 8.00318e-07
940818 3.64657e-07
941150 7.35543e-08
941866 8.74217e-07
942254 8.50105e-07
942393 1.60081e-07
945248 6.94248e-08
946117 2.64389e-07
946383 3.14937e-07
947671 3.81987e-06
947881 1.09716e-08
948810 4.54427e-07
948916 4.35257e-06
949566 2.10297e-07
949793 4.72017e-09
949925 3.71303e-07
953117 1.48123e-08
953518 1.14707e-07
953837 7.32219e-07
953984 1.75915e-07
955937 3.9514e-09
957470 2.83859e-08
957661 2.52063e-06
957669 1.19965e-05
959340 5.08823e-07
960140 2.04359e-08
964504 4.36569e-09
964710 8.15334e-08
965150 5.98857e-07
966115 6.44492e-07
967331 2.52235e-07
967920 1.87879e-08
968260 4.2222e-08
968969 9.68893e-09
972656 2.95461e-06
975233 1.95875e-07
975699 5.54852e-09
976755 1.60967e-08
977306 1.49172e-07
977500 4.59498e-08
978052 2.44224e-08
979753 9.07853e-08
981264 1.01308e-07
981830 8.90216e-06
984172 1.87519e-07
985283 4.86439e-06
986784 3.88749e-08
986985 1.7445e-07
987555 6.77458e-07
991057 2.13447e-06
991218 1.88199e-07
991223 1.6471e-07
991970 2.61113e-07
994855 1.12089e-05
995579 3.54502e-08
996410 2.93331e-06
998343 6.04064e-07
998921 2.28259e-08
1000675 7.47432e-07
1002177 1.06093e-07
1003095 1.4035e-07
1003194 6.22028e-07
1008302 4.34017e-07
1008354 4.02153e-07
1009627 1.32092e-06
1011615 7.56033e-06
1012936 1.15624e-07
1014906 1.9581e-05
1017496 9.87929e-08
1017560 2.43147e-08
1018912 2.64627e-06
1019382 9.22093e-07
1024490 1.34371e-08
1025423 1.36336e-08
1027548 1.46832e-07
1027566 1.01819e-08
1027602 9.15335e-08
1027997 9.74325e-08
1028642 3.059e-08
1028699 2.72132e-07
1033086 2.19901e-07
1033200 8.37651e-08
1034247 5.87791e-06
1034829 1.08617e-07
1037133 2.1587e-07
1037205 1.77356e-07
1037812 4.47908e-07
1039115 2.89556e-07
1039232 2.4853e-08
1040434 8.14112e-07
1041992 2.62624e-07
1042610 5.90316e-07
1044933 5.25706e-06
1047287 7.83771e-08
1047449 8.8205e-07
1047489 1.29249e-06
1049727 3.96674e-07
1049808 2.95973e-07
1049881 8.5596e-07
1049943 1.28044e-07
1051062 4.89457e-08
1051378 1.47507e-08
1051451 9.76717e-07
1052694 1.39821e-07
1053538 1.09521e-07
1055396 7.60654e-08
1057769 3.30222e-07
1058065 1.38997e-06
1061676 1.81425e-05
1063713 7.13222e-07
1065844 5.48472e-07
1066759 4.28523e-06
1067384 2.2927e-07
1067916 1.12989e-07
1069417 1.94924e-07
1071785 1.02404e-08
1072462 2.33183e-07
1073880 2.87654e-07
1074819 2.78464e-08
1076212 6.19785e-06
1076444 4.36487e-08
1079039 3.68952e-07
1079552 5.52992e-07
1083486 3.5529e-06
1086221 1.5263e-06
1086729 2.35034e-07
1087915 1.76377e-06
1088385 6.9615e-08
1088765 5.12308e-07
1089149 7.55834e-08
1091186 1.07393e-05
1091732 3.78651e-07
1091985 6.82728e-08
1092315 9.06053e-06
1095485 9.19678e-08
1095693 3.98249e-07
1095775 1.7156e-05
1096862 1.38894e-08
1097734 1.1594e-08
1097950 1.18118e-06
1098544 1.14293e-07
1099144 9.99499e-08
1100312 6.0844e-08
1101353 5.40986e-07
1101740 4.07455e-07
1101955 1.04776e-06
1102699 3.70714e-08
1103662 9.78891e-07
1108616 5.21933e-08
1108642 1.29486e-08
1108751 5.87739e-07
1109227 7.88891e-09
1109444 4.34194e-07
1109773 6.16471e-08
1113742 1.3377e-06
1113766 9.08238e-06
1113786 6.76178e-07
1116199 6.6198e-07
1116247 1.29583e-08
1117666 4.23621e-07
1119285 4.95891e-06
1120295 1.55742e-06
1121322 5.96084e-08
1122165 2.39843e-06
1123021 1.34286e-08
1123527 3.63035e-08
1124492 1.72151e-07
1127958 9.2583e-08
1129259 1.04552e-07
1132554 1.02039e-08
1133131 4.69135e-08
1133542 4.17138e-07
1133712 2.28281e-07
1133716 4.06357e-07
1133752 2.47849e-07
1134001 6.4409e-07
1135767 1.03289e-07
1136424 7.98735e-06
1138196 1.76361e-06
1138197 4.40994e-06
1138213 1.17775e-06
1138233 1.10218e-05
1138576 2.07867e-06
1139866 1.07983e-05
1140783 8.90355e-09
1141939 3.84148e-06
1143526 3.92249e-05
1145927 1.52233e-07
1146497 2.07105e-08
1147589 3.47086e-07
1148036 2.17413e-07
1149538 1.09883e-06
1149784 2.36925e-07
1150024 6.37157e-07
1150222 9.1431e-08
1151157 4.73989e-07
1151669 1.14932e-08
1152671 1.48034e-06
1153112 9.3827e-07
1153946 9.13967e-07
1155451 1.90098e-07
1156337 4.23618e-05
1157736 2.66886e-06
1158187 1.58135e-08
1158345 1.4815e-07
1159538 5.67418e-07
1159985 2.05187e-08
1162465 8.32152e-08
1164267 6.71547e-07
1164934 1.44207e-07
1164968 5.87837e-06
1165003 2.16528e-06
1166023 8.48539e-07
1171009 3.69292e-07
1171140 5.71538e-07
1172085 4.49203e-08
1172497 2.0304e-06
1173953 5.90156e-07
1176230 2.55614e-06
1176989 5.19604e-07
1178655 1.02394e-06
1179041 1.39611e-07
1179207 7.44456e-08
1179375 3.45556e-07
1179803 3.55229e-07
1180728 6.85693e-07
1180782 2.44674e-07
1180955 2.45649e-07
1181103 2.46522e-07
1181751 7.75826e-07
1185313 1.80944e-08
1187364 1.69601e-07
1188668 9.55532e-06
1190372 6.76103e-08
1190469 4.81854e-07
1192507 5.21832e-08
1193280 8.47356e-08
1194864 1.04279e-06
1195591 9.37699e-07
1196155 2.71095e-06
1196779 1.03412e-07
1197091 1.74922e-08
1198144 1.59016e-07
1199831 4.13988e-06
1200572 1.55167e-06
1200640 2.3303e-06
1200726 3.02752e-08
1202151 1.01397e-07
1202619 8.16973e-08
1202903 7.90658e-08
1203194 2.39737e-06
1206957 3.62541e-06
1207209 1.10504e-06
1207554 3.08266e-07
1208375 1.09618e-07
1209508 1.11939e-06
1212807 3.01653e-08
1215832 1.00217e-07
1217185 7.88837e-08
1217940 5.82534e-08
1219883 3.78831e-06
1222006 1.02529e-06
1222309 9.43885e-08
1224343 1.6899e-07
1227064 5.6096e-07
1227472 4.03933e-07
1227585 1.35437e-07
1229640 2.15563e-07
1230007 1.05437e-06
1231457 7.87993e-08
1232978 2.20113e-08
1237333 7.7079e-06
1238422 3.63469e-07
1242857 1.48125e-07
1244390 3.12275e-07
1244654 4.37886e-07
1245375 5.3952e-07
1245844 9.39149e-08
1246293 3.3805e-07
1248817 1.56557e-07
1248940 6.83543e-08
1251228 2.17384e-07
1252282 4.05618e-08
1256295 6.94537e-08
1257001 4.59883e-06
1257346 6.77939e-08
1259688 1.3067e-07
1259875 1.70693e-07
1260009 1.98103e-07
1262568 8.50994e-07
1262997 1.34378e-07
1263028 1.24912e-07
1263225 3.24544e-06
1263536 3.01567e-08
1264250 6.94596e-08
1264301 4.5235e-08
1264996 8.19954e-06
1266768 1.37053e-06
1266969 2.73545e-07
1267615 4.32397e-08
1268176 6.93577e-08
1269053 1.84372e-07
1269243 1.47305e-07
1270664 5.59863e-06
1271385 4.9141e-08
1274672 4.1074e-06
1275571 2.8411e-07
1276306 2.26128e-07
1276420 1.54483e-06
1276828 1.40214e-07
1277336 2.47148e-06
1280119 1.36548e-06
1280474 2.46302e-08
1282304 5.51971e-07
1282972 6.27929e-06
1283718 2.92187e-06
1288370 1.16505e-07
1290617 1.355e-05
1290795 9.39325e-08
1290895 1.36214e-05
1291278 1.29165e-07
1293299 1.82684e-05
1293670 3.76793e-07
1294504 5.94239e-09
1295402 8.37495e-09
1296059 1.31837e-07
1298197 4.5157e-06
1298601 3.1985e-08
1298678 2.16224e-06
1300179 2.47156e-06
1300871 8.52462e-08
1302248 2.69332e-07
1302363 1.08055e-07
1304939 2.49733e-08
1305184 8.21937e-08
1308147 1.13381e-06
1308733 9.22411e-07
1309687 4.1604e-07
1310345 2.73248e-06
1310378 5.58002e-08
1314799 2.0491e-07
1314828 2.88656e-08
1315315 4.994e-07
1315687 5.25109e-06
1318701 1.88602e-08
1319086 1.90609e-05
1321786 3.79858e-08
1322263 4.41732e-07
1322812 4.7807e-08
1324162 6.6519e-06
1324190 5.86861e-07
1326340 7.11742e-06
1328985 1.73573e-08
1329801 8.88484e-06
1330351 1.10385e-06
1332041 5.36428e-07
1333857 4.72464e-08
1333906 5.67614e-09
1334158 2.70466e-06
1334678 1.00282e-07
1336270 1.19775e-07
1337022 1.24215e-07
1337683 1.73757e-07
1337965 9.02558e-08
1339003 1.60176e-08
1339936 5.466e-08
1342320 3.84654e-06
1342775 3.15816e-07
1344110 3.62539e-06
1345055 1.67081e-07
1345344 1.91322e-06
1345354 1.78954e-06
1348952 8.16698e-07
1349373 1.17326e-06
1351106 2.67396e-09
1351645 6.65782e-08
1351784 1.86488e-06
1351915 2.09035e-06
1353058 6.6899e-07
1355778 3.2243e-07
1356065 1.99761e-07
1356107 5.56044e-07
1357093 3.35642e-06
1358349 3.45733e-08
1358417 4.18244e-06
1358513 5.84066e-06
1358811 2.20991e-07
1359010 1.45685e-07
1360451 1.94117e-06
1360603 2.95162e-08
1360675 3.92776e-07
1361313 1.12303e-08
1362760 1.18276e-07
1366008 4.67701e-06
1366417 2.43452e-07
1366590 2.62643e-07
1366808 6.2722e-06
1366832 4.10176e-06
1367536 2.04843e-08
1368639 3.0479e-06
1369017 1.47629e-07
1369289 1.17972e-06
1369971 2.3847e-07
1370395 7.21151e-08
1371509 3.49395e-08
1371706 5.72497e-08
1372530 4.67064e-07
1372849 3.51917e-06
1373568 9.92292e-08
1374082 1.25738e-07
1378711 4.19147e-06
1379730 5.49894e-08
1382006 2.55264e-08
1382429 2.32883e-06
1382539 2.71401e-07
1383166 1.19803e-06
1383437 2.125e-06
1385317 9.79786e-08
1386504 8.91307e-08
1388386 3.1042e-07
1389711 1.13734e-08
1390418 4.78071e-08
1391751 9.61906e-07
1392474 3.29831e-07
1394050 2.08304e-06
1395055 2.58139e-07
1395457 1.12366e-07
1397279 9.5958e-07
1397302 1.87035e-08
1398765 1.12898e-06
1398880 6.1162e-08
1399623 3.46552e-07
1400402 1.22443e-07
1400446 1.02945e-07
1400732 7.51517e-07
1403586 6.14068e-08
1405345 1.68366e-07
1406646 5.92254e-07
1408217 5.84948e-06
1408740 3.11037e-07
1409002 1.64257e-07
1410071 1.15406e-07
1411919 8.34424e-07
1412241 1.19202e-06
1412529 5.77486e-07
1415685 8.52781e-07
1417740 1.37784e-06
1419011 1.75394e-08
1419064 1.2462e-06
1419392 4.30984e-08
1419430 8.63066e-09
1422257 3.11658e-06
1423033 5.93134e-07
1423075 1.11436e-06
1427015 5.27999e-06
1427547 5.92118e-06
1427929 9.74356e-07
1428975 3.00941e-07
1432172 1.40679e-06
1434124 7.86129e-08
1434452 2.56498e-07
1434507 8.04492e-07
1435461 1.7005e-07
1436610 1.84629e-07
1437063 1.74168e-08
1438152 5.39439e-08
1439596 6.16049e-08
1441063 4.71123e-07
1441077 2.4919e-07
1442752 9.04904e-08
1444157 1.67625e-08
1444185 2.15592e-07
1445088 5.42653e-09
1445759 2.56115e-08
1446759 4.06361e-08
1447025 3.18708e-07
1447142 1.9356e-07
1448073 1.64735e-06
1449007 1.09618e-08
1450356 1.8943e-07
1451497 6.19539e-07
1451598 2.5396e-08
1452033 8.34946e-07
1452279 1.64103e-07
1452655 6.34819e-07
1452660 1.22704e-07
1453091 2.68405e-07
1453244 1.26885e-07
1455587 4.52934e-08
1456606 3.16183e-06
1456623 1.3516e-06
1457746 1.91713e-06
1458401 9.41597e-09
1458961 1.14094e-07
1459830 3.78296e-07
1459937 2.87831e-07
1460200 3.55618e-07
1460694 8.79645e-08
1461185 2.67852e-07
1462121 1.60952e-07
1463397 2.30725e-07
1463709 1.01411e-07
1463798 2.50531e-07
1463849 1.37499e-07
1463927 1.29784e-06
1463956 2.04395e-07
1464316 9.95508e-09
1465009 6.92434e-07
1465453 5.33495e-07
1466158 1.49282e-07
1466335 2.0476e-07
1467649 2.16801e-08
1471631 5.45009e-08
1472454 2.21814e-06
1473043 3.0326e-07
1473174 2.94147e-08
1473442 1.34222e-07
1473936 3.04887e-08
1474316 8.92688e-08
1475848 1.13077e-07
1476571 6.06974e-07
1476754 5.49559e-07
1478240 3.60624e-08
1478340 9.73812e-08
1478935 3.17238e-07
1479740 2.30549e-08
1481181 1.38274e-07
1482225 3.18615e-07
1482507 7.60478e-07
1482946 2.36062e-08
1483489 1.51037e-06
1484266 7.96777e-07
1484405 4.88296e-07
1484942 4.25808e-06
1485686 1.00554e-06
1486575 3.96083e-06
1487145 4.08312e-07
1487499 6.87728e-07
1487520 5.07182e-07
1487851 1.09216e-07
1487966 6.76704e-08
1488383 1.04004e-07
1488643 5.83612e-08
1490034 2.60675e-07
1490049 6.7702e-08
1490435 3.4683e-07
1491173 9.57827e-06
1491366 1.16902e-07
1491423 8.30697e-07
1492488 1.1786e-06
1492895 3.98955e-07
1492947 9.01951e-07
1493239 8.23996e-07
1493378 1.95346e-06
1493789 6.69682e-06
1493856 1.98013e-07
1494780 9.41668e-07
1495550 6.37343e-08
1495585 9.97756e-07
1495962 1.50214e-06
1496094 6.912e-07
1496254 6.18976e-07
1496807 1.31233e-05
1496917 2.95859e-08
1497017 6.43359e-08
1497255 5.52655e-07
1497791 5.432e-08
1498050 3.8909e-06
1498206 5.17433e-07
1498322 6.72247e-07
1499583 2.65804e-08
1500356 1.73186e-06
1500450 5.07733e-07
1501963 4.70577e-07
1502599 9.33648e-06
1502923 1.18594e-05
