2522 2.54183e-05
7687 1.94076e-06
12539 0.000608173
20977 2.17945e-05
21256 1.81806e-07
25099 4.1243e-05
25750 0.000124984
26966 3.03423e-05
27881 0.00035334
45972 1.19763e-06
45998 3.308e-06
51377 9.59227e-07
53741 9.59195e-05
53890 1.24487e-06
54560 4.60107e-07
54695 8.44065e-06
55199 4.73404e-07
60678 2.64231e-06
62806 2.64807e-05
63602 4.99603e-06
66930 0.000100055
68403 3.47363e-07
71516 6.10727e-07
75649 0.000107301
75798 8.67799e-05
76977 3.5321e-05
77278 1.9301e-05
80656 4.15844e-05
86684 0.000120566
87649 5.08556e-05
89408 7.58108e-05
90291 1.49034e-07
90363 2.10434e-05
93440 2.7123e-05
97105 4.31312e-05
99831 0.000129555
101833 1.03279e-08
109950 2.53828e-05
114958 1.43983e-05
115784 1.52458e-05
120509 0.000291756
130991 1.30112e-05
135787 4.35831e-05
141546 6.00715e-05
145133 3.0457e-06
146283 1.30461e-05
146398 6.95994e-05
148714 3.05359e-05
151042 0.000109333
151119 7.03182e-05
157249 1.60766e-05
158902 1.45128e-05
167639 6.04293e-05
167683 5.49515e-05
171163 2.97151e-06
176525 9.67422e-05
176564 7.26759e-07
183571 5.06845e-05
189214 7.26094e-06
189727 0.000107247
190205 3.90827e-05
191835 6.03525e-05
195114 2.4298e-05
197114 1.85405e-06
199986 8.58895e-06
207803 1.5602e-05
213115 5.52125e-06
213650 8.85076e-06
219674 2.46492e-06
219687 0.00013664
223873 0.000111876
224442 1.97485e-07
225057 2.20462e-07
232300 3.3866e-05
234340 0.00013549
236732 0.000325616
236735 0.000173282
238400 0.000228826
241716 1.10913e-07
242843 9.45923e-06
244842 1.93863e-07
257330 5.53042e-06
259284 2.07059e-06
260509 3.53051e-05
263172 5.57534e-05
265065 5.9663e-05
266307 3.00199e-05
267948 0.000362849
269829 0.000224191
272005 1.38793e-05
279275 5.95646e-07
282296 2.1327e-05
283204 1.25264e-07
288964 7.69906e-05
302389 4.86592e-05
302514 5.75732e-05
311378 1.2719e-05
320170 9.53708e-08
321032 1.55007e-05
321053 2.97818e-05
332930 5.68071e-08
335210 8.10226e-06
336717 3.40303e-05
341575 2.20111e-07
342490 0.000168161
353003 5.09114e-05
356004 0.000204638
369275 2.01143e-06
371092 5.30089e-06
372465 1.67052e-05
374260 0.000127865
374493 9.45195e-07
375536 4.08403e-07
379180 8.64186e-05
388291 4.58286e-06
390917 3.34293e-06
391029 9.39164e-07
393492 3.29204e-07
394449 3.88826e-06
395032 1.3843e-07
395142 9.69165e-05
398110 2.17299e-05
398415 1.53583e-07
404182 1.57938e-06
406318 3.18327e-05
408176 2.47995e-05
413829 1.88782e-05
425130 1.52814e-05
428417 1.83331e-06
428879 9.00299e-08
430852 0.000262902
431160 5.42694e-07
431471 2.31719e-05
432797 4.49601e-06
433719 1.46581e-05
435169 0.000335917
443735 0.0001192
444297 5.49686e-05
445376 8.60872e-07
448436 1.58392e-06
449347 3.86735e-05
450946 1.8703e-05
453578 4.94932e-05
458484 0.000308621
465995 1.52846e-06
484093 8.35938e-08
485975 1.76374e-05
487211 7.71956e-06
489938 0.000348286
490938 7.90688e-05
492013 5.89158e-05
492236 6.36285e-07
492292 0.000162523
496067 7.23671e-08
501870 7.35541e-05
510054 0.000113354
511539 4.42274e-08
516176 7.3375e-06
517063 6.30174e-08
521204 3.45381e-05
528197 0.000314751
534438 3.80183e-07
536725 6.72084e-05
538527 0.000275398
541193 4.58236e-07
544919 8.64903e-07
545302 3.38186e-05
545377 0.000130343
548136 4.19351e-06
551109 5.16447e-06
552230 0.000126499
553486 3.2489e-08
561168 1.54655e-05
565413 0.000242921
566062 2.5518e-06
568845 7.78806e-06
572744 9.82677e-07
580185 3.08226e-07
583905 5.51405e-06
586930 8.31677e-07
589411 3.79207e-05
617682 1.90176e-07
639695 1.81032e-06
640230 0.000104607
642603 2.42106e-05
642732 5.88488e-05
642817 9.15166e-06
643798 0.00012466
648032 2.16037e-06
649142 2.91758e-06
654991 5.44824e-05
665730 2.8937e-05
675820 5.3928e-05
691781 8.79373e-05
693182 6.5823e-06
698211 3.13741e-05
700182 6.02384e-08
700358 3.13397e-05
704859 5.33927e-07
707476 6.32221e-06
708216 8.74409e-05
709887 6.45155e-05
715614 6.90657e-08
719656 1.74134e-05
720886 5.39543e-06
721926 5.55612e-07
723352 4.96647e-05
740669 3.62429e-08
746547 0.000177607
748327 3.99337e-05
748416 1.61857e-06
748531 4.56768e-06
750872 2.6603e-06
757657 1.98822e-06
763744 2.95545e-06
763763 1.2184e-05
764362 2.08499e-05
771698 7.21817e-07
773125 1.46559e-06
777733 1.60912e-05
781099 7.25323e-05
781117 4.90227e-05
781133 7.60116e-06
781134 5.58792e-05
781154 3.83242e-05
781159 5.16459e-05
782576 2.10556e-06
782585 3.08599e-05
783457 5.01105e-05
785331 7.40251e-05
785752 1.25468e-06
787217 5.64584e-07
788297 8.26164e-06
798601 7.12435e-06
799703 8.98244e-05
814290 5.24488e-05
815919 2.07467e-05
816790 5.5003e-07
819921 0.000293017
820156 0.00013055
820180 0.0001787
821912 3.898e-05
822153 5.44728e-05
822444 4.95798e-05
823868 8.00947e-06
823901 1.48623e-05
825223 3.15635e-06
825712 9.3605e-06
826400 1.95606e-07
828919 0.000197805
829315 0.000391269
829794 0.00049994
831602 0.00012182
831831 1.80081e-05
832829 0.000108329
833539 5.26855e-08
843897 2.60359e-07
844752 0.000205052
847376 2.54659e-05
854673 2.10753e-06
855075 4.7348e-05
855693 1.79518e-06
856196 9.01061e-06
857161 1.6893e-05
857993 3.09929e-08
860709 1.54541e-07
868077 1.36548e-05
868271 6.89048e-06
869426 1.66846e-05
870295 1.72141e-08
879074 1.89607e-05
880475 0.000106297
882419 9.28198e-06
889930 3.59236e-05
891548 5.88848e-07
891561 8.42667e-05
892136 2.21068e-05
893257 5.14065e-05
893770 8.5053e-08
893903 0.000113652
896540 3.23724e-06
899220 4.28607e-05
900309 3.48657e-05
901052 5.43922e-06
903910 8.64506e-05
903988 5.0837e-06
905826 2.42551e-06
910666 4.82617e-06
918363 0.000133756
922533 8.40111e-06
924232 6.44903e-05
925086 5.03286e-05
938659 4.31152e-06
940284 3.31611e-07
940926 3.08655e-07
952957 5.0301e-06
954734 0.000188081
981144 6.30336e-06
981636 6.76326e-08
996473 1.53348e-08
997386 2.27989e-05
1001024 1.60353e-05
1005444 2.11185e-07
1006552 5.07323e-07
1008549 7.95932e-06
1009038 5.89587e-05
1014556 4.4735e-05
1014957 4.54475e-08
1022973 6.90571e-05
1030688 0.000105672
1032716 1.70924e-06
1037933 1.08659e-05
1038188 4.92136e-05
1043323 0.000176389
1043975 3.54734e-07
1048454 4.12468e-05
1049176 6.87015e-09
1057246 7.13659e-08
1070114 4.04965e-07
1076654 3.15535e-06
1089294 0.000104027
1093545 2.16788e-05
1095241 2.7331e-06
1096313 1.09185e-06
1101578 2.12268e-05
1101763 4.19926e-08
1104008 5.96793e-06
1104144 4.23929e-05
1112998 5.08057e-05
1117477 1.20767e-06
1122694 6.96274e-05
1134445 0.000143608
1134961 6.50953e-06
1135367 4.35139e-06
1139487 1.0268e-05
1143907 5.23652e-05
1145627 3.00226e-05
1145818 8.63006e-06
1146923 7.6678e-05
1153673 0.000186013
1156763 2.64303e-06
1160722 9.31158e-05
1161577 5.20295e-06
1161884 2.05988e-05
1163575 3.1637e-08
1172108 3.38414e-06
1173378 1.80938e-05
1174237 7.57934e-06
1176277 3.98502e-06
1176498 5.22042e-06
1177263 7.03317e-08
1187655 1.10682e-06
1189180 1.16987e-06
1190228 1.73821e-06
1193085 2.53316e-07
1213097 2.95721e-07
1219557 3.40705e-05
1222889 4.00899e-07
1241043 1.28253e-05
1243534 5.17653e-05
1247260 3.64552e-06
1255049 5.61115e-05
1257098 5.73703e-06
1257374 1.22735e-09
1260608 5.25397e-06
1261875 4.75161e-05
1270767 2.18364e-07
1278865 3.76538e-05
1285635 2.48122e-06
1295227 3.04198e-05
1301841 5.08263e-07
1309321 0.000141357
1310433 7.42213e-05
1310499 4.53749e-05
1337598 7.68542e-06
1337681 1.71054e-05
1343078 1.38497e-05
1344596 1.05818e-05
1358025 9.66478e-05
1361777 1.65984e-06
1364053 1.32163e-06
1365673 4.22763e-07
1369903 3.49524e-06
1372415 0.00020981
1387532 2.30461e-05
1388204 5.27081e-06
1390307 3.43086e-05
1390341 0.00150351
1393504 8.81469e-06
1393930 4.66275e-07
1399717 1.97258e-05
1404416 1.3219e-05
1404431 1.24589e-05
1404449 3.93114e-05
1404483 1.53366e-05
1415417 2.52808e-06
1418839 4.44013e-06
1423570 2.05544e-05
1424168 2.57512e-05
1427810 5.65532e-05
1427827 0.000103941
