519514 0.0370807
490872 0.0246795
1004172 0.0132962
482551 0.0115281
110361 0.00707264
244531 0.00705449
296675 0.00676817
980392 0.00670059
153610 0.00622213
821785 0.00621296
450459 0.00615348
836276 0.00600937
1597497 0.0054696
1484113 0.00527524
236648 0.00523558
908988 0.00496658
1645455 0.00488412
1285196 0.00466055
1476032 0.00456843
495028 0.00454685
1491540 0.00436353
148795 0.0043589
828102 0.00434135
66863 0.00432759
820273 0.00413664
491222 0.00406731
940496 0.00401162
874115 0.00387225
295508 0.00384192
1529457 0.00374628
1591363 0.00371083
1373835 0.00358594
491488 0.00345763
236744 0.00342922
332261 0.00340631
1023375 0.00339288
235238 0.0033726
431395 0.00332147
93726 0.00309363
554550 0.00308609
610570 0.00308175
535188 0.00300105
1610305 0.00297695
33743 0.0029752
1521599 0.00288886
974149 0.00287918
1491551 0.00285927
430030 0.00274122
1384408 0.00273933
840247 0.00267516
12503 0.00257086
382112 0.00250887
889270 0.00246639
158835 0.00245788
491496 0.00245559
1500650 0.002449
529122 0.00240868
295630 0.00239229
839263 0.00239205
820075 0.0023546
1513088 0.00232599
811424 0.00231675
153602 0.00231032
236257 0.00220988
679388 0.00218124
144948 0.00216174
431304 0.00213324
19281 0.00212806
608634 0.00212217
814042 0.00203589
939582 0.00201783
497197 0.00195836
529203 0.00192256
102261 0.00190602
1561612 0.00188633
507035 0.00186188
1353675 0.00184975
1436432 0.00183452
595921 0.00181967
820645 0.00179396
530006 0.00179124
69072 0.00178944
125533 0.00175251
463143 0.00172984
295535 0.00172141
268081 0.00170234
598128 0.00167736
1554943 0.00167489
1495173 0.00162548
235240 0.00158886
490869 0.00156835
1376265 0.00156108
1311190 0.00155851
820252 0.00155582
236740 0.00153907
999497 0.00152594
515208 0.00151847
1724455 0.00150353
288807 0.00148544
26416 0.00147764
1498417 0.00146368
266360 0.00146153
1508875 0.00144759
699918 0.0014468
223728 0.00142389
1634795 0.00138729
346619 0.00136836
1625977 0.00132986
1591371 0.00132788
910747 0.00132235
266955 0.00131379
1020112 0.00130761
1288747 0.00129281
986090 0.00128483
503864 0.00128386
604194 0.00126751
691753 0.00126365
962808 0.00126303
1780367 0.00123106
1292455 0.00122852
185064 0.00122364
714148 0.00121874
488890 0.00121115
958108 0.00120993
677386 0.00120899
908462 0.00120823
1205647 0.0012054
499989 0.00119134
1358074 0.00118926
903391 0.00118845
860496 0.00117857
606701 0.00117835
820518 0.00117434
163044 0.00116566
725757 0.0011633
602975 0.00115745
304834 0.00115724
430031 0.00114341
151170 0.0011351
1618267 0.00113401
1507350 0.00112973
1750097 0.00112149
579781 0.0011189
1175184 0.00111325
1295890 0.00110987
1549675 0.00110276
488904 0.00110062
1604716 0.00108819
797728 0.00108719
216814 0.00108576
854075 0.00107561
503729 0.00107552
508805 0.00106154
1071621 0.00105626
978003 0.00103519
268347 0.00103281
56094 0.00102408
1158903 0.00100552
498529 0.00100456
798678 0.00100321
376749 0.00100116
1264946 0.00099444
1674332 0.000980759
1637657 0.000978283
746586 0.000977609
457818 0.00097205
7660 0.000956764
916823 0.000953825
491535 0.000950584
1739430 0.00094622
499525 0.000946068
1012411 0.00094382
65546 0.000942495
1569353 0.000934582
1681569 0.000931193
990414 0.00093101
746298 0.000927031
1048850 0.000926127
1317739 0.000921083
1421759 0.000910944
1419303 0.00088815
1527693 0.000885398
491229 0.000876208
889123 0.000872341
810136 0.000869701
1724962 0.000866198
196866 0.000856037
1500704 0.000854666
873557 0.000854138
1240664 0.000851215
1114396 0.000845922
519560 0.000842154
409081 0.000842133
6269 0.000833834
231784 0.000828925
52526 0.000828169
235992 0.000826516
480414 0.000824988
670111 0.000812393
223814 0.000807232
306942 0.000803242
218702 0.000802107
488319 0.000795455
449271 0.000790994
80510 0.000789944
908367 0.000786603
133082 0.000780164
1486160 0.000778375
746657 0.000773177
749701 0.000768442
677785 0.000766215
850711 0.000763377
78851 0.000761649
1143919 0.000758356
471641 0.000756493
701238 0.000745271
1653751 0.000740372
27326 0.000739964
1461380 0.000737419
1030671 0.000734071
921996 0.000733741
1765611 0.00073246
1515253 0.000725859
667150 0.000723495
1179829 0.000722237
906895 0.000721793
635785 0.0007213
1245752 0.000719206
876019 0.000713264
1483834 0.000711216
1748096 0.000711006
1193463 0.00070898
1490071 0.000707524
1486737 0.000704368
50612 0.00070388
732718 0.000694138
464593 0.000693217
781815 0.000692201
103481 0.000691722
691798 0.00069125
1007684 0.000689918
1510564 0.000679767
151036 0.000679144
1085584 0.00067336
944240 0.000670489
485172 0.000661168
844213 0.000661166
766882 0.000659073
491305 0.000656208
1724405 0.00065012
1389199 0.000649862
445013 0.000647767
834641 0.000644024
638431 0.000642639
703432 0.000641861
220904 0.000640259
1676939 0.000638296
834371 0.000628276
406972 0.000627968
1261951 0.000625371
1380093 0.000624247
1255217 0.000623221
1587878 0.000622274
294430 0.000615562
331148 0.000614896
51666 0.000614464
1481338 0.000611802
1486301 0.000611759
314507 0.000609488
945618 0.000599766
890241 0.000599277
1264808 0.000595687
157297 0.000593744
1433042 0.000589423
219985 0.000589293
633632 0.000586733
817676 0.000586168
838445 0.000584242
1690859 0.000583421
354354 0.000580902
236358 0.000573691
340430 0.000570414
259494 0.000569544
35029 0.000567007
1677882 0.000564683
899195 0.000561675
891244 0.000560243
781629 0.0005602
1675654 0.000555739
1358502 0.000551383
456372 0.000551341
1743992 0.000550386
875696 0.00054775
439305 0.00054657
889228 0.000545609
906876 0.000542939
824748 0.000542598
869872 0.000540311
521251 0.000538964
130767 0.000537901
915680 0.000537374
1483421 0.000534581
903075 0.000532666
240991 0.000531793
1743581 0.000525547
294899 0.000524895
324157 0.000522207
1328662 0.000522073
821097 0.00052195
1021300 0.00051887
296693 0.000518065
961854 0.000512897
786398 0.000510975
1261150 0.000510852
1094385 0.000510781
1561415 0.000509189
130982 0.000506391
1558290 0.000505862
722914 0.000505645
598001 0.000501999
1433565 0.000501113
1256364 0.000500312
1673280 0.000499103
1654285 0.000498214
1491204 0.000497665
337611 0.000497247
1496068 0.000494749
1374020 0.000493793
369175 0.000492023
1277137 0.000491628
1355723 0.000491597
37214 0.000489385
366181 0.000486366
1022395 0.000486061
1381516 0.000485803
263221 0.000485723
16944 0.000483993
894086 0.000482643
633492 0.00048061
1407293 0.000478541
1666180 0.000477714
967994 0.000477216
783461 0.000477215
1413771 0.000477001
629780 0.000476127
708807 0.000475966
891925 0.000473336
431410 0.000470155
677752 0.000467915
1230169 0.000467569
1031210 0.00046694
821145 0.000466866
127693 0.000466508
916903 0.000466408
715582 0.000465925
1236869 0.000465528
1464123 0.000464906
509100 0.000462274
1655438 0.000460844
726235 0.000460212
433158 0.000459305
452221 0.000458851
1170167 0.00045857
912467 0.000456905
820857 0.000456463
1073620 0.000456131
897159 0.000453644
727023 0.00045356
928982 0.000453448
1397084 0.000452168
490004 0.00045207
135127 0.000447685
1550474 0.000446712
337821 0.0004463
1619917 0.000442198
782548 0.00043816
420807 0.000437741
120528 0.00043736
1758046 0.000437069
227310 0.000436638
726932 0.000434992
867700 0.000434268
7027 0.000434231
259702 0.000433043
1399715 0.000431119
78681 0.000430829
1465926 0.000424454
1692094 0.000423312
1501097 0.000422207
235993 0.000420556
263077 0.000420051
94997 0.000419685
785312 0.000419138
1390512 0.000418498
1535431 0.000418286
941384 0.000417965
1059424 0.000417098
430894 0.00041701
1022914 0.000416602
416224 0.000414984
811493 0.000414422
424847 0.000413847
238560 0.000413806
18641 0.00041254
1139587 0.00040654
290577 0.000405213
1610757 0.000403375
529146 0.00040109
1357459 0.000395144
250445 0.000395085
102616 0.000394965
1416988 0.000393099
834235 0.000392714
1713096 0.00039243
456849 0.000391993
921628 0.000391703
38216 0.000391681
1710729 0.000390534
1033287 0.000390272
13834 0.000389667
816246 0.000389536
1082629 0.000388762
1744763 0.000388582
391873 0.000388509
169505 0.000386659
296628 0.000385556
1512834 0.000385303
1003910 0.00038497
1508978 0.000384887
965366 0.000384663
867453 0.000384172
1192580 0.00038357
303063 0.000383472
746613 0.000382664
295517 0.000380091
699537 0.000379944
831774 0.000379892
193491 0.000379225
1431915 0.000378989
151049 0.000377688
222653 0.000377299
233137 0.000376047
47922 0.000373113
494593 0.000373005
1732321 0.00037047
710584 0.00036832
602163 0.000368133
568289 0.000367576
882585 0.000367492
536723 0.000367104
81610 0.000365225
1114122 0.000365163
952378 0.000364452
836568 0.000363591
1433729 0.000361542
1415452 0.000361279
929624 0.000360934
1192953 0.00036075
652177 0.000360537
206546 0.000359498
76382 0.000357945
443331 0.000357784
1282869 0.000357265
763750 0.000355197
821325 0.00035382
1025065 0.000353025
1310412 0.000352664
242543 0.000352544
838758 0.000351313
20576 0.000351285
1057776 0.00035033
825123 0.000349879
21542 0.000348712
259627 0.000348538
470656 0.000344765
1755737 0.00034424
1007181 0.000342868
822759 0.000341448
289421 0.000339257
1084158 0.000338684
383017 0.000338533
846257 0.000338049
526817 0.000336624
550487 0.00033606
606902 0.000334771
510610 0.000333667
536446 0.000332816
752437 0.000331856
89388 0.000331814
833762 0.000331076
860131 0.000330838
570594 0.000329318
280461 0.000329203
265856 0.000328809
307473 0.00032855
1724413 0.000328437
617771 0.000328043
1366461 0.000328036
2108 0.000327721
1045418 0.000327157
1501642 0.00032651
469898 0.000326227
532442 0.00032519
1050703 0.000324892
251443 0.000324503
595058 0.000324349
904652 0.000324134
121237 0.000324042
1533719 0.000323949
1374673 0.000323949
900295 0.000323784
551471 0.000323055
1586798 0.000322869
468891 0.000322798
849424 0.000322414
1121844 0.000321058
1739559 0.000320975
867174 0.000320433
668853 0.000318452
106830 0.000317766
514024 0.000316908
495101 0.000315507
496388 0.000310847
537885 0.000309314
1526355 0.000308822
477563 0.000308486
1621758 0.000307427
1512592 0.000307293
1193272 0.000306693
936840 0.000306225
455641 0.000305318
919308 0.000304324
781628 0.000304164
204639 0.000303809
247721 0.000303357
746605 0.000301118
867534 0.000300487
1588315 0.000299606
1519649 0.000299522
812609 0.000298643
1152589 0.0002986
1183303 0.000298486
1376226 0.000297981
710449 0.000297927
1290107 0.000296089
387619 0.000295741
746284 0.000294905
1153119 0.000294736
1487200 0.00029375
1654291 0.000293705
1123438 0.000293216
1702658 0.000292173
1275641 0.000292081
398624 0.000291587
1127031 0.000290151
982944 0.00029008
103482 0.000289623
168839 0.000288198
17937 0.000287342
383952 0.00028698
206840 0.000286784
325221 0.000286591
769867 0.000286564
1048636 0.000286426
919919 0.000286366
1022646 0.000286324
482459 0.000286173
466696 0.000285153
1189411 0.000285139
1496693 0.000283154
230785 0.000282997
1390266 0.000282748
911224 0.000282126
1768336 0.000282106
60808 0.000281881
1152515 0.000281631
223031 0.000280992
174250 0.000280144
115926 0.000279878
1056294 0.000279843
1310707 0.000279787
1376393 0.000278908
1758991 0.000278905
1550962 0.000278864
1710946 0.000278474
503003 0.000278078
132806 0.000277832
455685 0.000276941
1379054 0.000276233
1481206 0.000275682
218180 0.000275363
1690430 0.000274823
315458 0.000274587
1271157 0.000273427
105779 0.000272803
727342 0.000270874
773685 0.000270548
1038182 0.000269862
840220 0.000268248
1038720 0.000267071
1373768 0.000265974
512213 0.00026322
430041 0.000262863
1060540 0.000262706
862894 0.000259928
29036 0.000259657
247638 0.000259614
1333678 0.000258785
1115152 0.000258766
930730 0.000258516
865601 0.000258222
425713 0.000257425
850026 0.000255932
1670713 0.000255904
1201110 0.000255614
1606188 0.000255425
987736 0.000254753
68389 0.000254609
136253 0.000254469
890072 0.000254459
528434 0.000254379
1095765 0.000254308
1166928 0.000253502
637112 0.000253096
436705 0.000251736
978893 0.00025161
399206 0.000251328
1025812 0.000250769
1087608 0.000250397
123342 0.000250017
502814 0.000248902
108221 0.000248543
24081 0.000248144
290474 0.000248067
417847 0.000247938
1343221 0.000247664
908575 0.000246285
1045114 0.000244555
1102373 0.000244537
621908 0.000244424
768365 0.000244285
1114646 0.000244267
890343 0.000243661
802737 0.000243557
379210 0.000243305
388012 0.000243044
1366509 0.000242262
164706 0.000242082
1686811 0.000242022
1484438 0.0002419
508346 0.000241472
148170 0.000241237
1623539 0.000240829
1360021 0.000240565
1767985 0.000240473
1094446 0.000239823
1218331 0.000239577
882161 0.000239503
377754 0.000238804
936882 0.000238795
909538 0.000237793
51187 0.000236808
1340906 0.000236573
1502902 0.000236501
543058 0.000236431
1487559 0.000236188
1171325 0.000236088
961575 0.000235945
930502 0.000235795
884856 0.000235562
1201128 0.000234185
1086862 0.000234183
645747 0.000234016
539431 0.000233985
1128598 0.000233949
562074 0.000232779
1535449 0.000232429
661995 0.000232151
1769199 0.000231845
780887 0.000229361
973047 0.000229206
1257504 0.00022869
280559 0.000227964
89237 0.000227928
1563619 0.000227812
1370775 0.000226939
493020 0.000226243
1531473 0.000225868
72541 0.000225747
1471823 0.000225031
1521364 0.000224469
122608 0.000224226
1003397 0.00022422
431473 0.000223579
1722797 0.000223481
364317 0.000223057
766268 0.00022238
1358379 0.000221866
1044911 0.000221758
783445 0.000221277
97851 0.000220955
455405 0.000220791
50655 0.000219897
1542082 0.000219854
547187 0.00021934
245029 0.000219313
1346110 0.000219298
1101514 0.000219235
1491639 0.000219234
1740809 0.000218873
1197550 0.000218655
661963 0.000218181
500756 0.000218032
1509780 0.000217559
167067 0.000217524
28163 0.000217519
677981 0.00021727
1277555 0.000217099
651431 0.000216931
822164 0.000216862
1368729 0.000216374
490459 0.000216238
1544448 0.00021616
545995 0.000215565
489558 0.000215267
857554 0.000214876
1264714 0.00021467
734657 0.000213103
526599 0.000212821
469930 0.000212674
1457780 0.000212452
16822 0.000212439
1217750 0.000212295
1544844 0.0002116
578691 0.000211044
288530 0.000209517
1521636 0.000209516
1227458 0.000209403
1543169 0.00020929
959599 0.000209257
1610615 0.000209128
1239176 0.000209079
370185 0.000208931
772050 0.000208892
1027381 0.000208347
234265 0.000207976
529172 0.00020753
865090 0.000207454
151156 0.000206955
215187 0.000206913
996580 0.000206864
27250 0.000206324
1485273 0.000206106
1282577 0.000206102
1339517 0.0002053
1554863 0.000205157
488143 0.000204685
1070281 0.000204582
901101 0.000204395
1138207 0.000204262
922814 0.000203458
1363360 0.000203315
1177220 0.000201828
710228 0.000201288
879762 0.000200823
258732 0.000200794
23073 0.000200602
1487265 0.000200457
1535173 0.000200155
1089661 0.000200087
1192107 0.000199675
1771658 0.000199582
839290 0.000199115
843523 0.000198683
1423779 0.000198593
1650197 0.000198474
913072 0.000197711
1483231 0.000197247
854699 0.000197072
921062 0.000196999
571921 0.000196798
1110729 0.000196715
401733 0.000195783
1425357 0.000195756
663349 0.000195431
1747787 0.000194973
485239 0.000194557
1259684 0.000193851
726280 0.000193782
1490456 0.000193758
867675 0.000192886
1172678 0.000191563
147960 0.000191133
471289 0.00019107
247480 0.000190416
250140 0.000190285
1775759 0.000190027
79493 0.000189739
67735 0.000189573
1039577 0.000189462
48513 0.000189421
1310784 0.000188529
4438 0.000188235
1532103 0.000188233
235878 0.000188065
495820 0.000188002
386463 0.000187683
1125806 0.00018754
1758142 0.000187389
95750 0.000186511
490685 0.000186244
851927 0.00018571
241326 0.000185402
781623 0.000185374
1655784 0.000185371
828606 0.000185282
162238 0.000184144
873953 0.000183842
1702514 0.000183675
512395 0.000183137
1723333 0.000183122
1516742 0.000183111
984500 0.000182585
1267128 0.000181575
290661 0.000180698
224623 0.000180554
631776 0.000180373
466726 0.000180363
1757659 0.000180077
1514430 0.00017977
1395033 0.000179272
50937 0.000178803
1786604 0.000178327
474796 0.000178089
1082504 0.000177962
1012800 0.000177652
781233 0.00017758
755853 0.000177543
777253 0.000177204
1528604 0.000177199
990467 0.000177142
198863 0.000176499
642582 0.00017629
72446 0.000176222
1416484 0.000175989
1490375 0.000175814
1131898 0.000175572
1368475 0.000175332
608659 0.000175272
1098622 0.000175186
953833 0.00017477
1780272 0.000174712
1016168 0.000174675
271211 0.000174506
990110 0.000174183
488355 0.000173856
1762762 0.00017376
1397909 0.000173551
1378009 0.000172813
268169 0.000172599
161846 0.00017252
850193 0.000172237
1743163 0.000172191
1636751 0.000171768
238446 0.000171534
933797 0.000171125
1200539 0.000170965
534254 0.000170942
440676 0.000170808
892438 0.00017074
175670 0.000170735
1362859 0.000170567
684376 0.000170508
788704 0.000170303
1081600 0.000169759
431950 0.000169678
236720 0.000169643
1372507 0.000169551
1307562 0.000169317
878200 0.000169176
420068 0.000168726
771611 0.000168711
433678 0.000168499
489431 0.000168113
1713089 0.000167687
1361256 0.000167609
1203172 0.000167445
382944 0.000166899
719652 0.000166356
776610 0.000166145
1441496 0.000165984
1471364 0.000165851
1020836 0.00016535
502737 0.000165127
256175 0.000164804
92500 0.000164759
118911 0.000164322
745255 0.000164112
159593 0.000163962
1390024 0.000163495
466554 0.000162806
571993 0.000162332
1142420 0.000162073
427314 0.000161984
800456 0.000161802
1623275 0.000161732
18704 0.000161557
517789 0.000161226
1143896 0.000161221
769889 0.000160887
234738 0.000160876
888909 0.000160411
1758760 0.000160311
1461674 0.000160146
1196845 0.000159111
263003 0.000159011
1561281 0.000158558
1050140 0.000158429
103777 0.000158217
1614206 0.000158207
1294495 0.000157868
1755794 0.000157757
776518 0.000157747
1705716 0.000157575
353703 0.00015753
1692070 0.000157517
409588 0.000157479
56650 0.00015743
844904 0.000157214
342902 0.000157185
882694 0.000156773
1683108 0.000156102
556938 0.000156001
918369 0.000155735
1702442 0.000155652
295414 0.000155618
795431 0.000155278
180459 0.000154765
1142401 0.000154743
1451638 0.000154637
505022 0.000154488
487194 0.00015441
1073466 0.000154055
12508 0.000154034
524019 0.000153905
1768955 0.000153673
263673 0.000153628
412204 0.000153447
1296039 0.000153417
462844 0.00015246
465532 0.000152457
1571847 0.000152144
1264729 0.000152109
892936 0.000152004
1487164 0.000151837
293064 0.000151756
675355 0.000151352
1401765 0.000151168
491313 0.000150985
844609 0.000150838
881262 0.000150512
236634 0.000150496
910713 0.000150248
1039089 0.000150121
1448696 0.000150033
990679 0.000149998
1263279 0.000149908
840206 0.000149895
1050829 0.000149867
219023 0.000149654
474470 0.000149573
235773 0.00014956
582332 0.000149225
688399 0.000148675
821088 0.000148513
433027 0.000148451
1203777 0.000148423
448479 0.000147837
1471449 0.000147812
866080 0.000147594
386469 0.000147571
87775 0.000147428
435229 0.000147345
181362 0.000147224
1754514 0.000147196
1765859 0.000147133
902509 0.000147039
640602 0.00014682
891111 0.000146796
62442 0.000146548
822530 0.000146476
781129 0.000146415
615382 0.000146354
1183357 0.000146251
491608 0.000146105
114097 0.000145865
1544204 0.000145784
215724 0.000145462
1702499 0.00014545
878501 0.000145141
925086 0.00014489
1160722 0.000144695
1093545 0.000144379
1101763 0.000144361
1715253 0.000143782
822153 0.000143629
236735 0.000143502
12539 0.000143265
816790 0.000142714
341575 0.00014263
1476935 0.000142597
1022973 0.000142521
146398 0.000142469
1270767 0.000142364
93440 0.00014229
781117 0.000141949
87649 0.000141882
1771485 0.000141807
1588792 0.000141628
269829 0.000141561
1243534 0.000141464
1163575 0.000141252
1748179 0.000141249
1095241 0.000141244
1725085 0.000141164
1629813 0.000141144
435169 0.000141141
431471 0.000141085
748416 0.000140802
1489025 0.000140735
1117477 0.000140602
109950 0.000140365
798601 0.000140221
1534872 0.00014017
1757741 0.000139938
1285635 0.000139796
1468467 0.000139761
413829 0.000139744
1504421 0.000139731
191835 0.000139675
465995 0.000139608
283204 0.000139209
1713140 0.000139126
431160 0.000139114
826400 0.000139099
538527 0.00013906
893770 0.000138803
90363 0.00013879
704859 0.00013869
236732 0.000138518
1009038 0.000138336
311378 0.000138035
719656 0.000137968
444297 0.000137752
450946 0.000137729
1361777 0.000137684
1462742 0.00013758
1161884 0.000137346
541193 0.000137147
1754808 0.000137134
1247260 0.000137088
829315 0.000136965
1173378 0.000136884
1176277 0.000136735
693182 0.000136554
831602 0.000136292
782576 0.000136181
901052 0.000135996
189214 0.000135777
1702435 0.000135621
335210 0.000135512
1213097 0.000135303
1423570 0.000135229
199986 0.000135141
1609158 0.000135119
843897 0.000135077
583905 0.000134799
918363 0.000134473
1134445 0.000134384
1364053 0.000133943
1462757 0.000133379
53890 0.000133227
814290 0.000132941
232300 0.000132895
223873 0.000132867
448436 0.000132847
900309 0.00013283
1632131 0.000132592
1597409 0.000132538
371092 0.000132401
1447317 0.000131661
393492 0.000131565
353003 0.000131541
1625780 0.000131491
1453929 0.000131094
952957 0.000131025
372465 0.000130756
1387532 0.000130396
764362 0.000130346
1043323 0.000130112
1558355 0.000130112
782585 0.000130038
1344596 0.000130026
1487123 0.000129854
120509 0.000129807
639695 0.000129741
548136 0.000129589
432797 0.000129483
99831 0.000129269
1614909 0.000129258
831831 0.000129232
1005444 0.000129024
1358025 0.000129018
545377 0.000128939
430852 0.000128919
833539 0.000128735
889930 0.000128499
484093 0.000128075
492013 0.00012805
490938 0.000128046
1337681 0.000127949
1754097 0.00012793
1715668 0.000127689
445376 0.000127648
899220 0.000127577
145133 0.000127557
395142 0.000127419
781133 0.000127418
1176498 0.000127397
356004 0.000127364
157249 0.000127236
1134961 0.000127202
700358 0.000127169
80656 0.000127087
219674 0.000127053
763744 0.000126913
1014556 0.000126731
86684 0.000126366
1145818 0.000126225
167639 0.000125987
1001024 0.000125796
190205 0.000125728
391029 0.000124968
691781 0.000124882
425130 0.000124812
1260608 0.00012478
260509 0.000124681
553486 0.000124659
1301841 0.000124463
1653515 0.000124264
551109 0.000124171
183571 0.000123781
1782156 0.000123769
910666 0.000123733
213650 0.000123673
832829 0.000123498
141546 0.00012344
1727479 0.000123117
777733 0.000122805
1122694 0.000122802
1675976 0.000122766
1190228 0.000122639
374493 0.000122421
510054 0.000122409
1399717 0.000122398
213115 0.000122375
21256 0.000122293
1712753 0.000122228
1057246 0.000122076
496067 0.000122018
1139487 0.000121996
545302 0.000121885
279275 0.000121758
2522 0.000121741
771698 0.000121623
321032 0.000121577
302389 0.000121549
492292 0.000121505
195114 0.000121243
1785560 0.000121221
856196 0.000121219
1393504 0.000120989
954734 0.000120871
75798 0.000120804
1641997 0.000120742
1510800 0.000120704
1522653 0.000120526
176525 0.000120465
1769874 0.000120133
1558061 0.000120131
781099 0.000120051
1255049 0.000119956
1631410 0.000119956
101833 0.000119671
1734372 0.000119638
1310433 0.000119629
342490 0.000119037
721926 0.000118969
45998 0.000118922
1427827 0.00011879
1145627 0.000118709
1187655 0.000118659
1174237 0.000118635
1634801 0.000118624
1489123 0.000118403
321053 0.000118244
332930 0.0001182
698211 0.000118092
1424168 0.00011804
997386 0.000118036
1512057 0.000117931
544919 0.00011789
757657 0.000117704
1037933 0.000117488
1754618 0.000117429
1683074 0.00011738
1495685 0.000117378
521204 0.000117358
1418839 0.000117313
708216 0.000117053
68403 0.000116903
1415417 0.000116872
97105 0.000116688
25750 0.000116586
1631460 0.000116579
369275 0.00011621
820156 0.000116145
1189180 0.000116092
1644051 0.000115995
891548 0.00011591
449347 0.000115872
1440596 0.000115866
75649 0.000115754
1372415 0.000115647
1441417 0.000115593
1369903 0.000115547
374260 0.000115543
1112998 0.000115427
1737367 0.000115424
167683 0.000115334
54695 0.000115272
1048454 0.000115194
860709 0.000114964
1517226 0.000114944
1309321 0.000114869
1295227 0.000114816
1482044 0.000114784
882419 0.000114673
1404483 0.000114642
781159 0.000114637
1143907 0.0001145
1310499 0.000114033
1193085 0.000114022
1761528 0.000114016
1014957 0.000113977
709887 0.000113907
1388204 0.000113901
654991 0.000113834
241716 0.000113782
868271 0.000113615
857993 0.000113524
1365673 0.000113499
51377 0.000113396
398415 0.000112966
130991 0.000112949
265065 0.000112617
642732 0.000112484
640230 0.000112171
580185 0.000112168
90291 0.000112084
648032 0.000112074
517063 0.000111912
1577615 0.000111874
443735 0.000111793
1483525 0.000111654
855693 0.00011153
1463963 0.000111428
1427810 0.000111423
1744051 0.000111398
1404431 0.000111325
26966 0.000111261
1278865 0.000111096
224442 0.000110903
1623793 0.000110893
642817 0.000110772
924232 0.000110677
234340 0.000110512
62806 0.000110501
903988 0.000110486
257330 0.000110476
1538798 0.000110405
1715863 0.000110333
1785479 0.000110328
799703 0.000109896
829794 0.00010979
55199 0.000109733
45972 0.000109712
1343078 0.000109477
1222889 0.000109392
720886 0.000109382
586930 0.00010937
643798 0.000109185
489938 0.000109022
1219557 0.000109004
1076654 0.000108968
263172 0.000108838
146283 0.000108822
219687 0.000108822
151119 0.00010875
487211 0.000108485
7687 0.000108171
748327 0.000108141
788297 0.000107978
893257 0.000107896
1543663 0.000107873
1440208 0.000107867
847376 0.000107848
1713714 0.0001078
89408 0.000107372
1669342 0.000107298
821912 0.000107272
406318 0.000107218
869426 0.000107193
893903 0.000107136
54560 0.000107032
238400 0.000106792
1172108 0.000106771
868077 0.000106687
1667640 0.000106663
1642001 0.000106632
855075 0.000106612
1156763 0.000106596
388291 0.00010659
822444 0.000106456
1542575 0.000106436
1637567 0.000106429
1177263 0.000106305
148714 0.000106242
398110 0.000106063
828919 0.000105796
820180 0.000105602
815919 0.000105598
880475 0.000105289
77278 0.000105148
1458128 0.000104983
1497245 0.000104971
320170 0.000104948
1631424 0.000104755
266307 0.000104729
1654265 0.000104478
1089294 0.00010446
171163 0.000104243
787217 0.000104225
60678 0.000104085
1585448 0.000104061
1070114 0.000103876
53741 0.000103664
1008549 0.000103452
565413 0.000103395
433719 0.00010337
1484903 0.000103355
940926 0.000103267
1135367 0.00010323
404182 0.000103102
375536 0.00010304
996473 0.000103019
783457 0.00010287
750872 0.000102789
1153673 0.000102778
1706208 0.000102746
700182 0.000102502
244842 0.000102402
1146923 0.000102327
501870 0.000102229
1390307 0.000102183
746547 0.000101738
1434139 0.000101689
1038188 0.000101658
1030688 0.000101592
516176 0.000101454
896540 0.000101444
723352 0.000101401
151042 0.000101381
785331 0.000101354
302514 0.000101272
823868 0.00010109
552230 0.000100997
135787 0.000100979
288964 0.000100977
395032 0.000100941
189727 0.00010093
1404416 0.000100791
1439029 0.000100685
1043975 0.000100648
225057 0.000100354
428879 0.000100201
272005 0.000100199
740669 0.000100104
1440054 0.000100074
1006552 9.99649e-05
259284 9.99173e-05
1261875 9.98403e-05
1729572 9.96932e-05
642603 9.94536e-05
568845 9.94406e-05
773125 9.92623e-05
1241043 9.92541e-05
485975 9.91585e-05
781154 9.91298e-05
781134 9.89003e-05
207803 9.88543e-05
1660130 9.87431e-05
1541306 9.87227e-05
785752 9.8674e-05
1096313 9.85665e-05
892136 9.85582e-05
1729507 9.85024e-05
748531 9.8496e-05
408176 9.83719e-05
1489588 9.8281e-05
66930 9.82599e-05
282296 9.81799e-05
819921 9.78003e-05
176564 9.76251e-05
561168 9.74583e-05
1450174 9.7357e-05
844752 9.73233e-05
1555011 9.72781e-05
665730 9.72631e-05
1104008 9.71291e-05
1571794 9.71063e-05
1393930 9.70224e-05
763763 9.70003e-05
870295 9.69871e-05
1676580 9.67494e-05
825712 9.67349e-05
879074 9.66837e-05
242843 9.66184e-05
854673 9.64892e-05
379180 9.63879e-05
453578 9.63796e-05
492236 9.63589e-05
1257098 9.62818e-05
823901 9.62147e-05
617682 9.6171e-05
390917 9.61499e-05
589411 9.60759e-05
458484 9.60344e-05
675820 9.60331e-05
891561 9.59902e-05
20977 9.5973e-05
1602280 9.59632e-05
857161 9.58582e-05
981636 9.58515e-05
1161577 9.57348e-05
27881 9.5713e-05
528197 9.56705e-05
649142 9.55991e-05
1523510 9.55872e-05
1257374 9.55251e-05
1104144 9.55007e-05
938659 9.52673e-05
1535248 9.52356e-05
1490045 9.52138e-05
63602 9.51819e-05
428417 9.50695e-05
922533 9.50439e-05
825223 9.4927e-05
905826 9.492e-05
1752166 9.49034e-05
511539 9.48921e-05
1724342 9.48536e-05
534438 9.48534e-05
1390341 9.48118e-05
1404449 9.46233e-05
1032716 9.458e-05
903910 9.44119e-05
158902 9.44115e-05
1101578 9.43124e-05
197114 9.42973e-05
566062 9.42551e-05
115784 9.42092e-05
715614 9.41979e-05
572744 9.41967e-05
71516 9.4172e-05
1513657 9.41683e-05
1606914 9.41645e-05
336717 9.40635e-05
707476 9.40041e-05
76977 9.39811e-05
940284 9.3901e-05
1483960 9.38363e-05
1049176 9.37643e-05
1337598 9.37503e-05
981144 9.3685e-05
267948 9.35652e-05
1530239 9.35433e-05
25099 9.34547e-05
394449 9.34169e-05
114958 9.33484e-05
536725 9.32467e-05
636982 9.32016e-05
423275 9.31396e-05
1235244 9.3115e-05
1702510 9.30703e-05
859102 9.30657e-05
1467575 9.30426e-05
1350181 9.30081e-05
1689792 9.29576e-05
1283201 9.28999e-05
340438 9.28311e-05
361154 9.2775e-05
1709303 9.26045e-05
871628 9.25487e-05
883971 9.21375e-05
1551599 9.20186e-05
83787 9.19988e-05
1491035 9.1935e-05
537694 9.17365e-05
399645 9.1694e-05
826122 9.16666e-05
1124800 9.16412e-05
902698 9.1476e-05
1071713 9.14581e-05
619480 9.11754e-05
691330 9.11409e-05
632400 9.10191e-05
456004 9.08722e-05
78476 9.07914e-05
852925 9.07854e-05
349361 9.06745e-05
781088 9.06176e-05
871930 9.05284e-05
1125083 9.02305e-05
1549922 9.01933e-05
864176 9.01597e-05
423640 9.01296e-05
958934 8.99137e-05
837230 8.98876e-05
509382 8.93323e-05
722033 8.93014e-05
501043 8.92961e-05
247198 8.92931e-05
1361216 8.92754e-05
1624113 8.9246e-05
261787 8.91846e-05
1060156 8.91459e-05
1376493 8.90694e-05
1180801 8.90286e-05
520191 8.90134e-05
916579 8.89719e-05
836446 8.89661e-05
526565 8.88613e-05
273662 8.88505e-05
547803 8.8688e-05
424630 8.86749e-05
52530 8.84466e-05
90896 8.84273e-05
1272934 8.84272e-05
260160 8.84268e-05
799910 8.83493e-05
725782 8.83466e-05
1093602 8.82842e-05
1410011 8.81927e-05
1185553 8.81416e-05
1055220 8.81277e-05
579429 8.81096e-05
1093503 8.80997e-05
1311671 8.80698e-05
157252 8.78865e-05
1510150 8.77971e-05
245170 8.77317e-05
837280 8.76972e-05
785319 8.75361e-05
158557 8.74874e-05
1515207 8.73869e-05
745742 8.73771e-05
1700820 8.72871e-05
218660 8.72768e-05
1143500 8.69007e-05
820726 8.68611e-05
811294 8.68542e-05
1377994 8.68307e-05
618381 8.67633e-05
1673099 8.67603e-05
783302 8.6526e-05
1630523 8.63884e-05
1465880 8.63014e-05
265619 8.61096e-05
1165480 8.6087e-05
848710 8.60331e-05
1475885 8.60129e-05
1514867 8.60059e-05
781609 8.59829e-05
540469 8.57559e-05
76719 8.5437e-05
1351968 8.54086e-05
79008 8.53836e-05
1435816 8.53754e-05
1557771 8.52911e-05
1628344 8.52331e-05
1362508 8.52166e-05
1609358 8.51092e-05
235783 8.50788e-05
431376 8.50624e-05
65171 8.50421e-05
538628 8.47624e-05
1123638 8.47122e-05
835664 8.46769e-05
150068 8.46091e-05
26629 8.46008e-05
1256995 8.45876e-05
586829 8.44832e-05
891107 8.44738e-05
554861 8.44702e-05
785380 8.44426e-05
896625 8.4411e-05
1245013 8.43873e-05
787167 8.43805e-05
14578 8.41756e-05
1420051 8.40668e-05
949402 8.40461e-05
1021564 8.39961e-05
220985 8.38946e-05
1783103 8.37864e-05
1043220 8.37253e-05
823763 8.36914e-05
247992 8.36071e-05
1233470 8.35216e-05
451925 8.33544e-05
1494825 8.334e-05
746016 8.32753e-05
78046 8.32704e-05
656881 8.31286e-05
1744152 8.30214e-05
1229672 8.29825e-05
1626479 8.29366e-05
1463202 8.29311e-05
354193 8.28433e-05
258634 8.27696e-05
822398 8.27318e-05
1294288 8.26521e-05
820462 8.24674e-05
1729183 8.23625e-05
253356 8.23203e-05
1419120 8.23116e-05
1487100 8.2285e-05
1726519 8.21319e-05
1477815 8.2012e-05
1745027 8.19505e-05
1151969 8.18254e-05
160292 8.17397e-05
750409 8.16185e-05
67205 8.15731e-05
1358230 8.14963e-05
51203 8.14626e-05
893086 8.14608e-05
1226730 8.1383e-05
1760594 8.13666e-05
972454 8.13501e-05
856391 8.13347e-05
843954 8.13111e-05
596642 8.13063e-05
1240085 8.12854e-05
124112 8.12507e-05
39464 8.12186e-05
1222039 8.1207e-05
781151 8.11477e-05
1573397 8.10579e-05
1067859 8.10251e-05
1602195 8.0905e-05
1581596 8.09018e-05
773749 8.08873e-05
875630 8.08853e-05
781227 8.0869e-05
665868 8.07952e-05
1720295 8.07675e-05
830461 8.067e-05
802873 8.06536e-05
148204 8.06454e-05
717448 8.04426e-05
1316275 8.03128e-05
1333535 8.02647e-05
500421 8.02168e-05
1384245 8.01931e-05
1716190 8.0148e-05
1257585 8.01383e-05
1533636 8.00575e-05
966289 8.00394e-05
563680 7.99391e-05
306806 7.99278e-05
1020920 7.98661e-05
371401 7.9832e-05
1389818 7.97789e-05
18308 7.97335e-05
518713 7.96289e-05
1372336 7.96212e-05
831440 7.95292e-05
888139 7.94693e-05
1252832 7.93916e-05
897697 7.93797e-05
1772834 7.93021e-05
526032 7.92837e-05
1351387 7.92528e-05
1417997 7.91424e-05
846359 7.91064e-05
953153 7.91017e-05
1742406 7.90869e-05
856170 7.90702e-05
529449 7.90523e-05
700098 7.90374e-05
428179 7.89598e-05
249617 7.89341e-05
271084 7.88674e-05
386887 7.88194e-05
174818 7.8553e-05
24137 7.8536e-05
1271429 7.85235e-05
1357779 7.84586e-05
843930 7.84229e-05
1232697 7.84209e-05
1774171 7.83918e-05
86760 7.83139e-05
900488 7.82961e-05
283448 7.8153e-05
64387 7.81317e-05
783452 7.81237e-05
829317 7.81231e-05
1214655 7.80525e-05
1408412 7.80321e-05
453204 7.79704e-05
674498 7.79564e-05
950402 7.79397e-05
1404442 7.78931e-05
1025671 7.78419e-05
40289 7.78336e-05
1700094 7.77216e-05
745526 7.7648e-05
781627 7.76387e-05
498172 7.76247e-05
57696 7.73905e-05
1713125 7.7322e-05
236636 7.71245e-05
1353250 7.70676e-05
456673 7.67865e-05
1325176 7.67566e-05
151394 7.67532e-05
247474 7.671e-05
1229254 7.66599e-05
827702 7.6608e-05
253575 7.65936e-05
602369 7.65013e-05
90444 7.6448e-05
927073 7.6386e-05
838011 7.63849e-05
1609412 7.63726e-05
377406 7.62948e-05
788659 7.62872e-05
482124 7.62497e-05
856284 7.62487e-05
1503753 7.62014e-05
915901 7.61351e-05
1153324 7.61041e-05
360999 7.6088e-05
802248 7.60049e-05
238387 7.59586e-05
1459461 7.5919e-05
578086 7.59163e-05
1075122 7.59129e-05
452476 7.5667e-05
878951 7.56551e-05
491107 7.56338e-05
1026643 7.56154e-05
1149226 7.55116e-05
574028 7.54732e-05
23535 7.53811e-05
271871 7.53307e-05
1349727 7.52739e-05
396729 7.52274e-05
236217 7.51952e-05
23049 7.51474e-05
1333527 7.50336e-05
245543 7.49329e-05
820006 7.47747e-05
175016 7.47337e-05
723189 7.46908e-05
95316 7.45063e-05
368987 7.44613e-05
1671311 7.43548e-05
260747 7.43231e-05
1444776 7.42587e-05
826523 7.41902e-05
869480 7.41782e-05
852885 7.41696e-05
135757 7.41265e-05
1434506 7.40744e-05
1490967 7.40672e-05
479523 7.40565e-05
530542 7.40355e-05
1431414 7.38555e-05
8673 7.38499e-05
1748001 7.36292e-05
1341398 7.35721e-05
51646 7.35338e-05
39507 7.35297e-05
679371 7.34905e-05
1156611 7.33375e-05
1676133 7.32547e-05
721272 7.30841e-05
1222682 7.30788e-05
466867 7.30495e-05
441110 7.29797e-05
1614920 7.2903e-05
58561 7.28487e-05
151056 7.28363e-05
785314 7.27944e-05
1574497 7.27894e-05
1037739 7.27754e-05
34121 7.26669e-05
151105 7.26409e-05
93671 7.26291e-05
1472051 7.26156e-05
825808 7.26102e-05
958054 7.26039e-05
860122 7.25705e-05
866703 7.25543e-05
1554923 7.25341e-05
551420 7.24824e-05
174036 7.23935e-05
179386 7.2357e-05
41804 7.23269e-05
105454 7.23075e-05
305693 7.22971e-05
769620 7.22832e-05
8956 7.21953e-05
1201598 7.21614e-05
214203 7.20368e-05
239275 7.20247e-05
14387 7.19611e-05
84322 7.19277e-05
560108 7.19163e-05
1667039 7.18717e-05
822610 7.18378e-05
1549746 7.17908e-05
23489 7.17483e-05
338006 7.16322e-05
510504 7.15807e-05
238127 7.15584e-05
1324131 7.14205e-05
918665 7.1401e-05
822401 7.13623e-05
106598 7.13499e-05
1366866 7.13071e-05
1626514 7.12857e-05
319269 7.12483e-05
429823 7.12292e-05
1097976 7.12246e-05
746048 7.11975e-05
829372 7.11187e-05
684309 7.11105e-05
1304684 7.1099e-05
725743 7.10896e-05
73221 7.10635e-05
625540 7.1059e-05
582838 7.10189e-05
213181 7.09662e-05
494141 7.08407e-05
560576 7.0778e-05
75417 7.07169e-05
517148 7.07131e-05
635446 7.07064e-05
1299854 7.07037e-05
1271375 7.06982e-05
1675111 7.06795e-05
1020881 7.06652e-05
847625 7.06592e-05
1390682 7.05608e-05
1655794 7.04837e-05
1528850 7.04793e-05
734510 7.04658e-05
1227344 7.03453e-05
1425901 7.03161e-05
919662 7.02886e-05
1138379 7.0271e-05
1243720 7.01029e-05
789848 6.99489e-05
556596 6.99168e-05
477351 6.99122e-05
1092328 6.98626e-05
1159293 6.98072e-05
1172471 6.97759e-05
270658 6.9734e-05
902444 6.97047e-05
1738019 6.95656e-05
1197998 6.95417e-05
843198 6.94645e-05
348150 6.94456e-05
341223 6.94284e-05
689951 6.941e-05
762834 6.93849e-05
1460684 6.93679e-05
514568 6.93679e-05
1675240 6.93607e-05
506414 6.93169e-05
1126901 6.93043e-05
1727242 6.91471e-05
1009409 6.91019e-05
817385 6.9101e-05
781168 6.8941e-05
18309 6.88931e-05
84105 6.88576e-05
1404452 6.88498e-05
448105 6.8813e-05
914904 6.88034e-05
1020769 6.8779e-05
501395 6.86956e-05
797055 6.86866e-05
112786 6.86505e-05
381400 6.85557e-05
260187 6.85332e-05
488261 6.85152e-05
1252380 6.83967e-05
784567 6.83873e-05
805804 6.83761e-05
829426 6.83012e-05
1043390 6.8273e-05
1381352 6.82013e-05
1725716 6.8136e-05
90338 6.80348e-05
1715886 6.80017e-05
924439 6.79371e-05
345831 6.78006e-05
1545674 6.7788e-05
701847 6.77805e-05
818108 6.77327e-05
1333950 6.76908e-05
465938 6.76888e-05
244328 6.76597e-05
266049 6.76311e-05
1244128 6.7577e-05
340461 6.7557e-05
636767 6.75148e-05
1511642 6.73896e-05
1177137 6.72577e-05
426868 6.72405e-05
235040 6.72353e-05
1731461 6.70771e-05
238596 6.70082e-05
40909 6.69527e-05
1508453 6.69392e-05
899857 6.68492e-05
805895 6.68166e-05
820348 6.68161e-05
919894 6.67905e-05
298143 6.67365e-05
551843 6.67128e-05
901218 6.65901e-05
998971 6.64596e-05
758379 6.6415e-05
353694 6.64143e-05
963724 6.64097e-05
42296 6.64051e-05
1713148 6.62281e-05
1264792 6.62227e-05
650808 6.62224e-05
1270503 6.61599e-05
1128713 6.61522e-05
939464 6.61513e-05
1568289 6.61343e-05
1661443 6.61328e-05
53273 6.61135e-05
929785 6.6092e-05
715806 6.60256e-05
999353 6.59941e-05
326429 6.59491e-05
450007 6.59223e-05
1386011 6.59179e-05
198617 6.57168e-05
700088 6.57063e-05
190800 6.56876e-05
1369386 6.5655e-05
254086 6.55084e-05
434529 6.5493e-05
1744973 6.54759e-05
84515 6.545e-05
264900 6.5417e-05
509268 6.54017e-05
1771792 6.53892e-05
104737 6.53633e-05
1328726 6.53281e-05
1443613 6.53214e-05
1733267 6.53052e-05
1259135 6.526e-05
119928 6.5197e-05
974121 6.51507e-05
1248002 6.50792e-05
1296986 6.50594e-05
1111271 6.50274e-05
454150 6.49752e-05
793649 6.4957e-05
1572013 6.49164e-05
1427838 6.49151e-05
146873 6.48591e-05
832370 6.48227e-05
492834 6.47552e-05
1687908 6.46691e-05
422179 6.45869e-05
912096 6.45073e-05
1067992 6.44634e-05
1132907 6.44406e-05
1066593 6.43333e-05
1759629 6.43103e-05
1484878 6.42906e-05
1108452 6.4279e-05
1184256 6.42333e-05
1734416 6.41841e-05
61115 6.41289e-05
457392 6.40067e-05
1109617 6.39445e-05
476574 6.39191e-05
1037720 6.39108e-05
868714 6.3803e-05
721361 6.37856e-05
1740690 6.37642e-05
782518 6.36869e-05
645066 6.36738e-05
85241 6.36666e-05
333762 6.35427e-05
24697 6.35303e-05
1285606 6.3437e-05
799057 6.34065e-05
430867 6.3341e-05
1496897 6.33075e-05
72252 6.33063e-05
1007947 6.33039e-05
1032013 6.31817e-05
785379 6.31282e-05
442235 6.30889e-05
742284 6.29958e-05
907017 6.28085e-05
245486 6.27476e-05
796874 6.26555e-05
1485250 6.2639e-05
281134 6.25752e-05
1513490 6.24954e-05
492677 6.23739e-05
1039133 6.23691e-05
1027234 6.23455e-05
267420 6.23016e-05
482364 6.22983e-05
1703824 6.22094e-05
1398072 6.21276e-05
674006 6.21195e-05
109934 6.20285e-05
1406021 6.20199e-05
809489 6.20169e-05
754687 6.19624e-05
1266558 6.19482e-05
1786330 6.19121e-05
1196613 6.1873e-05
131331 6.18711e-05
1180647 6.18481e-05
452864 6.18296e-05
307778 6.17985e-05
793792 6.17557e-05
530226 6.17331e-05
1398773 6.17143e-05
22338 6.17059e-05
501325 6.16741e-05
1455504 6.16151e-05
499559 6.16081e-05
267995 6.16e-05
430698 6.15203e-05
1723183 6.14398e-05
1157919 6.13579e-05
1665973 6.1336e-05
386466 6.12706e-05
1147915 6.1252e-05
49860 6.12359e-05
1214977 6.11992e-05
27277 6.11789e-05
176631 6.11066e-05
888613 6.10914e-05
498618 6.1079e-05
790056 6.10374e-05
776932 6.09732e-05
17797 6.095e-05
1427398 6.09363e-05
1627758 6.08658e-05
828790 6.08522e-05
1173007 6.07906e-05
351238 6.07773e-05
881242 6.07057e-05
1353640 6.06894e-05
1652405 6.06832e-05
741527 6.06665e-05
1412668 6.06458e-05
182974 6.064e-05
1317972 6.06036e-05
1742203 6.05965e-05
872942 6.04943e-05
38801 6.04922e-05
821128 6.04852e-05
460627 6.03953e-05
90816 6.03605e-05
247241 6.03163e-05
1484548 6.02543e-05
1353684 6.02321e-05
431234 6.0207e-05
708589 6.01943e-05
1281162 6.01887e-05
947613 6.01478e-05
1545515 6.01421e-05
160562 6.00804e-05
1257627 6.00461e-05
822699 5.99786e-05
1482062 5.9947e-05
1156685 5.99343e-05
1181438 5.99138e-05
132745 5.99074e-05
355415 5.98991e-05
1379330 5.98715e-05
218165 5.98677e-05
1199361 5.98673e-05
444505 5.97326e-05
68897 5.94762e-05
167633 5.94689e-05
635698 5.94584e-05
559552 5.94569e-05
777897 5.94294e-05
1732686 5.94147e-05
1214842 5.93515e-05
606834 5.92544e-05
1225950 5.91627e-05
732590 5.91352e-05
1043602 5.91135e-05
97567 5.90639e-05
1403453 5.906e-05
271296 5.9028e-05
507333 5.90251e-05
597429 5.89763e-05
1279622 5.89591e-05
1507933 5.89338e-05
1361963 5.89263e-05
626170 5.89043e-05
541742 5.88913e-05
800804 5.88155e-05
198701 5.87444e-05
327890 5.87389e-05
1431428 5.86944e-05
1279923 5.86897e-05
889198 5.86433e-05
829469 5.85882e-05
647392 5.85781e-05
1603883 5.85511e-05
918884 5.85309e-05
292745 5.85231e-05
48109 5.85115e-05
382979 5.84827e-05
837409 5.84622e-05
527104 5.84275e-05
894374 5.84187e-05
1758048 5.84165e-05
1573477 5.83473e-05
504389 5.83421e-05
803114 5.8289e-05
444425 5.82655e-05
98162 5.82361e-05
1462330 5.82349e-05
820685 5.82329e-05
924899 5.82108e-05
1603779 5.82081e-05
1713133 5.81953e-05
1389768 5.81191e-05
821804 5.80516e-05
374236 5.80452e-05
730737 5.80089e-05
290051 5.79259e-05
65819 5.78973e-05
908086 5.78641e-05
14271 5.78307e-05
236577 5.78196e-05
635032 5.77934e-05
994088 5.77309e-05
269863 5.77269e-05
1318316 5.76476e-05
1264948 5.76476e-05
1766503 5.76314e-05
746617 5.757e-05
865969 5.75618e-05
1088480 5.75377e-05
769157 5.7522e-05
900308 5.75144e-05
1140283 5.74385e-05
781176 5.74371e-05
5925 5.74056e-05
883654 5.73668e-05
150981 5.73566e-05
1467071 5.73259e-05
1269789 5.72727e-05
401441 5.72391e-05
1509526 5.72052e-05
904649 5.71183e-05
349828 5.71112e-05
175126 5.70632e-05
1635058 5.6934e-05
218947 5.69247e-05
210663 5.69179e-05
859268 5.69075e-05
1366537 5.68842e-05
52565 5.67949e-05
1330849 5.67917e-05
149841 5.67785e-05
1447944 5.67219e-05
781619 5.67061e-05
912766 5.66774e-05
489959 5.6661e-05
529016 5.66224e-05
1677263 5.66223e-05
1420879 5.66218e-05
827835 5.66122e-05
1413223 5.65849e-05
453593 5.64839e-05
205594 5.64272e-05
125202 5.63927e-05
1050218 5.63823e-05
1515852 5.63761e-05
1469877 5.63699e-05
932462 5.63205e-05
781219 5.62162e-05
15242 5.6211e-05
459910 5.61331e-05
118472 5.61071e-05
1648426 5.60982e-05
1506790 5.60938e-05
826841 5.60907e-05
1780513 5.60706e-05
1403836 5.6051e-05
1575759 5.59887e-05
737869 5.59659e-05
388422 5.5929e-05
1488052 5.58658e-05
630263 5.5845e-05
1767384 5.57937e-05
865872 5.57407e-05
59735 5.57181e-05
595907 5.56887e-05
1496543 5.567e-05
1718181 5.56543e-05
660680 5.56532e-05
1506795 5.56211e-05
603266 5.54506e-05
1593588 5.53629e-05
1524840 5.53625e-05
646580 5.53436e-05
1356814 5.53276e-05
501126 5.53131e-05
492428 5.53071e-05
6223 5.52558e-05
1461723 5.51841e-05
1011544 5.51689e-05
74164 5.51656e-05
943905 5.50995e-05
109870 5.50852e-05
215131 5.49448e-05
1745386 5.49261e-05
894263 5.49039e-05
171738 5.4856e-05
1770345 5.48182e-05
1487480 5.4797e-05
1440141 5.47677e-05
87061 5.46811e-05
909125 5.46254e-05
252710 5.45725e-05
911715 5.45236e-05
760855 5.45209e-05
832662 5.44615e-05
291101 5.44364e-05
806060 5.44264e-05
1310421 5.44255e-05
825690 5.44147e-05
1436214 5.4347e-05
251197 5.43373e-05
236641 5.43015e-05
1310416 5.42463e-05
1508985 5.42211e-05
1025241 5.41262e-05
1711826 5.41134e-05
1336206 5.40962e-05
1236103 5.40489e-05
1512437 5.40055e-05
1568566 5.39844e-05
1665625 5.39629e-05
1566477 5.39543e-05
53278 5.39191e-05
1409807 5.3895e-05
899021 5.38505e-05
235496 5.37383e-05
838481 5.3659e-05
812483 5.36427e-05
272760 5.36225e-05
1178997 5.35723e-05
485578 5.35636e-05
1771786 5.34842e-05
1628407 5.3468e-05
781162 5.34565e-05
242198 5.34232e-05
1136385 5.34219e-05
837112 5.34162e-05
1199801 5.34088e-05
431483 5.33811e-05
1330907 5.33134e-05
434948 5.32847e-05
868068 5.32766e-05
1339820 5.3249e-05
1734013 5.32326e-05
752570 5.31959e-05
1723646 5.31953e-05
1294167 5.30936e-05
1217953 5.30883e-05
1731407 5.30836e-05
1558645 5.30442e-05
1197918 5.29368e-05
639006 5.29356e-05
236012 5.29088e-05
56150 5.28549e-05
662418 5.2808e-05
1641137 5.28045e-05
1107942 5.27653e-05
727778 5.27271e-05
852374 5.26995e-05
1354005 5.25863e-05
1442820 5.25207e-05
890929 5.24834e-05
1566542 5.24728e-05
71362 5.24618e-05
490627 5.24471e-05
1556109 5.24399e-05
478784 5.23635e-05
28157 5.23515e-05
28339 5.23369e-05
151021 5.22999e-05
1498740 5.22775e-05
1028933 5.22274e-05
1246400 5.21645e-05
489217 5.214e-05
835479 5.20789e-05
273706 5.1977e-05
867779 5.19628e-05
867683 5.1962e-05
1714833 5.19507e-05
692687 5.18899e-05
519115 5.18593e-05
696373 5.18552e-05
1729786 5.18349e-05
1485640 5.17966e-05
151163 5.17422e-05
63923 5.16953e-05
1480835 5.16186e-05
1559324 5.16023e-05
810633 5.16017e-05
1151962 5.15917e-05
916370 5.1541e-05
151167 5.14167e-05
658929 5.14132e-05
1114074 5.13218e-05
94940 5.12844e-05
1068482 5.12633e-05
195908 5.11928e-05
1116832 5.11649e-05
292178 5.11093e-05
613497 5.10499e-05
660711 5.10138e-05
1013801 5.09659e-05
27347 5.0896e-05
1138177 5.08741e-05
598335 5.08381e-05
665772 5.07934e-05
24769 5.07873e-05
89832 5.0754e-05
845600 5.07518e-05
274058 5.06719e-05
984493 5.06464e-05
1644402 5.06056e-05
895614 5.05767e-05
892171 5.05405e-05
323652 5.0526e-05
585917 5.04951e-05
320675 5.04065e-05
1111192 5.02188e-05
393801 5.02187e-05
1714064 5.02082e-05
1500956 5.01528e-05
558148 5.01358e-05
1525374 5.01103e-05
1710726 5.01099e-05
1303932 5.0097e-05
486324 5.00909e-05
153809 5.0083e-05
70076 5.0076e-05
1239368 5.00758e-05
1666908 5.00576e-05
647349 5.00557e-05
37716 5.00517e-05
734788 5.0041e-05
1408316 5.00253e-05
144790 4.99822e-05
1656921 4.99675e-05
497557 4.99558e-05
134359 4.99269e-05
1624356 4.98932e-05
461607 4.98697e-05
217456 4.98409e-05
8033 4.98234e-05
1366100 4.98183e-05
1212547 4.97832e-05
76723 4.97798e-05
163360 4.97182e-05
693348 4.97169e-05
1673437 4.97039e-05
280810 4.96949e-05
894060 4.96263e-05
1247002 4.95982e-05
935893 4.95703e-05
1760399 4.95631e-05
1156332 4.95475e-05
847997 4.94711e-05
1078073 4.94629e-05
493562 4.94037e-05
634020 4.93902e-05
1114565 4.93852e-05
500781 4.93777e-05
1498888 4.93617e-05
512139 4.93568e-05
1155073 4.93365e-05
1700630 4.93324e-05
288118 4.92912e-05
1483169 4.92009e-05
1585567 4.91859e-05
99906 4.91822e-05
704917 4.91137e-05
157726 4.9055e-05
929068 4.90468e-05
726090 4.89983e-05
690305 4.89564e-05
1308863 4.88927e-05
832649 4.88599e-05
1020178 4.87842e-05
1064151 4.87588e-05
1177066 4.87309e-05
255558 4.87183e-05
961941 4.86791e-05
821837 4.86511e-05
424249 4.86357e-05
1613437 4.86263e-05
1472476 4.86188e-05
908272 4.85639e-05
1133809 4.85447e-05
1336580 4.85363e-05
1488394 4.84706e-05
685940 4.84609e-05
502259 4.84399e-05
1524520 4.84348e-05
12822 4.84336e-05
124510 4.83943e-05
953033 4.83738e-05
224700 4.83666e-05
502659 4.83639e-05
891207 4.8359e-05
1676698 4.83321e-05
197907 4.83277e-05
1729684 4.82888e-05
1049179 4.82411e-05
1285778 4.81788e-05
425370 4.81475e-05
1032953 4.81236e-05
1337900 4.81111e-05
831136 4.80732e-05
1477833 4.80649e-05
513658 4.80166e-05
976975 4.79436e-05
1725272 4.7932e-05
1535155 4.79209e-05
1246878 4.78496e-05
642356 4.78217e-05
214397 4.77974e-05
999792 4.77631e-05
1171608 4.77402e-05
1195705 4.77392e-05
518156 4.77317e-05
832959 4.77281e-05
515373 4.76779e-05
87473 4.76761e-05
17127 4.7668e-05
898035 4.76357e-05
455555 4.76253e-05
888866 4.7597e-05
884387 4.75803e-05
458123 4.75516e-05
532268 4.75361e-05
237887 4.75061e-05
37047 4.7478e-05
1521425 4.74704e-05
768129 4.74452e-05
923637 4.74293e-05
1010821 4.74121e-05
1209174 4.73789e-05
711873 4.7376e-05
1752178 4.73511e-05
1658810 4.73017e-05
1162400 4.7296e-05
728299 4.72859e-05
270945 4.72819e-05
1521700 4.72383e-05
11278 4.72295e-05
241682 4.72095e-05
245176 4.7116e-05
1047279 4.71125e-05
13238 4.70901e-05
491677 4.70836e-05
937822 4.70247e-05
453051 4.70008e-05
268209 4.69998e-05
642146 4.69144e-05
1066483 4.69003e-05
1186183 4.68432e-05
900941 4.68236e-05
946553 4.68159e-05
594913 4.68022e-05
874820 4.67356e-05
1366741 4.67237e-05
734306 4.66218e-05
737699 4.65206e-05
614019 4.64431e-05
416099 4.63852e-05
199574 4.63415e-05
1392489 4.63082e-05
442507 4.6195e-05
1007418 4.61926e-05
55236 4.6165e-05
15531 4.61459e-05
218996 4.61333e-05
1759725 4.61311e-05
1361122 4.60801e-05
1281241 4.60411e-05
431441 4.59886e-05
251389 4.59474e-05
1651976 4.59445e-05
1549951 4.5924e-05
1252056 4.5919e-05
210433 4.59067e-05
742070 4.58655e-05
13043 4.58649e-05
50124 4.5863e-05
882801 4.58444e-05
1433588 4.57943e-05
262003 4.57237e-05
1009534 4.57046e-05
1023283 4.56233e-05
430044 4.55998e-05
355502 4.55766e-05
1250921 4.55517e-05
1304956 4.55398e-05
18225 4.54948e-05
973122 4.54133e-05
817721 4.54057e-05
953000 4.54056e-05
1201176 4.53984e-05
902098 4.53742e-05
236652 4.53085e-05
93880 4.52691e-05
831114 4.52682e-05
1167108 4.5267e-05
86020 4.52534e-05
781205 4.52416e-05
1684705 4.52078e-05
8463 4.52028e-05
417555 4.51228e-05
1539051 4.50255e-05
1075405 4.50091e-05
1537609 4.49469e-05
15068 4.4945e-05
697963 4.4934e-05
1487158 4.48961e-05
337458 4.48698e-05
380530 4.48484e-05
580728 4.48434e-05
1382339 4.48163e-05
1481140 4.4813e-05
739196 4.47171e-05
1253220 4.46907e-05
1161866 4.46726e-05
1232514 4.46523e-05
821904 4.46296e-05
1074443 4.46034e-05
1503960 4.4506e-05
855117 4.44947e-05
806136 4.44607e-05
1026144 4.43636e-05
876168 4.43442e-05
158656 4.42881e-05
281157 4.4219e-05
42675 4.41847e-05
57123 4.41461e-05
1734838 4.41326e-05
1153372 4.40366e-05
73017 4.4023e-05
592625 4.39659e-05
18818 4.3959e-05
794292 4.39489e-05
71844 4.39225e-05
919450 4.38751e-05
1692108 4.38661e-05
1163231 4.38199e-05
1502880 4.38143e-05
1637836 4.36303e-05
41446 4.36281e-05
1356777 4.36235e-05
1104179 4.35961e-05
1106961 4.35802e-05
1503451 4.34937e-05
787052 4.34258e-05
715079 4.34218e-05
1048979 4.33706e-05
244528 4.33496e-05
778332 4.33361e-05
970571 4.33186e-05
531269 4.33115e-05
391417 4.32847e-05
787269 4.32579e-05
667325 4.3249e-05
699745 4.32281e-05
41133 4.32174e-05
429014 4.31802e-05
1428490 4.31583e-05
1410810 4.31526e-05
1525826 4.31321e-05
233265 4.31277e-05
430741 4.31201e-05
103976 4.31187e-05
76976 4.3077e-05
1084511 4.30178e-05
1494106 4.29102e-05
1451363 4.29057e-05
613340 4.28609e-05
1783779 4.28564e-05
1024201 4.28325e-05
492202 4.28288e-05
831019 4.28182e-05
1341430 4.26781e-05
1742575 4.26658e-05
326838 4.26248e-05
966407 4.26216e-05
1038257 4.2613e-05
1306378 4.25783e-05
1670513 4.25672e-05
801183 4.25622e-05
785434 4.2505e-05
313330 4.24977e-05
1374419 4.24873e-05
783456 4.24058e-05
285729 4.23782e-05
1150426 4.23377e-05
1424373 4.23134e-05
48013 4.23075e-05
764342 4.2223e-05
1324188 4.22047e-05
785382 4.21743e-05
708953 4.21617e-05
781197 4.21359e-05
725214 4.21327e-05
940365 4.21306e-05
682995 4.21272e-05
1659254 4.20815e-05
1517275 4.2078e-05
1152179 4.20542e-05
1191989 4.2041e-05
902402 4.19678e-05
200423 4.19488e-05
824419 4.19429e-05
1575500 4.1933e-05
955749 4.19052e-05
276463 4.18668e-05
4960 4.18667e-05
632957 4.18643e-05
1563867 4.18566e-05
339345 4.18349e-05
109855 4.18131e-05
1276085 4.16875e-05
1348208 4.16862e-05
1771767 4.16808e-05
1566799 4.16699e-05
1018391 4.16339e-05
98277 4.16033e-05
1459251 4.15692e-05
1421781 4.15493e-05
341307 4.15397e-05
419936 4.15365e-05
1487565 4.15136e-05
1174037 4.15023e-05
634485 4.14681e-05
380062 4.14669e-05
489171 4.13945e-05
9442 4.12775e-05
1560425 4.12682e-05
1248525 4.12174e-05
1384759 4.12149e-05
781186 4.12022e-05
601222 4.11931e-05
744759 4.11099e-05
912919 4.11052e-05
217204 4.11008e-05
725935 4.10534e-05
1773174 4.10435e-05
1657621 4.09981e-05
917188 4.09792e-05
236912 4.09745e-05
80567 4.09705e-05
238317 4.09401e-05
1249760 4.09274e-05
868196 4.08652e-05
435138 4.08616e-05
578274 4.08215e-05
1072546 4.08117e-05
824919 4.07788e-05
1010993 4.07413e-05
1674506 4.07239e-05
859881 4.0718e-05
848366 4.07146e-05
1556533 4.07097e-05
434874 4.06717e-05
223690 4.06707e-05
1480179 4.06302e-05
907203 4.06285e-05
1604667 4.06244e-05
1377333 4.06215e-05
1769710 4.06137e-05
561317 4.05338e-05
29364 4.05047e-05
122891 4.05002e-05
39216 4.04679e-05
85621 4.04605e-05
848267 4.04174e-05
1143946 4.04138e-05
1029882 4.03855e-05
449654 4.03533e-05
1485803 4.03527e-05
1306261 4.03231e-05
167959 4.03063e-05
857592 4.02989e-05
1769706 4.02983e-05
774081 4.02879e-05
679389 4.027e-05
398813 4.02635e-05
1086773 4.02634e-05
776611 4.02552e-05
932757 4.02392e-05
1752972 4.02125e-05
1358414 4.01953e-05
1220857 4.01869e-05
746176 4.016e-05
891117 4.01175e-05
1341229 4.01147e-05
1456079 4.00994e-05
1570303 4.00898e-05
1290155 4.00889e-05
14972 3.99746e-05
1466589 3.99476e-05
182574 3.99315e-05
927470 3.99275e-05
51020 3.98415e-05
271188 3.98409e-05
1471573 3.98359e-05
1430585 3.98314e-05
216966 3.9809e-05
510163 3.97413e-05
1463724 3.97168e-05
1215614 3.97164e-05
249900 3.97073e-05
1537003 3.9705e-05
1433047 3.96886e-05
489765 3.96659e-05
1194305 3.96381e-05
134993 3.9638e-05
238303 3.96048e-05
286301 3.95918e-05
488415 3.95522e-05
522687 3.95298e-05
1013439 3.95074e-05
1706593 3.95033e-05
276332 3.94842e-05
1631584 3.94666e-05
1564031 3.9452e-05
1673598 3.94154e-05
1519239 3.94081e-05
1466572 3.93807e-05
781636 3.93656e-05
430635 3.93408e-05
47709 3.93205e-05
864905 3.92776e-05
750237 3.92774e-05
1020933 3.92711e-05
1256059 3.9233e-05
1402721 3.92125e-05
68434 3.92011e-05
759860 3.91994e-05
1689552 3.91418e-05
1500470 3.91387e-05
209727 3.91122e-05
247025 3.91063e-05
1347382 3.90989e-05
1715036 3.90946e-05
1475821 3.90164e-05
835279 3.89561e-05
1308217 3.89285e-05
1361495 3.89024e-05
469554 3.88922e-05
493598 3.88805e-05
1140028 3.88585e-05
769933 3.88493e-05
1431860 3.88326e-05
281067 3.88037e-05
404307 3.87918e-05
1455122 3.87857e-05
1152013 3.8702e-05
1718386 3.86874e-05
492071 3.86841e-05
243950 3.86501e-05
1640387 3.86096e-05
1484000 3.85522e-05
873985 3.85502e-05
111932 3.85008e-05
236680 3.84862e-05
1508122 3.84661e-05
332908 3.84057e-05
1366644 3.84009e-05
1437376 3.83952e-05
1091541 3.83586e-05
1064922 3.83406e-05
468733 3.83203e-05
213977 3.83202e-05
56566 3.82837e-05
1085169 3.82759e-05
238157 3.82715e-05
1644991 3.82635e-05
1197683 3.82478e-05
626509 3.82103e-05
488706 3.82065e-05
1579603 3.81576e-05
475791 3.81367e-05
490733 3.8136e-05
261091 3.81033e-05
1650758 3.80495e-05
68760 3.79866e-05
728185 3.7897e-05
86804 3.78401e-05
824109 3.78384e-05
1746763 3.78365e-05
257497 3.77803e-05
364078 3.77699e-05
240802 3.77528e-05
510996 3.77409e-05
304176 3.77373e-05
306594 3.77131e-05
1694042 3.76915e-05
1030689 3.76902e-05
1507630 3.76758e-05
1429517 3.76742e-05
443970 3.76647e-05
1029720 3.76492e-05
1490230 3.76398e-05
1229639 3.76024e-05
970946 3.75992e-05
37291 3.75684e-05
1770329 3.75614e-05
1353131 3.75364e-05
847518 3.7521e-05
559141 3.75193e-05
225651 3.75097e-05
1720630 3.74828e-05
1438155 3.74612e-05
722542 3.74589e-05
826258 3.74398e-05
532769 3.74397e-05
1382226 3.74378e-05
1740026 3.74231e-05
973399 3.73813e-05
1128906 3.73779e-05
422227 3.73476e-05
1258432 3.73416e-05
1025126 3.7337e-05
860338 3.72859e-05
819721 3.72858e-05
1547165 3.72851e-05
898666 3.72164e-05
490642 3.71615e-05
1172245 3.7143e-05
1335263 3.70696e-05
1175561 3.70643e-05
1407632 3.70289e-05
764956 3.70226e-05
1525859 3.70218e-05
919879 3.70097e-05
1738691 3.70027e-05
253601 3.70027e-05
811407 3.70014e-05
1522981 3.69918e-05
408239 3.69871e-05
1471489 3.69577e-05
494932 3.69364e-05
1116353 3.69162e-05
1424123 3.69069e-05
249429 3.6882e-05
1247924 3.68648e-05
113861 3.68589e-05
1750077 3.68558e-05
757896 3.68206e-05
126185 3.67974e-05
824149 3.67695e-05
248372 3.67294e-05
1758306 3.67079e-05
17331 3.6698e-05
1347853 3.66978e-05
336157 3.66945e-05
1563826 3.66708e-05
1377270 3.6662e-05
259662 3.66584e-05
1146898 3.65966e-05
769054 3.65733e-05
1610613 3.65588e-05
871947 3.65572e-05
379403 3.65568e-05
933738 3.65364e-05
508454 3.6533e-05
1134005 3.65323e-05
735182 3.64934e-05
1056058 3.64454e-05
1252300 3.64448e-05
529606 3.64171e-05
500667 3.64139e-05
1492476 3.64009e-05
883659 3.63786e-05
1355549 3.63707e-05
96513 3.63625e-05
1690212 3.63458e-05
78598 3.63416e-05
237137 3.63413e-05
500587 3.63055e-05
687844 3.62639e-05
1351500 3.62532e-05
906610 3.62504e-05
21893 3.61551e-05
1123509 3.6151e-05
1520715 3.60739e-05
1333501 3.60527e-05
739203 3.60459e-05
762551 3.60024e-05
309457 3.59876e-05
626900 3.59844e-05
1471585 3.59688e-05
945545 3.59674e-05
1221495 3.59569e-05
1760955 3.59525e-05
10981 3.59468e-05
745235 3.59404e-05
119575 3.59215e-05
1697448 3.59212e-05
837029 3.5905e-05
283152 3.58965e-05
21088 3.58875e-05
475008 3.58404e-05
1246447 3.58388e-05
432068 3.58313e-05
298585 3.583e-05
1422323 3.58072e-05
1628456 3.58056e-05
799925 3.57973e-05
353740 3.57953e-05
1174058 3.57688e-05
655061 3.57381e-05
21148 3.57358e-05
497154 3.57216e-05
1105697 3.5697e-05
1053159 3.56655e-05
922779 3.56496e-05
1555041 3.55777e-05
1479822 3.55606e-05
200175 3.55544e-05
1262395 3.55531e-05
27164 3.55497e-05
812133 3.55437e-05
51754 3.55401e-05
1247959 3.55393e-05
8592 3.544e-05
119796 3.54298e-05
1211984 3.54082e-05
181476 3.53947e-05
991199 3.53945e-05
1702546 3.53424e-05
998005 3.52916e-05
1361977 3.52773e-05
1648743 3.5262e-05
1567332 3.52603e-05
1053462 3.52577e-05
1563416 3.52434e-05
1523074 3.52366e-05
714847 3.52325e-05
437542 3.523e-05
449653 3.52282e-05
945365 3.51754e-05
1564847 3.51637e-05
1209439 3.51567e-05
962244 3.5153e-05
1653560 3.51505e-05
620736 3.51466e-05
304759 3.51389e-05
709414 3.51301e-05
1107459 3.51224e-05
626307 3.50708e-05
1510856 3.50522e-05
1036836 3.50488e-05
139908 3.50182e-05
341179 3.49427e-05
1472376 3.4929e-05
712849 3.49221e-05
113594 3.49147e-05
694243 3.48864e-05
1153474 3.48717e-05
1779315 3.48706e-05
595006 3.48481e-05
156547 3.48446e-05
490109 3.47142e-05
741761 3.46959e-05
287374 3.46957e-05
36843 3.46787e-05
958650 3.46697e-05
127331 3.46314e-05
490129 3.46234e-05
1487818 3.46141e-05
221410 3.46139e-05
1376318 3.46035e-05
412390 3.4531e-05
1593494 3.45119e-05
1592968 3.45043e-05
39637 3.45026e-05
1426661 3.44728e-05
858354 3.44726e-05
1142560 3.44708e-05
6807 3.4463e-05
1707869 3.44582e-05
1686171 3.44489e-05
286917 3.44411e-05
1483838 3.44283e-05
686550 3.44256e-05
535232 3.44233e-05
1483972 3.44028e-05
918072 3.43986e-05
1501715 3.43699e-05
608545 3.43636e-05
1035291 3.43542e-05
142822 3.43379e-05
507417 3.42789e-05
1181755 3.42661e-05
981522 3.42469e-05
285961 3.42436e-05
433924 3.42322e-05
1463186 3.42276e-05
1057872 3.42209e-05
1723768 3.42194e-05
100108 3.42118e-05
1422039 3.41861e-05
1495033 3.41581e-05
456196 3.41512e-05
1583992 3.41499e-05
868036 3.41457e-05
763049 3.41314e-05
1374705 3.41024e-05
1632535 3.40887e-05
543253 3.40882e-05
411888 3.40863e-05
1363766 3.40755e-05
1786504 3.40745e-05
1464663 3.40714e-05
360621 3.40596e-05
264344 3.40254e-05
460872 3.40243e-05
1516369 3.39712e-05
1011769 3.39644e-05
440868 3.39587e-05
1236250 3.39471e-05
1483157 3.39229e-05
1666902 3.39182e-05
1463508 3.39172e-05
1088394 3.38969e-05
1773461 3.38828e-05
1147316 3.38646e-05
744319 3.38565e-05
778844 3.38271e-05
1485363 3.38167e-05
909960 3.3815e-05
473954 3.37809e-05
446048 3.37795e-05
433608 3.37746e-05
802831 3.37541e-05
453539 3.37519e-05
1595059 3.37351e-05
1199836 3.3734e-05
1776298 3.37199e-05
649266 3.37183e-05
1525923 3.37168e-05
1035616 3.37098e-05
1135643 3.36964e-05
1532253 3.36956e-05
797874 3.36802e-05
460677 3.36631e-05
152360 3.36362e-05
1392026 3.36159e-05
1178907 3.3496e-05
1487552 3.34791e-05
238134 3.34774e-05
1034893 3.344e-05
822187 3.34341e-05
136118 3.34001e-05
797247 3.33705e-05
71735 3.337e-05
1310157 3.33636e-05
197235 3.336e-05
390584 3.33551e-05
1435466 3.33284e-05
198849 3.33199e-05
534037 3.32392e-05
543579 3.32281e-05
1561365 3.3211e-05
882891 3.31839e-05
165080 3.31675e-05
1115859 3.31668e-05
464724 3.31581e-05
156243 3.31127e-05
895273 3.31027e-05
1484571 3.30414e-05
181895 3.30411e-05
1469787 3.30141e-05
276175 3.29607e-05
1151735 3.29493e-05
1730323 3.29429e-05
1467578 3.29383e-05
1301283 3.29294e-05
615768 3.29189e-05
260483 3.29172e-05
1501242 3.29167e-05
1442623 3.28772e-05
503265 3.2869e-05
373198 3.28584e-05
1662229 3.28006e-05
641036 3.28005e-05
246544 3.27799e-05
1423224 3.27693e-05
1002762 3.27611e-05
710231 3.2737e-05
1398394 3.27357e-05
280954 3.273e-05
1090107 3.27135e-05
90627 3.26967e-05
1207712 3.26637e-05
3756 3.26635e-05
1403575 3.26231e-05
1671173 3.26182e-05
895473 3.26161e-05
143349 3.26148e-05
865637 3.25965e-05
834347 3.25936e-05
1008053 3.25906e-05
9548 3.25596e-05
112272 3.25526e-05
943328 3.25175e-05
788760 3.25114e-05
1454689 3.24955e-05
1641066 3.24952e-05
1490209 3.24753e-05
1439393 3.24711e-05
1515682 3.24645e-05
140331 3.24593e-05
1490699 3.24442e-05
1555165 3.24285e-05
489420 3.24066e-05
707128 3.2363e-05
616826 3.23425e-05
1538410 3.23111e-05
1642287 3.22764e-05
827087 3.22672e-05
1311758 3.22643e-05
162426 3.22536e-05
947654 3.22504e-05
1671351 3.22489e-05
1643550 3.22442e-05
1362450 3.22173e-05
1030248 3.21987e-05
814718 3.21744e-05
975389 3.21583e-05
293200 3.21406e-05
170929 3.21238e-05
437719 3.21208e-05
1518819 3.21159e-05
1553631 3.211e-05
552082 3.21032e-05
129947 3.20997e-05
448195 3.20765e-05
40643 3.20612e-05
542433 3.20519e-05
1013838 3.20519e-05
283129 3.20402e-05
11020 3.2023e-05
1484697 3.19788e-05
232330 3.19415e-05
284423 3.1914e-05
551781 3.1887e-05
275485 3.18713e-05
489560 3.18644e-05
1775421 3.18572e-05
882734 3.18565e-05
527383 3.18537e-05
758717 3.18364e-05
863663 3.18213e-05
762436 3.18135e-05
826313 3.17973e-05
1421834 3.17891e-05
1256101 3.17842e-05
1671174 3.17774e-05
869317 3.17748e-05
314944 3.17723e-05
804382 3.17644e-05
501460 3.17512e-05
669186 3.1751e-05
374535 3.17497e-05
1752975 3.17476e-05
828801 3.17466e-05
1502204 3.17197e-05
748024 3.17092e-05
1114783 3.16877e-05
1458530 3.16823e-05
1494314 3.16456e-05
169320 3.1629e-05
1552400 3.16132e-05
458133 3.16077e-05
1533143 3.16014e-05
267628 3.15876e-05
489316 3.15769e-05
1636595 3.15338e-05
1724404 3.15332e-05
1682886 3.15324e-05
209057 3.15132e-05
1389786 3.14955e-05
1504170 3.14907e-05
823587 3.14658e-05
1547352 3.14093e-05
1732326 3.13963e-05
380166 3.1396e-05
1110049 3.13805e-05
1323573 3.13775e-05
1028675 3.13748e-05
967356 3.13746e-05
1611461 3.13652e-05
921044 3.13632e-05
871245 3.13492e-05
1664144 3.13432e-05
433207 3.13349e-05
270705 3.13226e-05
923673 3.13162e-05
866266 3.12443e-05
1046140 3.12386e-05
822772 3.12233e-05
1757940 3.12217e-05
96447 3.12147e-05
506004 3.12113e-05
1522319 3.11698e-05
682905 3.1137e-05
500527 3.10899e-05
764820 3.10882e-05
168370 3.1074e-05
1095409 3.10573e-05
434416 3.10435e-05
420408 3.10311e-05
820730 3.10294e-05
462385 3.0979e-05
710043 3.09312e-05
277408 3.09133e-05
605705 3.09058e-05
764477 3.09019e-05
865527 3.08989e-05
85053 3.08987e-05
240224 3.0892e-05
8806 3.08892e-05
1038127 3.08479e-05
492860 3.08384e-05
764806 3.08295e-05
236243 3.08211e-05
1614880 3.08047e-05
492493 3.07835e-05
974095 3.07641e-05
249253 3.07233e-05
1454020 3.06965e-05
1022840 3.06869e-05
900171 3.06833e-05
953219 3.06634e-05
1605066 3.06584e-05
752008 3.06018e-05
101860 3.05908e-05
1237543 3.05781e-05
1573403 3.05696e-05
1278135 3.0542e-05
622628 3.0532e-05
511558 3.05304e-05
1269332 3.05192e-05
510300 3.04806e-05
121592 3.04799e-05
1567461 3.04718e-05
644359 3.0467e-05
490369 3.04442e-05
734159 3.04174e-05
1451002 3.04096e-05
64868 3.0407e-05
1704921 3.03567e-05
1068202 3.03493e-05
86995 3.03254e-05
537159 3.03204e-05
254294 3.02995e-05
441119 3.02876e-05
467085 3.02764e-05
932825 3.02551e-05
1121085 3.02465e-05
501917 3.02447e-05
732374 3.02121e-05
1423547 3.02016e-05
839690 3.01962e-05
934974 3.01945e-05
1216453 3.01936e-05
47864 3.01505e-05
409359 3.01504e-05
231485 3.01465e-05
1487328 3.01345e-05
711907 3.01307e-05
843839 3.013e-05
1307830 3.01143e-05
1101135 3.01121e-05
349742 3.01088e-05
1403799 3.01039e-05
1167064 3.00982e-05
788345 3.0085e-05
35870 3.00575e-05
888967 3.00507e-05
1450657 3.00477e-05
1724306 2.99851e-05
438674 2.99827e-05
893515 2.99756e-05
521870 2.99753e-05
308798 2.99602e-05
202683 2.99311e-05
1240957 2.99067e-05
897967 2.98915e-05
172798 2.98891e-05
489232 2.98477e-05
431124 2.98453e-05
671867 2.98407e-05
1720177 2.98162e-05
1422098 2.9787e-05
432699 2.97836e-05
1761147 2.97829e-05
1684631 2.97635e-05
498569 2.97587e-05
844108 2.97481e-05
340362 2.97474e-05
29914 2.97289e-05
641416 2.97122e-05
158860 2.97034e-05
864053 2.96142e-05
1269023 2.9598e-05
1416374 2.95856e-05
857303 2.95769e-05
458759 2.95625e-05
1514406 2.95515e-05
1358348 2.9539e-05
35067 2.95382e-05
1612950 2.95379e-05
851385 2.95372e-05
985727 2.95271e-05
827636 2.95199e-05
1754324 2.95162e-05
501777 2.94856e-05
1414512 2.94753e-05
1146074 2.94512e-05
1560603 2.94507e-05
832552 2.94425e-05
1361571 2.94324e-05
61950 2.9407e-05
487888 2.93833e-05
1548161 2.937e-05
1158338 2.93532e-05
920230 2.93059e-05
781142 2.92874e-05
185615 2.92619e-05
487957 2.92476e-05
1703682 2.92448e-05
1264689 2.92377e-05
217164 2.92331e-05
1242632 2.92307e-05
325332 2.92127e-05
861619 2.91866e-05
827285 2.91848e-05
1032065 2.91827e-05
776945 2.91768e-05
602773 2.91601e-05
425937 2.91278e-05
1494011 2.91086e-05
1636332 2.91073e-05
633708 2.90955e-05
489533 2.9087e-05
200837 2.90772e-05
918276 2.90648e-05
1529338 2.90583e-05
286904 2.90558e-05
1385633 2.90346e-05
76974 2.90073e-05
1551390 2.89899e-05
1364055 2.89691e-05
1639640 2.89652e-05
573431 2.89606e-05
1321232 2.89558e-05
1023443 2.89308e-05
370454 2.89195e-05
438203 2.89161e-05
657626 2.88992e-05
1505491 2.88812e-05
368083 2.88795e-05
1695831 2.88375e-05
1779231 2.88192e-05
867554 2.8773e-05
847148 2.8753e-05
480593 2.87502e-05
1712658 2.87194e-05
1681948 2.87191e-05
903374 2.86204e-05
1167337 2.86203e-05
189040 2.85879e-05
893675 2.85757e-05
419509 2.85704e-05
1095262 2.8567e-05
767759 2.85623e-05
349156 2.85293e-05
1460859 2.85068e-05
769078 2.84993e-05
1525332 2.84941e-05
246862 2.84894e-05
24168 2.84838e-05
859105 2.8477e-05
430758 2.8473e-05
388105 2.84676e-05
1044312 2.84487e-05
1196959 2.84127e-05
1134971 2.83789e-05
1165843 2.83238e-05
1303793 2.83139e-05
1590679 2.82848e-05
1184130 2.82759e-05
1542323 2.82528e-05
1212558 2.82331e-05
1432170 2.82306e-05
1070356 2.82008e-05
704894 2.81948e-05
535162 2.81912e-05
1174022 2.8187e-05
89651 2.81795e-05
1377996 2.81774e-05
745116 2.81654e-05
1551265 2.81643e-05
267075 2.81614e-05
907997 2.81515e-05
773025 2.81286e-05
39242 2.81254e-05
497589 2.80983e-05
951870 2.80913e-05
1780468 2.80903e-05
1426508 2.80887e-05
1774037 2.80706e-05
952891 2.80667e-05
762104 2.80483e-05
526570 2.80435e-05
539109 2.80306e-05
517759 2.80104e-05
1106023 2.79935e-05
1708194 2.79673e-05
543440 2.7948e-05
1299618 2.7924e-05
432901 2.79139e-05
1259693 2.78965e-05
279681 2.78651e-05
332234 2.78605e-05
1131454 2.7856e-05
1371284 2.78407e-05
629320 2.78257e-05
1517400 2.78204e-05
1085688 2.78139e-05
955934 2.78021e-05
1679626 2.78021e-05
749770 2.77988e-05
444315 2.7771e-05
1130488 2.77629e-05
903521 2.77584e-05
1231186 2.77324e-05
979113 2.77305e-05
1535083 2.7725e-05
1596439 2.77127e-05
821522 2.77057e-05
1758560 2.76926e-05
469133 2.76688e-05
1400221 2.76558e-05
867592 2.76551e-05
1584405 2.76501e-05
1442760 2.76392e-05
127458 2.76122e-05
1299748 2.76079e-05
297651 2.76073e-05
1499439 2.7597e-05
423858 2.75927e-05
618512 2.75442e-05
68992 2.75237e-05
1704531 2.75179e-05
318255 2.75056e-05
691607 2.74738e-05
93905 2.74512e-05
798857 2.74501e-05
820035 2.74231e-05
457046 2.7411e-05
1068116 2.738e-05
268208 2.73773e-05
1261879 2.7358e-05
1307323 2.73563e-05
1765385 2.73423e-05
610060 2.73364e-05
873513 2.72985e-05
960692 2.72684e-05
923850 2.72614e-05
491610 2.72559e-05
136727 2.72441e-05
393738 2.72399e-05
1014767 2.72215e-05
777321 2.72064e-05
577291 2.71913e-05
27875 2.71793e-05
1052392 2.71754e-05
1722008 2.71647e-05
549755 2.71579e-05
804857 2.71494e-05
115608 2.71154e-05
438099 2.7076e-05
95068 2.7062e-05
7206 2.70554e-05
1440095 2.70499e-05
431032 2.70443e-05
1160600 2.70115e-05
1366023 2.70019e-05
1592913 2.69763e-05
308942 2.69672e-05
1752412 2.69672e-05
1245167 2.69458e-05
215963 2.69416e-05
1357537 2.69357e-05
1196369 2.69157e-05
1498983 2.69133e-05
1197509 2.69089e-05
1694473 2.6906e-05
1609980 2.69008e-05
815442 2.68965e-05
466828 2.68921e-05
217433 2.68613e-05
755292 2.68235e-05
1240912 2.68169e-05
997684 2.68043e-05
1732634 2.67773e-05
788244 2.6777e-05
724794 2.6766e-05
5919 2.67545e-05
1595918 2.67487e-05
1249291 2.67392e-05
457069 2.67317e-05
39598 2.67208e-05
306121 2.67083e-05
1236867 2.67072e-05
356944 2.6707e-05
1415603 2.66679e-05
272334 2.66663e-05
658455 2.66601e-05
1434880 2.6641e-05
1607454 2.66273e-05
1099628 2.66217e-05
453508 2.66134e-05
1132938 2.65886e-05
680890 2.65671e-05
216366 2.65608e-05
1403672 2.65385e-05
694121 2.65067e-05
1382177 2.64983e-05
1253147 2.64902e-05
441015 2.64878e-05
826655 2.64812e-05
1152028 2.64763e-05
1381715 2.64737e-05
11176 2.64664e-05
182263 2.6448e-05
867923 2.64452e-05
1000735 2.63991e-05
1099435 2.6398e-05
631883 2.63974e-05
1595603 2.63956e-05
1400997 2.63906e-05
478114 2.63828e-05
490556 2.63811e-05
1027124 2.63771e-05
487115 2.63525e-05
1748693 2.6295e-05
1694683 2.62828e-05
747623 2.62777e-05
1735731 2.62746e-05
1485417 2.62717e-05
490601 2.62603e-05
1196699 2.62261e-05
1345221 2.61942e-05
74215 2.61845e-05
404365 2.61839e-05
1464474 2.61606e-05
194566 2.61589e-05
954597 2.61568e-05
105762 2.61305e-05
133493 2.61222e-05
259370 2.61075e-05
216392 2.60987e-05
1187920 2.60861e-05
1460774 2.60777e-05
1349218 2.60459e-05
255231 2.60386e-05
324229 2.60301e-05
304199 2.59912e-05
1030942 2.59671e-05
112017 2.59642e-05
709991 2.59602e-05
708363 2.59567e-05
478494 2.5953e-05
491563 2.59397e-05
1044430 2.59166e-05
737819 2.58966e-05
1403807 2.58858e-05
1419010 2.58855e-05
902908 2.58754e-05
1606249 2.58657e-05
890258 2.58638e-05
1473032 2.58601e-05
1721384 2.58427e-05
493662 2.58299e-05
795952 2.58192e-05
981221 2.58134e-05
1138186 2.57939e-05
491975 2.57873e-05
430759 2.57778e-05
930407 2.57643e-05
33457 2.57621e-05
745246 2.5754e-05
41066 2.57526e-05
490392 2.57405e-05
1057914 2.57152e-05
280894 2.57106e-05
1368061 2.56965e-05
978916 2.56662e-05
19382 2.56497e-05
1253624 2.56466e-05
1364524 2.56431e-05
1211480 2.56202e-05
790948 2.56198e-05
19756 2.56167e-05
742379 2.56161e-05
466591 2.56133e-05
617209 2.56019e-05
1726935 2.55991e-05
37131 2.55885e-05
1055881 2.55726e-05
531841 2.55693e-05
1411399 2.55284e-05
183687 2.55253e-05
1126829 2.55117e-05
813233 2.55068e-05
253508 2.54856e-05
840393 2.5482e-05
222772 2.54737e-05
466601 2.54626e-05
349600 2.54609e-05
220704 2.54431e-05
1496761 2.54191e-05
959227 2.54106e-05
1536919 2.53884e-05
1175936 2.53596e-05
720008 2.53539e-05
828609 2.53423e-05
1239418 2.53382e-05
768036 2.5337e-05
503755 2.53365e-05
1566316 2.53344e-05
252638 2.53185e-05
795065 2.53122e-05
488545 2.53079e-05
1046991 2.52995e-05
1344176 2.52529e-05
1334049 2.52473e-05
266260 2.52465e-05
379510 2.5246e-05
15745 2.52433e-05
920868 2.52265e-05
1342354 2.51939e-05
1759503 2.5158e-05
1125177 2.51416e-05
23109 2.5121e-05
213564 2.51104e-05
1293439 2.50977e-05
1174072 2.50895e-05
579989 2.50647e-05
437365 2.50513e-05
818343 2.50497e-05
1333913 2.50429e-05
137362 2.50296e-05
723674 2.50172e-05
963757 2.50159e-05
551216 2.49939e-05
434158 2.49762e-05
444262 2.4976e-05
644610 2.49399e-05
935323 2.49231e-05
440214 2.49112e-05
864242 2.49032e-05
15287 2.48992e-05
706921 2.48989e-05
1758594 2.48935e-05
86224 2.48866e-05
1650976 2.48864e-05
1528425 2.4883e-05
8839 2.48773e-05
977653 2.48764e-05
475335 2.48448e-05
841102 2.48424e-05
888503 2.48365e-05
233748 2.48291e-05
32632 2.48084e-05
275311 2.4806e-05
552627 2.48054e-05
1610804 2.48031e-05
1060141 2.47978e-05
1564589 2.47933e-05
566877 2.47857e-05
269511 2.477e-05
1353308 2.4742e-05
1240856 2.47382e-05
690438 2.47316e-05
841113 2.47147e-05
1402450 2.47134e-05
421863 2.47115e-05
503735 2.47036e-05
511894 2.46805e-05
930778 2.46785e-05
719062 2.46748e-05
1296481 2.46632e-05
316987 2.46482e-05
273869 2.46419e-05
50421 2.46377e-05
64559 2.46131e-05
1023592 2.46039e-05
506524 2.45947e-05
783243 2.458e-05
97937 2.45654e-05
1234762 2.45613e-05
111497 2.4559e-05
1374430 2.45533e-05
1324184 2.45488e-05
308837 2.45299e-05
579623 2.4519e-05
1487987 2.45111e-05
432708 2.45105e-05
267783 2.44912e-05
512619 2.44741e-05
887884 2.44739e-05
1724097 2.44682e-05
236729 2.44667e-05
1073358 2.44615e-05
431299 2.44597e-05
282559 2.44588e-05
1698725 2.44376e-05
1397998 2.44283e-05
830669 2.44219e-05
859982 2.44179e-05
1355934 2.44132e-05
1677512 2.43892e-05
489355 2.43799e-05
343531 2.43705e-05
422273 2.43665e-05
446919 2.43627e-05
1488141 2.4358e-05
1593459 2.43536e-05
1505350 2.43478e-05
982390 2.43272e-05
1178715 2.43256e-05
1466655 2.43251e-05
157731 2.43183e-05
724652 2.4318e-05
1497829 2.43136e-05
1562204 2.43121e-05
1474153 2.4311e-05
896406 2.4295e-05
765395 2.42914e-05
498327 2.42894e-05
273521 2.42621e-05
200951 2.42618e-05
1090632 2.42423e-05
1184245 2.42295e-05
1358418 2.42074e-05
454162 2.41897e-05
278589 2.41883e-05
419197 2.41795e-05
486290 2.41775e-05
57800 2.41733e-05
485583 2.41705e-05
778318 2.41694e-05
359857 2.41084e-05
47726 2.41e-05
981822 2.40883e-05
187111 2.40777e-05
759883 2.40739e-05
595853 2.40728e-05
1330605 2.40211e-05
242519 2.40015e-05
30359 2.39962e-05
1554533 2.39916e-05
1138224 2.39676e-05
219448 2.39644e-05
40131 2.39605e-05
966073 2.39563e-05
450973 2.39467e-05
1339318 2.39064e-05
1422423 2.39046e-05
109902 2.39026e-05
466917 2.39003e-05
1138392 2.38983e-05
441591 2.38706e-05
1607526 2.38646e-05
381183 2.38606e-05
306915 2.38013e-05
192146 2.3801e-05
1320198 2.37856e-05
1193995 2.3729e-05
7500 2.37109e-05
834041 2.371e-05
915488 2.36859e-05
1167935 2.36839e-05
254657 2.36752e-05
248630 2.36632e-05
1535903 2.36579e-05
1463688 2.36555e-05
834350 2.36436e-05
219815 2.36329e-05
1535522 2.36314e-05
797099 2.36182e-05
1487985 2.36155e-05
1375942 2.36155e-05
799082 2.36024e-05
377962 2.35988e-05
830183 2.35972e-05
753285 2.3595e-05
799738 2.35946e-05
73821 2.3593e-05
747 2.35725e-05
881111 2.35352e-05
1259558 2.35305e-05
1238936 2.35284e-05
71048 2.35162e-05
1584539 2.35063e-05
454038 2.35019e-05
339280 2.3489e-05
797616 2.34826e-05
1550725 2.34373e-05
1546680 2.34319e-05
293375 2.34234e-05
904532 2.33981e-05
1417369 2.33737e-05
1404363 2.33719e-05
567282 2.33666e-05
1349064 2.3352e-05
522400 2.3352e-05
1353265 2.33472e-05
299084 2.33392e-05
55671 2.33337e-05
1025301 2.33213e-05
421515 2.33084e-05
109869 2.33057e-05
155509 2.33037e-05
272045 2.32844e-05
23009 2.32664e-05
1299056 2.32513e-05
1486053 2.32352e-05
491095 2.32338e-05
928831 2.32307e-05
846435 2.32291e-05
180856 2.3226e-05
1342509 2.32062e-05
583108 2.31888e-05
800728 2.31867e-05
51312 2.31866e-05
581861 2.31836e-05
455117 2.31765e-05
828286 2.31517e-05
1356015 2.31293e-05
1158462 2.31255e-05
1675829 2.31074e-05
14511 2.31016e-05
720643 2.30959e-05
931385 2.3083e-05
293127 2.30825e-05
388393 2.30651e-05
185557 2.30527e-05
1713015 2.30282e-05
994942 2.30214e-05
1599930 2.30178e-05
787687 2.30137e-05
1465634 2.30072e-05
1485879 2.30044e-05
959191 2.29886e-05
389489 2.29783e-05
235908 2.29708e-05
510647 2.29644e-05
1784462 2.29592e-05
274523 2.29446e-05
1483260 2.29397e-05
109882 2.29373e-05
271410 2.29281e-05
744834 2.29234e-05
232277 2.29227e-05
1784835 2.29169e-05
488023 2.29123e-05
242325 2.29051e-05
822141 2.28992e-05
790044 2.28925e-05
102073 2.28874e-05
1358978 2.28619e-05
1490458 2.28411e-05
838761 2.28265e-05
1530961 2.28118e-05
260416 2.27808e-05
1774625 2.27723e-05
1769715 2.27648e-05
1555659 2.27646e-05
1053132 2.2763e-05
510656 2.27408e-05
864432 2.27337e-05
1728278 2.27276e-05
464333 2.2718e-05
1636709 2.27148e-05
1220512 2.27117e-05
1341711 2.2695e-05
1335827 2.26911e-05
926756 2.26901e-05
295566 2.26802e-05
1446519 2.26643e-05
905937 2.26619e-05
946474 2.26617e-05
808079 2.26544e-05
985762 2.26372e-05
1408127 2.26353e-05
254792 2.26229e-05
249026 2.26175e-05
871396 2.25965e-05
13045 2.25914e-05
714415 2.25817e-05
241180 2.25725e-05
515402 2.25703e-05
1708221 2.25575e-05
621291 2.25563e-05
1742806 2.25513e-05
377385 2.25486e-05
824965 2.25476e-05
266075 2.25393e-05
1271622 2.25135e-05
943988 2.25086e-05
872243 2.2505e-05
883814 2.24823e-05
1347042 2.246e-05
438791 2.24383e-05
491891 2.24329e-05
1203511 2.24291e-05
1717424 2.242e-05
824564 2.24093e-05
230402 2.24067e-05
109485 2.23969e-05
862791 2.2392e-05
333498 2.23862e-05
1511877 2.23845e-05
1477650 2.23824e-05
331146 2.23779e-05
254442 2.23658e-05
1554950 2.23549e-05
1485974 2.23512e-05
1329086 2.2347e-05
34187 2.23201e-05
301940 2.23061e-05
871260 2.22988e-05
344067 2.22837e-05
46487 2.22642e-05
379929 2.22632e-05
822186 2.22557e-05
1337914 2.22498e-05
1736904 2.22433e-05
1313162 2.22146e-05
723821 2.22038e-05
458390 2.21929e-05
990722 2.21909e-05
896588 2.21779e-05
1699240 2.21628e-05
1086836 2.21425e-05
434837 2.21379e-05
437057 2.21316e-05
1625589 2.21123e-05
1052231 2.21029e-05
276631 2.20878e-05
607710 2.20875e-05
1501373 2.2072e-05
812328 2.20663e-05
65368 2.20522e-05
787984 2.2041e-05
1673986 2.20407e-05
161049 2.20128e-05
1257677 2.20041e-05
831865 2.2003e-05
913336 2.1992e-05
247449 2.19913e-05
1390241 2.19721e-05
1483542 2.19661e-05
226253 2.19601e-05
1301882 2.19497e-05
527494 2.19486e-05
132309 2.19363e-05
765719 2.19167e-05
597724 2.19139e-05
327893 2.19031e-05
1493720 2.18939e-05
1785505 2.18878e-05
775211 2.18773e-05
580769 2.18729e-05
492967 2.18624e-05
70254 2.18573e-05
19379 2.18449e-05
214320 2.18376e-05
896076 2.18375e-05
888301 2.18344e-05
584818 2.18032e-05
622719 2.17955e-05
1150477 2.17937e-05
1069119 2.17769e-05
894154 2.17535e-05
1500856 2.17412e-05
355691 2.17355e-05
1318999 2.17158e-05
1749826 2.17108e-05
288694 2.17079e-05
51419 2.17067e-05
1661771 2.16981e-05
491986 2.16881e-05
1276192 2.16702e-05
156343 2.16608e-05
1201994 2.16595e-05
725751 2.16309e-05
1166585 2.16182e-05
18727 2.16161e-05
1054402 2.16082e-05
798989 2.16058e-05
1533708 2.15968e-05
1254247 2.15917e-05
1462407 2.15886e-05
1356401 2.15724e-05
641176 2.15551e-05
1249943 2.15416e-05
1117828 2.15413e-05
1698585 2.15321e-05
1160766 2.14987e-05
955695 2.14892e-05
375235 2.14792e-05
927941 2.14757e-05
1062941 2.14706e-05
48079 2.14686e-05
783460 2.1456e-05
504674 2.14557e-05
1696135 2.14531e-05
1455592 2.14498e-05
474879 2.14392e-05
951252 2.14377e-05
88329 2.14256e-05
133523 2.1414e-05
491265 2.14127e-05
50210 2.13944e-05
251868 2.13912e-05
90787 2.13883e-05
1758639 2.13823e-05
91659 2.13682e-05
443391 2.1364e-05
518062 2.1363e-05
1634776 2.13233e-05
824527 2.13109e-05
221623 2.13094e-05
157321 2.13016e-05
54558 2.12981e-05
1086487 2.12889e-05
375240 2.12873e-05
258847 2.12779e-05
6356 2.1263e-05
660368 2.12484e-05
1229696 2.1212e-05
846915 2.11939e-05
893177 2.11686e-05
1060659 2.11539e-05
564106 2.11498e-05
106194 2.11212e-05
1700363 2.11011e-05
757087 2.10863e-05
489967 2.10804e-05
1236703 2.10795e-05
1695426 2.10766e-05
1693824 2.1061e-05
1394926 2.10605e-05
1650822 2.10444e-05
601187 2.10443e-05
1774629 2.10423e-05
150880 2.10291e-05
910517 2.10252e-05
1022399 2.10212e-05
1493283 2.10187e-05
236708 2.10182e-05
758134 2.10106e-05
1126797 2.10004e-05
189112 2.09948e-05
1569278 2.09943e-05
498617 2.09932e-05
1204963 2.09912e-05
1524939 2.09865e-05
1508922 2.09805e-05
187744 2.09724e-05
301665 2.09678e-05
1427763 2.09606e-05
598765 2.0955e-05
980461 2.09394e-05
761361 2.09359e-05
894655 2.09285e-05
809799 2.09222e-05
304762 2.09213e-05
116797 2.09017e-05
603844 2.08959e-05
1702811 2.08944e-05
750524 2.0884e-05
9596 2.08764e-05
791589 2.08617e-05
370255 2.08606e-05
852961 2.08596e-05
1377961 2.08593e-05
835581 2.08589e-05
1152557 2.08471e-05
1485075 2.08442e-05
689046 2.08404e-05
325832 2.0835e-05
821680 2.08349e-05
1671439 2.08349e-05
1059510 2.0825e-05
115276 2.08179e-05
1634788 2.08128e-05
919464 2.08114e-05
1500667 2.07813e-05
481089 2.07735e-05
1201938 2.07618e-05
1501247 2.07434e-05
1068126 2.07344e-05
750558 2.07184e-05
1267341 2.07045e-05
1442753 2.0699e-05
1500652 2.06913e-05
863386 2.06844e-05
928452 2.06782e-05
697774 2.06765e-05
1068523 2.06741e-05
278355 2.06714e-05
622753 2.06479e-05
1472079 2.06381e-05
1438998 2.06246e-05
1610606 2.06192e-05
796168 2.06137e-05
1557727 2.06116e-05
1103856 2.06116e-05
445821 2.06103e-05
1066402 2.06072e-05
1175122 2.06016e-05
272491 2.05986e-05
227564 2.0591e-05
1076152 2.05902e-05
48842 2.05747e-05
65785 2.05657e-05
215631 2.05309e-05
12967 2.053e-05
1180123 2.05219e-05
1054087 2.05189e-05
1563948 2.05125e-05
643569 2.05119e-05
844052 2.05107e-05
573354 2.05048e-05
1497585 2.05046e-05
206932 2.05033e-05
1515908 2.05001e-05
6513 2.04907e-05
1052994 2.04897e-05
841061 2.04846e-05
1065455 2.0474e-05
1416649 2.04696e-05
872441 2.04619e-05
1004098 2.04458e-05
929260 2.04392e-05
208748 2.04383e-05
862882 2.04379e-05
1759519 2.04293e-05
646234 2.0427e-05
828644 2.04094e-05
1428008 2.04089e-05
1125360 2.04057e-05
534926 2.04056e-05
1361277 2.03966e-05
665659 2.03901e-05
1692371 2.03878e-05
893506 2.03857e-05
424880 2.03857e-05
1645689 2.03695e-05
759977 2.03592e-05
76654 2.03582e-05
1777355 2.03555e-05
1494476 2.03547e-05
40853 2.03511e-05
1084308 2.03469e-05
236995 2.03467e-05
1369984 2.03353e-05
1247859 2.03322e-05
1310419 2.0332e-05
395120 2.03095e-05
1619286 2.03027e-05
1149709 2.03026e-05
1121348 2.02974e-05
974593 2.02854e-05
45451 2.02839e-05
845750 2.02731e-05
1752867 2.025e-05
836866 2.02359e-05
1221519 2.02358e-05
1781748 2.02312e-05
1596100 2.02164e-05
699720 2.02118e-05
1477921 2.02036e-05
927653 2.02015e-05
1484847 2.01957e-05
920896 2.01753e-05
918215 2.01574e-05
1631315 2.01505e-05
647285 2.01485e-05
867767 2.01398e-05
1068149 2.01095e-05
1770533 2.01077e-05
1519437 2.01072e-05
1426622 2.01038e-05
217309 2.00985e-05
1769485 2.00945e-05
198594 2.00646e-05
11838 2.00641e-05
6327 2.00395e-05
1054208 2.00366e-05
839330 2.00364e-05
737204 2.0015e-05
726437 2.00087e-05
1194218 2.00039e-05
306997 2.00028e-05
962211 2.00027e-05
1352945 1.99853e-05
219236 1.99684e-05
841467 1.99638e-05
1422995 1.99624e-05
422318 1.99449e-05
884345 1.99392e-05
793717 1.99229e-05
511153 1.99163e-05
867657 1.99152e-05
408202 1.99047e-05
554149 1.98964e-05
161914 1.98934e-05
1406424 1.98925e-05
1447189 1.98919e-05
1460644 1.98776e-05
80170 1.98638e-05
674706 1.98262e-05
323797 1.9823e-05
822402 1.9821e-05
705422 1.97996e-05
1063516 1.97959e-05
771705 1.97931e-05
1287374 1.97889e-05
785470 1.97851e-05
1629642 1.97681e-05
1136137 1.97603e-05
1538775 1.97594e-05
1013165 1.97381e-05
152665 1.97305e-05
1166572 1.97274e-05
1584382 1.97201e-05
1230515 1.97144e-05
312786 1.96919e-05
1052164 1.96915e-05
1638482 1.96781e-05
764244 1.966e-05
85546 1.96543e-05
1659862 1.96457e-05
474331 1.96448e-05
855900 1.96443e-05
344228 1.96241e-05
901459 1.96156e-05
835533 1.9606e-05
1513874 1.95872e-05
776555 1.95772e-05
1397087 1.95754e-05
628804 1.95712e-05
1424088 1.9568e-05
1539061 1.95613e-05
1315494 1.9561e-05
675347 1.95539e-05
107943 1.95397e-05
1493599 1.95177e-05
456362 1.95102e-05
1755821 1.95081e-05
1635393 1.95074e-05
1668313 1.95016e-05
1684158 1.94997e-05
21561 1.94984e-05
1039382 1.94915e-05
1216100 1.9488e-05
1476820 1.94793e-05
1092903 1.94785e-05
1481471 1.94713e-05
1067156 1.94634e-05
1247103 1.94605e-05
130549 1.94564e-05
273277 1.94551e-05
743070 1.94539e-05
127028 1.94495e-05
1663970 1.94398e-05
1535040 1.94293e-05
523939 1.94215e-05
1046771 1.94156e-05
1199779 1.94106e-05
289795 1.94045e-05
1778520 1.93989e-05
660482 1.93884e-05
896541 1.93874e-05
336320 1.93833e-05
782272 1.93826e-05
579718 1.93803e-05
1647579 1.93728e-05
584020 1.9363e-05
970801 1.93475e-05
1453287 1.93457e-05
311288 1.93396e-05
246591 1.93198e-05
1456614 1.93177e-05
57313 1.93141e-05
504523 1.9306e-05
826699 1.9292e-05
51442 1.92906e-05
467489 1.92882e-05
306274 1.92798e-05
454766 1.92795e-05
410411 1.92725e-05
1096413 1.92642e-05
351919 1.92634e-05
587691 1.92521e-05
55447 1.92457e-05
479858 1.92399e-05
768411 1.92355e-05
911563 1.92346e-05
262251 1.92254e-05
982437 1.92179e-05
379229 1.91999e-05
184720 1.91949e-05
253332 1.91922e-05
1165495 1.9192e-05
1516433 1.91865e-05
1524849 1.91829e-05
173020 1.91827e-05
1471830 1.91817e-05
1710717 1.91768e-05
556068 1.91756e-05
60160 1.91751e-05
1691599 1.91678e-05
901562 1.91375e-05
507005 1.9135e-05
83401 1.91348e-05
1051698 1.91247e-05
193502 1.91215e-05
1325296 1.91157e-05
1074549 1.91147e-05
5515 1.91054e-05
1113439 1.90859e-05
1673341 1.90785e-05
912616 1.90749e-05
1484384 1.90591e-05
450493 1.90543e-05
249867 1.90533e-05
1432058 1.90496e-05
1302679 1.90474e-05
1022491 1.90411e-05
293124 1.90303e-05
358249 1.90217e-05
1018560 1.90033e-05
1137424 1.90028e-05
40370 1.89869e-05
1117107 1.89838e-05
51401 1.89823e-05
545664 1.89681e-05
475217 1.89618e-05
1364709 1.8959e-05
1157754 1.89589e-05
834083 1.89556e-05
1551928 1.89494e-05
478464 1.89369e-05
946887 1.89351e-05
601984 1.89162e-05
1303877 1.89069e-05
1510648 1.88974e-05
1403671 1.88789e-05
1485015 1.8878e-05
1491240 1.88755e-05
74996 1.8873e-05
1351587 1.88613e-05
897755 1.88563e-05
1486988 1.88488e-05
1540913 1.884e-05
1531234 1.88361e-05
1732570 1.88354e-05
478131 1.88294e-05
506839 1.88209e-05
653568 1.88102e-05
1490052 1.8802e-05
229604 1.87941e-05
1326287 1.87928e-05
2982 1.87831e-05
850485 1.87816e-05
1478373 1.87745e-05
231280 1.87742e-05
820703 1.87487e-05
1714925 1.87472e-05
1606425 1.87437e-05
1509482 1.87437e-05
289652 1.87416e-05
523621 1.87315e-05
382763 1.87303e-05
877741 1.87285e-05
724339 1.87208e-05
1685815 1.8702e-05
404070 1.86862e-05
1514662 1.86852e-05
246261 1.8682e-05
1383996 1.86799e-05
359477 1.86721e-05
1197901 1.86646e-05
1039648 1.86616e-05
1346829 1.86514e-05
60420 1.86412e-05
29351 1.86379e-05
784980 1.86188e-05
948625 1.86018e-05
1613318 1.85726e-05
1416333 1.85701e-05
1217520 1.85611e-05
1675120 1.85544e-05
1174152 1.85529e-05
843252 1.85493e-05
1179940 1.85479e-05
1278481 1.85463e-05
1400534 1.85432e-05
1335471 1.85428e-05
1636588 1.85397e-05
899121 1.85325e-05
589365 1.85287e-05
341936 1.8523e-05
459206 1.85199e-05
1780567 1.85058e-05
1013622 1.84995e-05
813023 1.84927e-05
98243 1.84886e-05
587590 1.84745e-05
214049 1.84602e-05
619607 1.84591e-05
1038005 1.84524e-05
243254 1.84464e-05
234267 1.84388e-05
62992 1.84294e-05
1724859 1.84245e-05
844665 1.84224e-05
596825 1.84195e-05
1525772 1.84189e-05
1103783 1.84165e-05
536961 1.83724e-05
1195494 1.83716e-05
1265032 1.83628e-05
435097 1.83517e-05
1251042 1.83411e-05
596796 1.83373e-05
639261 1.8336e-05
313863 1.83303e-05
1493302 1.8316e-05
220831 1.83132e-05
745183 1.83053e-05
776795 1.8289e-05
649898 1.82681e-05
1384160 1.82681e-05
470516 1.82643e-05
1158154 1.82352e-05
641256 1.82229e-05
1523926 1.82225e-05
820617 1.82186e-05
722177 1.8212e-05
866357 1.82116e-05
1675065 1.82099e-05
1565005 1.81957e-05
1293467 1.81876e-05
203368 1.81828e-05
1157513 1.81807e-05
358295 1.81784e-05
1754296 1.81762e-05
1019697 1.81761e-05
158098 1.8154e-05
518531 1.81509e-05
354070 1.81402e-05
238244 1.81396e-05
1113607 1.81222e-05
698665 1.81187e-05
932890 1.8113e-05
1712052 1.81086e-05
914624 1.81031e-05
430042 1.81018e-05
1399560 1.80986e-05
1072708 1.80956e-05
1523819 1.80948e-05
1370951 1.80924e-05
640083 1.80899e-05
783216 1.80805e-05
1055784 1.80546e-05
50255 1.80401e-05
364471 1.8034e-05
341973 1.80329e-05
297579 1.80273e-05
951925 1.80021e-05
151740 1.79998e-05
71401 1.79957e-05
546161 1.79674e-05
696794 1.79613e-05
789638 1.79553e-05
787181 1.79514e-05
1706158 1.79351e-05
34249 1.79307e-05
136502 1.79238e-05
65062 1.79206e-05
466893 1.79176e-05
489173 1.79127e-05
800772 1.79114e-05
18634 1.79069e-05
701149 1.79042e-05
861727 1.78995e-05
140145 1.7897e-05
253768 1.78813e-05
1595221 1.7874e-05
1442716 1.78685e-05
750364 1.78682e-05
466691 1.78572e-05
1686384 1.78415e-05
1483717 1.78401e-05
800493 1.78399e-05
35292 1.78365e-05
1135648 1.7834e-05
174449 1.78335e-05
643503 1.78308e-05
1346675 1.78281e-05
417347 1.78249e-05
957044 1.78212e-05
476956 1.78107e-05
858034 1.78053e-05
35443 1.78037e-05
895057 1.78009e-05
458531 1.77906e-05
633039 1.77869e-05
186350 1.77851e-05
282294 1.77848e-05
38421 1.77837e-05
441852 1.77667e-05
532451 1.77612e-05
155523 1.77374e-05
803769 1.77362e-05
518961 1.77345e-05
264648 1.77188e-05
752963 1.77091e-05
1566409 1.77022e-05
1132615 1.76976e-05
1261132 1.76918e-05
453197 1.76861e-05
1112707 1.76843e-05
559855 1.76786e-05
914850 1.76728e-05
252589 1.76625e-05
1451525 1.76605e-05
824554 1.76487e-05
77821 1.76363e-05
1145836 1.76347e-05
121622 1.76288e-05
1456183 1.76277e-05
781200 1.76251e-05
279870 1.76215e-05
1449102 1.76205e-05
576594 1.76178e-05
285816 1.76153e-05
1553786 1.76059e-05
1700096 1.7597e-05
238355 1.75956e-05
921947 1.75886e-05
1591714 1.7581e-05
483930 1.75725e-05
236726 1.75607e-05
230012 1.75526e-05
1214547 1.75511e-05
837891 1.7549e-05
302313 1.75467e-05
1610624 1.75346e-05
1249593 1.75328e-05
85714 1.75178e-05
110816 1.7512e-05
1758261 1.75104e-05
1569703 1.75061e-05
1408626 1.75046e-05
780138 1.75043e-05
