208 8.44069e-07
2374 5.65846e-06
5358 4.6499e-05
8184 1.15799e-08
11518 1.73766e-05
11586 3.68131e-06
15936 7.5579e-06
17106 1.34826e-05
22502 3.67357e-06
27144 5.2652e-06
36196 1.39122e-06
37934 9.22661e-08
38111 2.17967e-08
39181 1.31129e-05
40223 1.05895e-06
41389 2.399e-07
42247 7.92805e-07
44370 4.1068e-09
47618 2.98491e-05
50795 3.16846e-06
51422 1.47496e-06
51610 1.19976e-06
54376 1.18174e-08
57703 1.15423e-05
60653 1.29472e-07
63043 1.86653e-07
68639 3.8474e-06
70948 2.21068e-06
71491 2.01013e-05
76851 6.08172e-06
77731 7.29665e-07
80300 5.72137e-07
81585 2.0214e-06
83643 7.70035e-07
86262 2.39031e-08
86848 1.33772e-05
88858 8.29448e-08
98288 6.47136e-07
100893 4.44187e-06
101513 1.77453e-06
111959 3.25081e-05
116150 2.26994e-08
122593 3.11789e-08
125691 1.10175e-06
126628 1.77689e-06
129322 1.02023e-07
129780 4.07462e-08
129854 9.36358e-06
137808 1.39716e-05
139685 1.36972e-07
143792 1.63129e-06
143920 1.70275e-06
148831 4.29971e-05
149341 6.24793e-07
157497 4.89699e-08
160081 8.12268e-05
160336 4.53128e-07
172620 1.36468e-05
179954 4.64006e-07
181810 2.36506e-06
182506 3.20782e-09
189120 1.10162e-06
203194 9.88697e-07
206155 9.94587e-09
209626 3.74387e-08
210313 7.6666e-06
210345 1.50504e-07
210448 6.52775e-06
210490 9.61438e-07
214655 4.19136e-06
216570 2.08114e-07
220345 3.53903e-07
230490 3.65157e-08
232424 4.61873e-07
232846 1.977e-07
232903 3.66365e-08
235594 4.82017e-06
236201 2.64212e-06
236487 4.51198e-06
236651 4.66157e-05
241414 2.06273e-07
246844 1.52681e-06
250221 4.997e-07
252812 2.03207e-06
253637 1.3441e-06
254214 6.15376e-06
256061 7.07238e-07
261088 6.75661e-07
261743 4.1492e-06
262452 2.89982e-05
267796 4.40994e-06
271502 1.81586e-05
273236 4.91148e-08
275514 5.87066e-05
278467 8.10771e-06
278794 5.61931e-07
284150 2.62806e-06
289484 5.87889e-08
305132 5.60527e-06
308146 1.37543e-08
308458 1.91854e-06
309160 5.83479e-05
309586 3.53756e-07
310301 6.42856e-06
318631 3.4163e-06
318984 1.87655e-05
321714 3.45321e-07
332624 9.26271e-08
339711 1.6201e-05
340256 2.57356e-07
353858 7.92767e-06
368983 2.73119e-06
374239 3.92245e-07
379225 1.12779e-06
379498 1.00612e-06
388540 1.35235e-05
396122 5.56902e-07
419056 1.7467e-07
420383 9.3928e-07
426415 6.4919e-09
429653 8.45249e-08
431559 4.60327e-06
433063 4.45293e-05
433579 6.76473e-06
433981 6.37363e-07
436486 3.01973e-07
440294 9.03784e-08
440298 4.89664e-06
442106 2.14657e-07
442113 1.26021e-07
442847 1.24924e-07
443488 4.80514e-06
443661 1.51358e-08
444427 1.73587e-05
444687 4.61234e-05
445475 1.4346e-07
445937 5.18513e-06
446467 9.54391e-08
449623 5.51658e-09
458065 1.05379e-06
458264 2.81824e-08
459610 1.47292e-06
459941 4.48952e-08
467390 1.91333e-06
472338 4.84168e-08
478183 4.89784e-08
479955 3.59554e-08
480692 1.85002e-07
482376 7.7848e-06
486279 1.07856e-07
490000 3.85489e-06
490310 7.5254e-07
492794 5.70237e-06
492866 2.20917e-05
495457 1.39882e-07
500566 4.06935e-07
505343 3.44766e-05
507401 5.88016e-06
507482 2.63257e-05
507678 4.24358e-06
508492 1.93615e-08
508551 2.67235e-07
510645 6.80714e-08
513507 4.98187e-06
516090 4.20506e-08
521662 6.74715e-08
522116 2.54305e-06
522619 9.78311e-08
530974 2.00639e-07
532670 8.48435e-08
557120 9.38053e-06
559109 9.60349e-05
568251 1.13881e-06
568288 2.21604e-07
569669 3.38699e-05
575903 4.11487e-06
579676 1.15324e-07
583150 2.64492e-06
586483 9.64162e-09
588494 1.85546e-05
590787 2.04252e-06
593274 5.31365e-08
595789 2.68831e-05
601328 8.56918e-07
615427 1.30449e-06
617888 2.99251e-05
618666 3.08619e-06
625218 3.7105e-08
626826 2.99353e-07
633687 1.1216e-05
634568 1.75031e-06
640097 6.6516e-06
643337 7.14772e-07
651235 1.18391e-06
653008 2.36609e-07
671606 3.05455e-07
675266 2.30546e-06
679425 6.11132e-08
679746 2.2433e-08
683499 1.51627e-08
686743 6.17041e-09
689473 6.34919e-09
693450 9.08568e-07
694257 5.33366e-06
699707 1.85301e-06
704829 1.61958e-06
706742 8.26665e-08
707235 2.08589e-07
716745 6.30827e-07
727536 3.45345e-08
730179 9.31029e-07
731303 3.01106e-08
738845 2.28476e-07
738978 1.50014e-05
741015 6.61129e-07
761193 4.06469e-07
764101 1.092e-07
767519 1.56233e-07
769441 7.6832e-08
772021 4.84329e-07
772095 7.98871e-08
780906 1.74702e-06
781236 8.43282e-06
785617 2.11068e-06
795087 1.43094e-08
799592 2.56746e-07
800127 1.39903e-06
807274 9.03556e-06
808435 1.02103e-07
815799 4.58301e-07
816743 1.4127e-07
819068 1.04469e-08
820715 3.99326e-06
821701 2.21664e-06
821776 1.13192e-05
822190 2.96418e-06
823941 4.29992e-06
824475 9.41045e-08
830465 1.26896e-07
833375 7.13238e-06
837941 1.04066e-07
840001 1.94008e-05
845718 6.43535e-06
845721 1.06367e-06
848199 4.12562e-07
848523 9.11797e-07
854645 1.07847e-07
856554 1.79447e-06
860455 6.22424e-07
861392 1.29475e-07
864519 2.68965e-07
867715 1.96772e-05
868285 1.07542e-06
868316 1.5636e-06
871434 6.15955e-07
888701 1.33558e-05
889102 6.46182e-09
891894 7.37986e-07
892481 1.1641e-06
893784 5.61944e-07
893857 6.92308e-06
897428 1.22262e-05
897551 2.57789e-07
900427 1.69468e-07
900548 6.633e-06
904173 1.15355e-06
906822 1.76649e-05
908165 5.73733e-07
908334 1.12973e-05
909197 1.61553e-06
912812 3.2974e-06
915982 3.50576e-08
916100 3.24771e-08
917416 5.11049e-09
918463 1.98301e-05
920984 7.46509e-06
923210 1.18691e-07
928742 7.74425e-07
930367 6.28526e-07
939741 3.26162e-06
945354 1.32721e-06
945571 3.46037e-06
949906 1.9124e-07
954919 1.12086e-06
959206 1.20606e-05
964899 5.72191e-07
968599 2.48589e-06
973334 4.41975e-06
973540 1.20869e-06
976610 9.64368e-07
984873 1.17915e-07
987225 5.35942e-09
993345 1.77838e-05
997940 4.98486e-07
1004146 8.34477e-08
1004153 7.15543e-08
1016506 5.69466e-08
1018575 1.77307e-06
1028588 3.23144e-07
1038059 1.82661e-05
1044402 1.18694e-05
1045250 2.65723e-06
1047224 1.3103e-06
1047439 1.75743e-06
1047807 2.00994e-07
1050732 3.2883e-07
1052071 1.24288e-06
1053112 1.34833e-08
1055164 4.41884e-08
1055358 1.10871e-06
1060315 3.27055e-07
1077911 1.11861e-06
1081329 6.31058e-06
1093482 1.91757e-05
1095406 1.48785e-05
1097770 5.83522e-07
1098776 2.39786e-08
1098890 1.13185e-06
1106257 3.1337e-07
1112881 5.60964e-07
1113232 2.99848e-08
1113754 6.12827e-06
1121786 4.79727e-06
1122855 1.33356e-05
1127067 3.99681e-07
1129072 2.23574e-05
1136209 2.74581e-09
1139543 4.73119e-06
1142324 2.80802e-06
1142723 1.08973e-06
1145540 2.33609e-07
1151946 3.74264e-07
1153448 1.98976e-05
1153481 4.07776e-06
1155190 1.62336e-07
1157184 4.26806e-07
1159290 3.84292e-08
1163659 2.43308e-06
1164463 6.80562e-08
1164877 1.9723e-07
1167058 5.68355e-06
1170895 8.92376e-08
1174610 1.41614e-07
1175173 4.42556e-06
1184773 2.59584e-07
1186240 4.4469e-07
1190332 2.48238e-07
1200396 2.95303e-06
1201460 1.63536e-07
1204416 2.9044e-07
1206682 1.03198e-06
1210305 1.97511e-08
1218163 1.0327e-05
1220606 4.03378e-06
1226639 1.02435e-07
1233810 3.62009e-09
1236493 4.37067e-08
1237729 1.8158e-07
1239244 1.40764e-06
1244033 6.20007e-06
1245325 6.04962e-06
1253673 2.46098e-06
1254555 4.37229e-06
1254594 8.52e-08
1254894 8.3926e-07
1256392 1.40141e-07
1261204 1.03725e-05
1261275 8.89089e-08
1267322 1.92526e-05
1269987 2.85221e-05
1284171 2.06778e-06
1284948 1.52935e-07
1285287 8.23269e-08
1288921 1.26471e-07
1292505 1.61835e-07
1301100 2.48667e-08
1327952 2.62108e-08
1330892 1.35389e-06
1345964 5.89031e-06
1350746 2.79432e-05
1357351 7.23712e-08
1357830 2.70932e-06
1360596 4.5981e-07
1371283 1.4792e-07
1375670 1.53803e-06
1376583 1.26136e-06
1378011 2.76868e-06
1383998 6.07564e-06
1393910 1.19943e-07
1399375 8.02847e-07
1399919 7.42992e-08
1418889 7.95704e-07
1419841 6.69025e-07
1423066 2.13565e-08
1423108 8.89013e-08
1424177 2.75189e-06
1425191 5.61448e-08
1425839 1.08277e-07
1427891 1.77639e-07
1431611 1.0061e-06
1434891 9.29007e-07
1436053 1.17121e-06
1441038 1.34795e-07
1443191 2.09083e-07
1447738 5.67005e-08
1452773 5.98036e-06
1452831 7.82708e-08
1454428 9.84732e-08
1463210 1.78655e-05
1464109 4.37857e-07
1466059 1.65423e-07
1481234 3.31321e-06
1482083 1.13924e-06
1483473 8.73447e-06
1484095 1.78235e-08
1485210 1.18021e-07
1485766 9.04718e-07
1486345 2.45019e-07
1486531 1.87677e-05
1486539 4.2057e-07
1486724 7.75685e-06
1486750 3.17674e-07
1488890 6.58223e-07
1491183 1.00832e-05
1491860 4.91101e-06
1494267 1.64352e-06
1494374 1.04582e-06
1495077 1.41075e-05
1499792 4.37089e-07
1500561 3.04734e-08
1502081 2.13736e-07
1505485 4.74213e-08
1505957 5.27673e-06
1506263 3.24271e-07
1509056 2.09804e-08
1509411 2.19819e-06
1510347 6.59194e-08
1517289 2.54273e-06
1521559 1.20171e-07
1523307 8.21415e-08
1532668 3.71843e-06
1534552 2.27842e-08
1536357 1.48686e-05
1538370 1.58835e-07
1542070 1.16128e-07
1546414 1.18165e-06
1546624 2.47753e-06
1548315 3.2416e-07
1549158 9.59121e-06
1550466 3.15892e-07
1554913 1.01538e-06
1562283 2.06851e-05
1563058 2.09613e-07
1568807 9.08853e-08
1569427 1.44662e-07
1573438 2.42805e-08
1585514 6.66366e-08
1594872 6.68028e-05
1594978 1.3427e-06
1600583 7.54457e-08
1604229 1.67088e-07
1615047 5.91132e-06
1617685 2.74055e-08
1625971 5.49646e-08
1629105 2.09522e-07
1634107 1.80939e-05
1642814 8.8942e-06
1650435 5.16484e-07
1651215 1.325e-06
1651644 3.70856e-08
1654695 1.54665e-06
1669454 4.966e-08
1681380 5.44466e-06
1682596 1.99009e-06
1694183 5.46349e-08
1699275 4.15526e-08
1708417 1.24025e-06
1710732 4.38413e-05
1711740 2.82672e-05
1712367 1.41088e-05
1712891 4.08927e-07
1713061 7.47233e-08
1718269 1.09103e-06
1723799 7.61713e-07
1725020 2.55809e-06
1726108 6.44102e-08
1726218 2.99589e-06
1730332 6.89371e-07
1739146 1.01892e-07
1741515 5.41654e-06
1744200 1.10533e-05
1747809 9.48099e-08
1755154 1.79951e-07
1756629 6.74394e-07
1759664 5.38545e-07
1759967 7.92492e-06
1762032 3.01953e-06
1767716 4.57479e-06
1771681 2.89419e-06
1773719 3.04851e-06
1786772 3.38837e-06
