262 7.95945e-07
778 2.62933e-07
2193 1.00048e-07
2360 7.92189e-06
2609 8.93669e-07
3967 1.47957e-07
4017 4.5111e-08
5496 4.5571e-06
6938 1.67972e-07
8069 1.29141e-07
12327 2.74157e-07
12598 5.03766e-07
14348 2.00331e-08
15124 9.78538e-07
16949 8.71326e-08
17007 1.29579e-07
17857 1.13501e-06
18656 1.83082e-06
19064 2.39426e-07
19694 4.23367e-07
19867 9.85349e-06
19906 2.46948e-07
20605 1.10898e-07
26494 2.2443e-08
27847 4.10835e-06
30296 4.59778e-08
32215 8.26743e-06
33282 4.72132e-06
33298 2.54559e-06
33999 2.33925e-08
34254 4.80947e-06
34308 7.38863e-08
34397 6.8777e-08
34639 3.42618e-08
34880 1.78169e-06
36058 5.37722e-06
36462 2.16605e-08
36599 8.18269e-07
37527 1.22555e-07
37951 1.99786e-06
38133 1.86311e-05
40697 9.34172e-09
41377 1.14488e-06
41749 1.25489e-06
42379 1.42734e-07
42543 3.38752e-08
42579 6.46262e-08
42708 1.17325e-07
43884 7.07042e-08
47636 1.35727e-07
50876 1.1473e-07
51218 2.54621e-07
51703 7.58699e-08
54086 5.58393e-08
55952 3.93773e-08
56446 1.01244e-07
56682 1.05175e-08
65338 7.56284e-07
66703 9.94881e-08
69534 2.44057e-07
70102 7.54994e-07
71156 7.36155e-07
71704 3.79151e-06
72210 6.72573e-07
72631 1.28862e-07
74114 5.53632e-07
76361 6.61796e-08
76461 5.53039e-07
77906 5.18584e-07
77910 1.17567e-07
78447 2.82911e-08
79449 2.39692e-08
90178 6.67076e-08
91337 7.05362e-07
94229 1.29853e-06
95241 4.57262e-06
97503 5.05236e-07
98032 6.09711e-06
98692 5.68417e-06
99643 4.52071e-08
101867 3.44884e-09
103519 2.75727e-07
107251 1.10063e-07
109168 6.88856e-07
110468 1.25959e-07
110579 9.8633e-08
115345 7.70092e-08
116174 3.23694e-07
116367 3.69231e-08
121130 1.70472e-07
124427 2.41096e-08
128807 2.01148e-08
130774 4.75288e-07
135674 2.35517e-08
138029 5.14624e-06
139429 4.75811e-07
140408 4.39443e-07
142405 3.14055e-07
146125 1.23507e-06
148265 2.00418e-05
150207 7.40352e-07
150499 7.62886e-07
150932 6.92471e-06
156106 1.62842e-06
157827 2.81079e-07
160128 2.36139e-06
166733 4.47832e-07
168866 7.98648e-08
169039 4.63532e-08
173968 4.20949e-06
174678 1.20802e-07
176011 3.37966e-07
176056 6.97739e-07
176393 6.02244e-07
176812 3.50859e-07
183292 1.25399e-06
187226 1.8956e-07
188019 3.54185e-07
189248 2.42179e-08
189760 9.76801e-08
190026 8.72888e-08
192545 1.86932e-07
196532 5.83164e-08
198190 3.94075e-07
199537 7.28796e-06
201087 6.84182e-07
202032 1.01429e-05
204944 2.87487e-07
207048 9.57673e-08
209427 9.98857e-08
210316 4.75266e-07
212423 1.73013e-06
212553 8.34295e-08
214234 1.42323e-07
216300 1.09998e-05
217005 4.78326e-07
217597 4.86125e-07
218050 3.06044e-07
221192 3.06089e-08
221440 4.56643e-06
222819 3.85297e-07
226299 7.26133e-08
228123 1.81309e-07
230036 2.6368e-07
230838 2.65837e-05
232410 2.54605e-07
233688 4.13378e-07
233790 7.13715e-09
235747 6.95131e-08
237544 6.53725e-06
238321 2.08079e-06
239445 2.55117e-08
239505 3.37314e-06
239643 2.5053e-07
240146 1.21075e-08
242214 4.77435e-09
243290 1.24665e-07
243739 2.99351e-08
245911 1.2056e-07
248103 5.01652e-08
248392 4.40605e-06
248886 1.5011e-06
249337 1.81018e-07
249611 5.61904e-08
252534 4.07811e-06
253792 6.39221e-07
256194 1.13528e-07
257934 1.74902e-07
261445 3.79583e-08
265571 4.12179e-06
266085 1.86282e-07
267883 5.52622e-07
268003 2.02658e-06
269813 9.98122e-08
275314 4.95688e-08
275609 1.7017e-08
282126 1.76898e-06
282427 2.91488e-07
287352 1.51968e-06
288125 2.27017e-06
289806 6.89284e-08
291062 2.04127e-08
294648 1.08973e-07
298396 2.4161e-06
299542 3.14968e-06
300292 2.5114e-07
301514 7.53947e-06
304049 5.82603e-07
307155 8.40947e-06
307983 3.6372e-06
310081 1.25714e-06
311386 7.69935e-07
316091 3.71848e-08
317409 1.93511e-07
322484 1.24377e-06
333674 1.50112e-06
336603 3.63904e-06
338549 8.31896e-09
344959 1.78026e-06
347034 6.18026e-07
347839 7.17519e-07
351740 9.60492e-08
353097 4.58909e-08
354175 1.34342e-06
355771 7.23539e-07
356871 2.49065e-07
357472 3.6332e-06
358342 5.67268e-08
360337 1.55447e-06
363152 2.40322e-06
363254 6.94679e-08
363528 9.77995e-08
369301 5.15872e-06
370231 1.53294e-06
372042 7.84117e-08
375451 2.69106e-06
378844 6.75147e-07
379714 1.19434e-06
381951 1.00478e-07
383709 9.24981e-07
387177 2.59391e-08
388691 3.45144e-07
391100 3.93829e-07
397372 9.68332e-08
397549 1.56037e-07
403277 3.39678e-07
403489 8.72081e-07
410436 7.62948e-08
413149 4.87579e-06
414139 1.11217e-07
414637 3.21105e-06
420212 2.67723e-07
421432 4.68566e-08
423366 4.42994e-06
424669 1.4164e-07
427711 1.19491e-06
429047 1.64041e-06
430737 7.10564e-07
434154 1.07739e-06
434193 3.26778e-06
435631 2.95619e-07
435940 7.0348e-07
437960 2.01214e-05
438741 1.35957e-06
440595 4.35192e-06
441027 3.2807e-07
441440 8.68772e-07
442729 1.13682e-07
445405 3.16826e-06
445654 7.33775e-08
447952 6.72343e-08
448063 4.43985e-07
448121 5.74943e-08
449482 4.72508e-09
450819 1.20921e-07
451203 3.25921e-07
453014 2.10972e-08
453141 2.5396e-06
454152 1.6201e-07
454279 4.53617e-06
454786 8.55055e-07
457189 5.69131e-08
457919 1.86481e-07
459877 3.88569e-07
465009 3.76957e-07
465116 2.18704e-06
465593 9.48151e-09
465685 4.73603e-08
466558 6.14888e-06
467160 1.17504e-08
468419 4.7662e-08
469223 7.95545e-07
469510 3.18707e-06
470335 6.24309e-07
473463 1.6949e-08
475334 2.00208e-06
475955 7.28589e-07
479134 7.49707e-06
481646 8.66417e-07
481877 1.45175e-06
482090 6.30545e-06
484921 9.30866e-08
486968 1.53754e-07
489589 9.19356e-08
489911 2.28228e-06
490215 5.19093e-06
490577 1.19238e-06
490660 4.40436e-06
493515 1.66113e-08
493872 6.06207e-07
493956 7.21269e-08
494158 5.9856e-07
494423 9.58759e-06
494580 1.05807e-05
497489 3.86159e-06
498061 5.03738e-08
498125 6.71234e-07
498559 4.26811e-08
499311 3.61766e-06
499357 1.55579e-05
501243 1.92061e-07
502187 1.26627e-07
502851 3.40462e-07
503970 1.61659e-07
504680 1.69658e-07
505198 1.93711e-08
505630 1.68546e-06
505846 6.53717e-06
505954 7.71278e-08
509915 8.80088e-07
510130 2.35528e-07
513818 1.27709e-06
514165 4.23688e-06
514189 1.7086e-06
516291 6.56344e-07
517480 2.07406e-07
519163 9.28721e-08
521218 9.90195e-07
521712 7.99208e-08
524517 2.44365e-06
532502 3.38997e-07
534196 1.39923e-06
537333 1.3335e-07
537700 1.22239e-07
538354 1.52696e-06
538389 5.1667e-06
539787 5.96289e-07
539955 2.85873e-08
540600 1.17085e-05
544456 3.67317e-09
544868 3.57323e-07
545173 7.32359e-09
547107 3.03363e-07
547831 1.13309e-05
548348 9.50665e-07
550124 7.89037e-07
552377 1.81427e-06
554432 5.51291e-07
556727 3.73263e-06
556924 2.20703e-07
557192 1.50085e-06
557524 1.54002e-06
560912 1.00971e-06
561296 2.11249e-07
561397 1.3182e-06
562311 1.0458e-06
564033 2.25424e-07
567234 1.26618e-07
575698 5.95718e-06
577869 7.9528e-07
579187 2.26709e-06
581330 3.16421e-08
582747 1.95359e-06
584485 1.92874e-06
585740 1.75218e-07
586799 1.20959e-07
589154 3.04508e-06
598024 4.48948e-08
601459 4.8596e-06
604808 9.10397e-07
606032 7.9726e-07
610834 6.49661e-07
610947 2.67298e-07
614866 1.1206e-06
618064 4.26682e-07
622987 1.36914e-07
623395 1.07074e-07
623673 3.11047e-06
624654 1.31618e-07
625202 4.04221e-07
625551 3.22913e-08
625826 4.28191e-07
626361 4.48605e-08
626852 8.22027e-07
628813 7.34407e-07
630625 1.46045e-07
631847 2.57813e-07
632738 1.13633e-06
636183 7.62706e-08
636315 9.38448e-07
636402 5.65652e-06
636757 2.31213e-07
637588 8.78462e-07
637707 3.00652e-07
641806 5.56357e-08
642993 2.16814e-07
644352 5.20685e-07
645343 7.74528e-07
646829 1.92337e-08
646989 5.64357e-08
648464 6.65437e-08
648499 8.87885e-06
648596 2.86773e-07
650806 1.22587e-07
652546 6.68287e-07
655681 8.37599e-08
656323 3.87056e-06
657161 7.04341e-07
657564 2.91422e-06
658236 4.38224e-08
659173 1.07663e-07
659824 2.77529e-06
660730 8.58313e-08
664055 1.93621e-07
673530 2.32363e-07
675575 5.67377e-06
678521 1.45468e-07
681827 2.44721e-07
685434 5.02134e-08
685751 3.08445e-06
687612 5.61979e-08
692222 5.3003e-07
693710 6.73952e-08
694154 5.16077e-07
699333 2.88568e-07
700371 2.61031e-06
705631 8.30591e-07
706064 1.39103e-06
710554 3.26479e-07
711341 8.7684e-08
712443 6.0681e-08
712802 6.46478e-07
714322 3.28244e-06
718314 3.22022e-07
720260 1.61934e-08
721001 1.7851e-08
724104 1.1018e-06
724694 2.10197e-06
724771 1.26913e-07
727905 7.87614e-07
728823 2.78257e-07
729965 8.42376e-06
734964 6.61398e-08
737785 1.80019e-07
737833 8.81528e-08
740481 8.54579e-08
742091 7.67171e-07
745267 4.5072e-07
749829 6.15727e-07
752784 4.58943e-08
755659 1.4026e-07
757468 5.05186e-07
757662 7.46968e-08
757668 1.91114e-07
758002 2.17376e-06
759476 7.98845e-07
763015 9.36356e-07
764260 3.00537e-06
773559 1.10628e-07
775319 7.49418e-08
775358 1.22386e-07
775440 8.45561e-08
776638 8.54067e-07
777606 2.97878e-06
779357 3.65266e-08
780435 7.19464e-08
781262 4.47089e-07
781914 1.16999e-07
783245 1.12481e-06
785419 5.30186e-06
787826 1.45363e-07
795711 3.26868e-07
796845 6.49706e-07
797538 2.18805e-07
798574 5.28135e-07
799583 2.17458e-07
800251 1.12735e-06
800489 2.32631e-08
801545 1.05499e-06
802292 6.8301e-06
804818 1.37217e-08
806872 1.2822e-06
808174 2.95453e-06
808805 2.27576e-08
811790 4.48199e-08
811885 7.84933e-08
813725 1.351e-07
818898 1.93767e-07
819894 1.07435e-06
820654 1.46176e-06
822091 8.00576e-07
822597 1.53426e-07
823450 2.60952e-08
824586 1.75327e-07
825482 2.54528e-07
825569 7.34857e-08
825789 1.7802e-07
825885 3.75016e-07
826856 1.15466e-08
826984 6.72684e-06
829883 1.74667e-06
830660 2.71123e-06
830694 1.24447e-07
832425 3.65732e-08
837400 1.17964e-07
837549 3.92104e-08
838643 4.23558e-08
839437 1.25923e-06
839639 3.98772e-07
840683 1.03838e-07
842660 9.52459e-07
849827 1.76335e-06
852178 7.67371e-07
852937 1.61195e-06
853850 1.95606e-06
854785 2.20243e-08
863880 1.0594e-07
865135 1.33101e-06
868102 2.00876e-08
868246 3.97438e-08
868502 1.47069e-07
868892 1.45028e-07
871935 3.44839e-07
874147 2.67547e-07
874278 1.30359e-06
874364 1.2846e-06
875094 9.58751e-07
876471 1.69581e-06
876753 2.16937e-08
877392 9.91023e-08
878264 5.11184e-08
881183 1.29766e-07
881230 1.46331e-07
881232 1.06749e-06
882636 2.46721e-07
882691 1.33674e-05
883690 5.35063e-08
885235 1.03984e-05
886844 5.39718e-08
887280 2.01718e-06
887661 1.68397e-06
887713 2.00189e-07
888511 6.94048e-06
888850 4.37795e-08
889458 2.97669e-07
890359 7.9775e-06
890782 1.21274e-07
891266 1.45144e-07
892248 6.00223e-06
892837 9.2143e-08
895231 3.30415e-08
895694 3.17055e-07
898362 2.59891e-08
899402 2.94774e-06
899478 1.22852e-06
899653 1.09988e-05
900570 1.82094e-07
901143 3.95056e-06
901172 1.22039e-07
901299 1.70319e-06
902468 1.50326e-06
904344 8.35078e-08
904409 3.95637e-07
910850 2.26722e-07
910932 3.57378e-08
912057 1.00692e-07
912494 1.59006e-05
912665 2.39252e-06
913702 1.38392e-05
913787 6.06046e-08
914723 1.1417e-06
914933 6.64549e-06
915156 2.24587e-06
916945 9.93306e-08
918019 2.66161e-08
918963 3.86124e-07
921284 8.18669e-06
922032 1.07781e-05
922305 9.04819e-07
922618 9.17189e-07
922621 6.37809e-08
922938 5.80067e-08
925538 1.09018e-07
926546 2.59168e-06
928078 1.25835e-07
928134 7.81272e-08
928662 1.95469e-07
930886 1.27654e-07
930975 1.98975e-08
933130 2.11328e-06
933750 6.10302e-08
935115 7.90507e-08
938718 8.00318e-07
940818 3.64657e-07
942393 1.60081e-07
946383 3.14937e-07
949566 2.10297e-07
949925 3.71303e-07
953984 1.75915e-07
957669 1.19965e-05
959340 5.08823e-07
966115 6.44492e-07
967331 2.52235e-07
968969 9.68893e-09
972656 2.95461e-06
976755 1.60967e-08
978052 2.44224e-08
981830 8.90216e-06
984172 1.87519e-07
986985 1.7445e-07
987555 6.77458e-07
991223 1.6471e-07
991970 2.61113e-07
998343 6.04064e-07
1000675 7.47432e-07
1003095 1.4035e-07
1008302 4.34017e-07
1012936 1.15624e-07
1014906 1.9581e-05
1017560 2.43147e-08
1018912 2.64627e-06
1019382 9.22093e-07
1025423 1.36336e-08
1027548 1.46832e-07
1027566 1.01819e-08
1027602 9.15335e-08
1028642 3.059e-08
1028699 2.72132e-07
1034829 1.08617e-07
1037133 2.1587e-07
1037812 4.47908e-07
1039115 2.89556e-07
1040434 8.14112e-07
1042610 5.90316e-07
1044933 5.25706e-06
1047287 7.83771e-08
1047489 1.29249e-06
1049727 3.96674e-07
1051378 1.47507e-08
1053538 1.09521e-07
1055396 7.60654e-08
1057769 3.30222e-07
1063713 7.13222e-07
1069417 1.94924e-07
1071785 1.02404e-08
1072462 2.33183e-07
1074819 2.78464e-08
1076212 6.19785e-06
1076444 4.36487e-08
1079039 3.68952e-07
1079552 5.52992e-07
1083486 3.5529e-06
1086221 1.5263e-06
1088765 5.12308e-07
1089149 7.55834e-08
1092315 9.06053e-06
1096862 1.38894e-08
1097734 1.1594e-08
1098544 1.14293e-07
1099144 9.99499e-08
1100312 6.0844e-08
1101955 1.04776e-06
1102699 3.70714e-08
1108616 5.21933e-08
1108642 1.29486e-08
1108751 5.87739e-07
1109444 4.34194e-07
1109773 6.16471e-08
1113766 9.08238e-06
1116199 6.6198e-07
1116247 1.29583e-08
1119285 4.95891e-06
1120295 1.55742e-06
1121322 5.96084e-08
1122165 2.39843e-06
1123021 1.34286e-08
1123527 3.63035e-08
1124492 1.72151e-07
1129259 1.04552e-07
1132554 1.02039e-08
1133131 4.69135e-08
1133542 4.17138e-07
1133752 2.47849e-07
1134001 6.4409e-07
1135767 1.03289e-07
1138196 1.76361e-06
1138197 4.40994e-06
1138213 1.17775e-06
1138576 2.07867e-06
1140783 8.90355e-09
1146497 2.07105e-08
1148036 2.17413e-07
1149538 1.09883e-06
1150024 6.37157e-07
1151157 4.73989e-07
1152671 1.48034e-06
1153112 9.3827e-07
1158345 1.4815e-07
1164267 6.71547e-07
1164934 1.44207e-07
1164968 5.87837e-06
1166023 8.48539e-07
1171140 5.71538e-07
1172497 2.0304e-06
1176230 2.55614e-06
1179041 1.39611e-07
1179207 7.44456e-08
1179375 3.45556e-07
1179803 3.55229e-07
1180782 2.44674e-07
1180955 2.45649e-07
1190372 6.76103e-08
1193280 8.47356e-08
1195591 9.37699e-07
1196155 2.71095e-06
1198144 1.59016e-07
1200572 1.55167e-06
1200640 2.3303e-06
1200726 3.02752e-08
1202151 1.01397e-07
1202619 8.16973e-08
1203194 2.39737e-06
1207554 3.08266e-07
1208375 1.09618e-07
1209508 1.11939e-06
1212807 3.01653e-08
1217185 7.88837e-08
1217940 5.82534e-08
1219883 3.78831e-06
1222006 1.02529e-06
1224343 1.6899e-07
1227064 5.6096e-07
1227585 1.35437e-07
1229640 2.15563e-07
1230007 1.05437e-06
1231457 7.87993e-08
1232978 2.20113e-08
1237333 7.7079e-06
1244654 4.37886e-07
1246293 3.3805e-07
1248817 1.56557e-07
1248940 6.83543e-08
1256295 6.94537e-08
1257346 6.77939e-08
1260009 1.98103e-07
1262997 1.34378e-07
1264250 6.94596e-08
1264301 4.5235e-08
1269053 1.84372e-07
1271385 4.9141e-08
1274672 4.1074e-06
1276306 2.26128e-07
1276420 1.54483e-06
1276828 1.40214e-07
1282972 6.27929e-06
1291278 1.29165e-07
1293670 3.76793e-07
1296059 1.31837e-07
1298601 3.1985e-08
1298678 2.16224e-06
1300179 2.47156e-06
1302248 2.69332e-07
1309687 4.1604e-07
1314828 2.88656e-08
1315315 4.994e-07
1315687 5.25109e-06
1318701 1.88602e-08
1319086 1.90609e-05
1322812 4.7807e-08
1324190 5.86861e-07
1328985 1.73573e-08
1332041 5.36428e-07
1333857 4.72464e-08
1333906 5.67614e-09
1334158 2.70466e-06
1334678 1.00282e-07
1336270 1.19775e-07
1337683 1.73757e-07
1339003 1.60176e-08
1339936 5.466e-08
1342320 3.84654e-06
1345055 1.67081e-07
1345354 1.78954e-06
1349373 1.17326e-06
1351106 2.67396e-09
1351645 6.65782e-08
1351784 1.86488e-06
1351915 2.09035e-06
1353058 6.6899e-07
1358349 3.45733e-08
1358417 4.18244e-06
1360451 1.94117e-06
1362760 1.18276e-07
1366417 2.43452e-07
1366590 2.62643e-07
1366808 6.2722e-06
1367536 2.04843e-08
1368639 3.0479e-06
1369971 2.3847e-07
1374082 1.25738e-07
1379730 5.49894e-08
1382539 2.71401e-07
1388386 3.1042e-07
1389711 1.13734e-08
1391751 9.61906e-07
1394050 2.08304e-06
1395055 2.58139e-07
1395457 1.12366e-07
1399623 3.46552e-07
1400402 1.22443e-07
1400732 7.51517e-07
1403586 6.14068e-08
1405345 1.68366e-07
1408740 3.11037e-07
1409002 1.64257e-07
1410071 1.15406e-07
1417740 1.37784e-06
1419011 1.75394e-08
1419392 4.30984e-08
1427929 9.74356e-07
1428975 3.00941e-07
1434124 7.86129e-08
1434507 8.04492e-07
1435461 1.7005e-07
1436610 1.84629e-07
1437063 1.74168e-08
1439596 6.16049e-08
1441063 4.71123e-07
1442752 9.04904e-08
1444185 2.15592e-07
1445088 5.42653e-09
1445759 2.56115e-08
1447142 1.9356e-07
1448073 1.64735e-06
1451497 6.19539e-07
1452279 1.64103e-07
1452655 6.34819e-07
1452660 1.22704e-07
1453091 2.68405e-07
1453244 1.26885e-07
1455587 4.52934e-08
1456606 3.16183e-06
1458961 1.14094e-07
1460694 8.79645e-08
1461185 2.67852e-07
1463397 2.30725e-07
1463709 1.01411e-07
1463798 2.50531e-07
1463956 2.04395e-07
1464316 9.95508e-09
1465009 6.92434e-07
1466335 2.0476e-07
1467649 2.16801e-08
1473043 3.0326e-07
1473174 2.94147e-08
1473442 1.34222e-07
1476571 6.06974e-07
1478935 3.17238e-07
1479740 2.30549e-08
1481181 1.38274e-07
1482507 7.60478e-07
1482946 2.36062e-08
1485686 1.00554e-06
1487499 6.87728e-07
1488383 1.04004e-07
1488643 5.83612e-08
1490034 2.60675e-07
1490435 3.4683e-07
1494780 9.41668e-07
1495550 6.37343e-08
1495585 9.97756e-07
1495962 1.50214e-06
1496094 6.912e-07
1497017 6.43359e-08
1497791 5.432e-08
1499583 2.65804e-08
1500356 1.73186e-06
1500450 5.07733e-07
1501963 4.70577e-07
1502926 3.53059e-07
1503243 8.42739e-07
1505450 1.59349e-07
1506758 1.82678e-05
1508946 1.81136e-06
1514154 6.17812e-08
1514857 1.28675e-06
1518039 2.79094e-06
1518168 0.000109116
1519040 3.25577e-06
1524796 1.09398e-07
1526137 1.48938e-06
1526376 4.41769e-08
1526739 6.60472e-08
1527611 1.35799e-07
1528967 1.38757e-08
1529048 2.45917e-07
1529176 5.33638e-07
1531582 7.49043e-08
1536388 1.53651e-07
1536490 1.81324e-07
1537797 2.72322e-08
1538594 2.04731e-05
1542338 9.72234e-07
1542915 2.77252e-06
1546109 2.47704e-07
1546512 7.11559e-07
1546890 4.11545e-07
1547356 9.07039e-07
1548380 6.22735e-07
1550686 4.2329e-08
1555958 2.76091e-07
1558234 2.12422e-08
1561214 3.03425e-08
1563907 2.01665e-06
1564044 1.88227e-07
1567793 1.62247e-09
1569390 2.45204e-06
1571786 2.43791e-06
1571887 1.02684e-06
1571923 1.88237e-06
1574048 1.04038e-07
1575838 3.40863e-07
1581280 3.45221e-06
1582840 7.90487e-07
1583428 1.78535e-06
1586405 1.07783e-07
1587737 1.21232e-06
1588353 3.62928e-07
1588383 1.82364e-06
1590106 5.57609e-07
1591752 5.54802e-07
1593727 1.06932e-08
1595091 5.00641e-07
1596600 9.16709e-09
1600978 3.65506e-07
1615826 3.13334e-08
1616343 5.76519e-06
1617014 2.59464e-07
1622670 4.46519e-09
1623860 3.71624e-08
1626288 2.78399e-06
1628847 4.40722e-07
1629051 8.80349e-07
1629058 1.39149e-06
1629622 4.52116e-08
1630288 1.86795e-06
1634734 2.39111e-07
1635773 1.44497e-07
1637752 3.55406e-08
1639732 3.69407e-07
1645434 7.46121e-07
1649449 1.13274e-07
1650495 1.25097e-06
1654916 2.5643e-06
1656737 4.66012e-09
1658478 1.89693e-06
1659282 9.56503e-06
1661224 7.09173e-08
1661736 3.56711e-08
1663177 8.65042e-08
1663748 2.75732e-07
1664200 1.26389e-07
1678644 2.2528e-07
1679066 8.24483e-08
1680469 2.90789e-08
1682593 4.48758e-07
1685300 1.10025e-06
1689076 2.81827e-06
1691420 2.3992e-06
1695208 1.73205e-07
1698441 5.91161e-07
1702535 8.63093e-06
1706578 5.4926e-08
1707493 5.7805e-07
1709731 3.72472e-06
1710780 8.13579e-06
1714894 9.48724e-08
1716322 1.0345e-07
1716404 1.01985e-06
1717959 4.92798e-08
1724174 7.05595e-08
1724593 1.29774e-07
1724595 5.20267e-07
1731449 2.08601e-06
1732007 3.03029e-07
1734096 3.31558e-08
1734476 4.2194e-07
1735438 4.91062e-08
1736233 3.32353e-06
1739416 1.31734e-06
1742412 2.47485e-06
1747347 3.72866e-06
1749366 8.91514e-08
1749758 5.94451e-07
1753318 1.70262e-06
1754348 4.8183e-08
1754704 6.26623e-08
1756373 1.01513e-06
1757421 9.52753e-08
1759476 6.87524e-07
1760292 4.41564e-07
1762473 4.29114e-06
1762619 9.48329e-09
1762886 6.71141e-08
1763315 3.19515e-07
1768794 2.31883e-08
1776743 9.30877e-07
1779014 8.70118e-08
1779621 1.53717e-06
1780510 9.08284e-08
1784095 6.06803e-08
