802737 1.76329e-06
810136 4.96051e-05
811424 0.00630081
811493 8.50422e-06
812609 8.22529e-07
814042 0.00191177
814290 3.46172e-06
815919 1.32514e-05
816246 4.13158e-06
816790 3.98137e-08
817676 2.07042e-06
819921 1.22787e-05
820075 7.12659e-06
820156 4.48177e-06
820180 3.52584e-06
820252 1.42165e-05
820273 2.47628e-06
820518 6.27464e-05
820645 0.000199571
820857 0.000112114
821088 2.86132e-08
821097 3.31799e-05
821145 1.07617e-06
821325 9.43563e-06
821785 0.000702667
821912 2.23993e-07
822153 7.81162e-06
822164 9.20872e-05
822444 2.09823e-06
822530 2.4483e-06
822759 7.06628e-06
823868 7.43087e-07
823901 2.64453e-07
824748 7.52654e-07
825123 5.24973e-06
825223 1.83132e-07
825712 1.76543e-06
826400 3.56823e-08
828102 0.000182396
828606 4.41621e-06
828919 1.09278e-05
829315 5.62433e-06
829794 7.16629e-06
831602 4.14021e-06
831774 7.73608e-05
831831 2.42745e-07
832829 2.00698e-05
833539 5.64866e-08
833762 2.93965e-08
834235 2.06824e-05
834371 2.15387e-05
834641 6.32683e-06
836276 0.00830613
836568 2.67494e-07
838445 1.49538e-05
838758 1.69766e-05
839263 4.03908e-05
839290 3.43797e-06
840206 1.41516e-06
840220 1.66081e-05
840247 0.000371246
843523 8.65959e-06
843897 1.13894e-07
844213 7.33968e-08
844609 5.69504e-07
844752 2.63489e-05
844904 1.52822e-08
846257 1.67328e-08
847376 7.17801e-06
849424 5.29726e-06
850026 2.43219e-06
850193 1.65676e-06
850711 0.000299804
851927 5.52984e-06
854075 2.15946e-07
854673 6.67922e-07
854699 5.94137e-06
855075 6.51155e-06
855693 1.34591e-07
856196 3.8185e-07
857161 1.62538e-06
857554 4.60873e-08
857993 4.63969e-08
860131 3.2221e-06
860496 1.51081e-06
860709 5.17846e-08
862894 2.26975e-05
865090 1.45949e-06
865601 3.25766e-07
866080 5.89871e-08
867174 2.17978e-06
867453 1.61119e-05
867534 3.86283e-06
867675 6.97866e-06
867700 1.62799e-05
868077 1.06118e-06
868271 9.87284e-07
869426 3.5184e-07
869872 2.0522e-05
870295 4.15948e-08
873557 7.57235e-06
873953 5.63189e-06
874115 0.0114629
875696 9.89912e-09
876019 1.84123e-07
878200 2.6853e-06
878501 3.59876e-07
879074 1.31882e-06
879762 1.2728e-07
880475 8.11358e-06
881262 1.44755e-06
882161 6.25886e-07
882419 1.88615e-07
882585 1.68879e-06
882694 1.7034e-06
884856 1.82861e-05
888909 1.99816e-05
889123 0.00019327
889228 3.75892e-05
889270 0.0004201
889930 4.3143e-07
890072 7.4461e-06
890241 2.19324e-07
890343 7.35026e-07
891111 6.69811e-08
891244 1.15929e-05
891548 1.77062e-08
891561 1.86504e-05
891925 2.50943e-05
892136 3.27279e-07
892438 2.3149e-07
892936 3.91394e-06
893257 5.42108e-06
893770 6.21622e-08
893903 5.83684e-06
894086 1.90302e-06
896540 4.9108e-07
897159 9.66979e-06
899195 0.000828905
899220 6.23895e-06
900295 0.000125636
900309 1.30483e-05
901052 5.17009e-07
901101 8.86257e-05
902509 2.68461e-05
903075 1.17648e-08
903391 1.4181e-05
903910 5.81049e-06
903988 2.69559e-07
904652 2.91123e-05
905826 1.48932e-07
906876 7.37267e-05
906895 1.33826e-08
908367 4.69006e-07
908462 3.9216e-05
908575 2.66458e-07
908988 0.00610912
909538 1.00581e-07
910666 2.49894e-07
910713 1.18084e-06
910747 0.000887705
911224 2.68649e-05
912467 2.64599e-07
913072 9.51102e-09
915680 7.67828e-05
916823 1.20893e-05
916903 1.68551e-06
918363 2.12307e-05
918369 2.58955e-06
919308 2.19957e-05
919919 6.155e-07
921062 6.21295e-07
921628 1.49645e-05
921996 1.97165e-05
922533 1.43234e-07
922814 3.49689e-07
924232 1.66193e-06
925086 2.32825e-07
928982 6.49088e-05
929624 3.64688e-05
930502 6.25107e-06
930730 9.76407e-06
933797 1.12638e-06
936840 4.37534e-05
936882 5.26621e-06
938659 1.65916e-07
939582 0.00137645
940284 1.38329e-08
940496 0.00127404
940926 5.06799e-08
941384 4.99138e-06
944240 1.409e-05
945618 8.13638e-05
952378 1.26797e-05
952957 1.0387e-06
953833 4.98153e-06
954734 4.33045e-06
958108 0.000290915
959599 4.90115e-08
961575 5.84461e-07
961854 0.0002238
962808 0.00025768
965366 5.09519e-05
967994 0.000228792
973047 1.80105e-08
974149 9.14552e-05
978003 0.00030016
978893 1.1955e-07
980392 0.00409105
981144 1.84319e-06
981636 1.66581e-08
982944 9.22612e-05
984500 9.97313e-06
986090 0.000575171
987736 9.06053e-06
990110 4.40963e-08
990414 3.93329e-05
990467 1.02362e-06
990679 8.00139e-07
996473 6.66032e-09
996580 4.65153e-05
997386 4.27942e-06
999497 1.23651e-05
1001024 1.02855e-06
1003397 8.67047e-06
1003910 2.52677e-06
1004172 0.000141277
1005444 3.31054e-07
1006552 7.64622e-08
1007181 6.37379e-05
1007684 3.47751e-06
1008549 8.42695e-07
1009038 1.23818e-05
1012411 0.000185904
1012800 2.55978e-07
1014556 5.20552e-07
1014957 1.34403e-08
1016168 2.72115e-08
1020112 4.65223e-06
1020836 8.74746e-09
1021300 2.92203e-05
1022395 4.68888e-06
1022646 1.63195e-07
1022914 5.47338e-05
1022973 1.71754e-05
1023375 0.000970855
1025065 3.16994e-05
1025812 4.07862e-05
1027381 1.19501e-05
1030671 3.63564e-06
1030688 9.64409e-07
1031210 3.77916e-06
1032716 1.85672e-07
1033287 0.000102048
1037933 2.11602e-06
1038182 9.8848e-07
1038188 4.03017e-06
1038720 4.59277e-06
1039089 1.8912e-06
1039577 1.31477e-06
1043323 6.50224e-06
1043975 5.45058e-07
1044911 3.72843e-07
1045114 9.77158e-06
1045418 4.39085e-06
1048454 1.94084e-06
1048636 6.68349e-07
1048850 8.91088e-06
1049176 7.52474e-09
1050140 2.3896e-05
1050703 3.2264e-08
1050829 3.36549e-06
1056294 2.77182e-05
1057246 9.98332e-08
1057776 0.000102113
1059424 5.03198e-08
1060540 2.28701e-05
1070114 7.53486e-08
1070281 2.02443e-07
1071621 3.69504e-08
1073466 4.63207e-08
1073620 2.6335e-06
1076654 1.24748e-07
1081600 7.35773e-07
1082504 8.03811e-09
1082629 4.58715e-08
1084158 0.000102877
1085584 1.45507e-07
1086862 6.49602e-06
1087608 2.85154e-06
1089294 6.99354e-06
1089661 8.66296e-10
1093545 2.65911e-06
1094385 2.53092e-05
1094446 1.64876e-05
1095241 1.87453e-06
1095765 2.22285e-06
1096313 1.47977e-06
1098622 1.84287e-05
1101514 1.6181e-05
1101578 4.30953e-06
1101763 4.84168e-09
1102373 2.25564e-06
1104008 4.0274e-07
1104144 3.16684e-06
1110729 1.55243e-05
1112998 3.51039e-06
1114122 4.15118e-05
1114396 1.48301e-05
1114646 2.03034e-06
1115152 3.96002e-06
1117477 8.683e-09
1121844 5.09334e-06
1122694 1.04241e-05
1123438 6.84234e-05
1125806 3.00706e-05
1127031 1.30924e-06
1128598 7.69489e-08
1131898 1.43563e-06
1134445 4.90081e-06
1134961 1.61607e-06
1135367 1.13156e-06
1138207 2.89329e-05
1139487 1.99737e-07
1139587 2.03732e-05
1142401 3.84546e-06
1142420 1.76781e-08
1143896 1.57348e-05
1143907 7.42637e-06
1143919 5.05789e-05
1145627 1.82299e-06
1145818 2.23737e-06
1146923 2.65373e-05
1152515 5.32345e-06
1152589 3.00838e-05
1153119 1.10545e-06
1153673 3.28192e-06
1156763 8.07755e-08
1158903 0.000171171
1160722 1.20973e-05
1161577 9.61052e-07
1161884 1.89699e-06
1163575 1.10774e-08
1166928 2.84646e-07
1170167 3.26573e-05
1171325 3.14584e-07
1172108 5.12074e-08
1172678 3.00466e-07
1173378 3.43434e-06
1174237 2.02556e-06
1175184 5.13567e-05
1176277 9.07532e-07
1176498 1.26749e-06
1177220 5.7088e-07
1177263 2.3341e-09
1179829 6.75442e-07
1183303 1.33154e-06
1183357 5.55885e-06
1187655 1.14296e-07
1189180 4.06172e-07
1189411 4.68371e-06
1190228 4.98487e-07
1192107 1.19041e-05
1192580 0.000127207
1192953 1.19335e-05
1193085 4.19996e-08
1193272 2.34678e-05
1193463 0.000249176
1196845 1.49325e-05
1197550 1.9346e-06
1200539 8.91475e-07
1201110 8.79324e-06
1201128 1.18948e-05
1203172 3.16994e-08
1203777 4.40522e-06
1205647 2.89295e-05
1213097 8.52958e-08
1217750 7.69292e-07
1218331 1.80242e-08
1219557 2.242e-06
1222889 8.94361e-09
1227458 5.0915e-05
1230169 1.00683e-05
1236869 1.05423e-05
1239176 9.23009e-06
1240664 5.42544e-06
1241043 3.03523e-06
1243534 1.70605e-07
1245752 0.000187848
1247260 6.37203e-07
1255049 3.46688e-06
1255217 0.000275768
1256364 2.40955e-05
1257098 7.07133e-07
1257374 8.39606e-08
1257504 2.55358e-07
1259684 1.72264e-05
1260608 1.08004e-06
1261150 2.98943e-05
1261875 8.59797e-06
1261951 1.04154e-05
1263279 2.17393e-07
1264714 1.21762e-05
1264729 6.72918e-06
1264808 3.26332e-05
1264946 0.000621764
1267128 9.39641e-08
1270767 1.62165e-08
1271157 1.01419e-05
1275641 3.72494e-09
1277137 9.35317e-06
1277555 1.78764e-06
1278865 1.13e-05
1282577 1.53951e-06
1282869 1.04752e-06
1285196 2.39058e-07
1285635 2.85188e-07
1288747 0.000118595
1290107 2.3883e-06
1292455 4.36107e-05
1294495 1.41058e-07
1295227 1.28022e-06
1295890 0.000115996
1296039 1.10961e-06
1301841 6.11099e-07
1307562 1.81618e-05
1309321 3.5526e-06
1310412 2.1287e-06
1310433 6.76715e-06
1310499 5.50998e-06
1310707 1.23691e-07
1310784 7.8126e-07
1311190 9.75321e-05
1317739 0.000282546
1328662 0.000247988
1333678 1.4847e-06
1337598 1.186e-06
1337681 1.99951e-06
1339517 4.24581e-07
1340906 6.82448e-06
1343078 4.14572e-07
1343221 1.76001e-05
1344596 1.57914e-06
1346110 3.39484e-08
1353675 0.000189995
1355723 1.55257e-06
1357459 1.81692e-07
1358025 6.25723e-07
1358074 0.000124751
1358379 1.60576e-05
1358502 2.9238e-05
1360021 9.52822e-07
1361256 1.07302e-06
1361777 2.21796e-08
1362859 2.61587e-06
1363360 5.90656e-09
1364053 2.53108e-07
1365673 1.80448e-08
1366461 9.90778e-06
1366509 4.88629e-06
1368475 2.17064e-07
1368729 2.26284e-06
1369903 1.40218e-07
1370775 1.1161e-07
1372415 2.69146e-05
1372507 5.02969e-07
1373768 3.40626e-06
1373835 2.84991e-05
1374020 8.64302e-06
1374673 1.69147e-07
1376226 2.66272e-05
1376265 9.03359e-06
1376393 9.56799e-08
1378009 1.37704e-05
1379054 2.51839e-07
1380093 1.28377e-07
1381516 4.0075e-05
1384408 3.27339e-07
1387532 4.75059e-06
1388204 1.96668e-07
1389199 6.11317e-05
1390024 4.62223e-06
1390266 4.32142e-06
1390307 2.54687e-06
1390341 4.05348e-06
1390512 7.62847e-09
1393504 1.4588e-06
1393930 1.05476e-08
1395033 3.14432e-08
1397084 9.57806e-07
1397909 2.22822e-06
1399715 1.09845e-06
1399717 7.67851e-07
1401765 6.75182e-07
1404416 5.23335e-07
1404431 6.13714e-07
1404449 2.41613e-06
1404483 1.08309e-06
1407293 2.37463e-05
1413771 2.76094e-05
1415417 1.46724e-07
1415452 2.01171e-07
1416484 1.05175e-07
1416988 3.43645e-08
1418839 5.58497e-07
1419303 5.53923e-06
1421759 2.33746e-06
1423570 8.63135e-07
1423779 1.46229e-07
1424168 1.05604e-06
1425357 8.54812e-06
1427810 2.86656e-06
1427827 6.87783e-06
1431915 1.34654e-06
1433042 4.62446e-06
1433565 3.53654e-07
1433729 1.11481e-07
1434139 1.23758e-06
1436432 3.00462e-05
1439029 1.45463e-05
1440054 2.7045e-07
1440208 3.59476e-08
1440596 1.2475e-06
1441417 8.17465e-09
1441496 1.27945e-06
1447317 2.08683e-06
1448696 1.03974e-06
1450174 7.86827e-08
1451638 4.60318e-06
1453929 2.82365e-06
1457780 2.63553e-07
1458128 9.53627e-08
1461380 5.85758e-06
1461674 9.04505e-06
1462742 1.20888e-07
1462757 2.12644e-05
1463963 5.55292e-08
1464123 3.45076e-05
1465926 1.44452e-08
1468467 4.75464e-07
1471364 3.00539e-06
1471449 1.07448e-08
1471823 1.45779e-07
1476032 0.000193512
1476935 1.26061e-07
1481206 4.86141e-06
1481338 1.25926e-05
1482044 7.92931e-08
1483231 1.08659e-05
1483421 4.2076e-05
1483525 1.7499e-05
1483834 1.10743e-06
1483960 8.52797e-06
1484113 0.0120535
1484438 4.01268e-05
1484903 6.1907e-07
1485273 5.55937e-06
1486160 0.000335201
1486301 0.000767867
1486737 5.39234e-06
1487123 8.3915e-05
1487164 2.42239e-07
1487200 6.73751e-05
1487265 4.34058e-06
1487559 2.79743e-05
1489025 3.20341e-05
1489123 1.96006e-06
1489588 2.92133e-05
1490045 3.28382e-08
1490071 7.26184e-06
1490375 1.99846e-06
1490456 1.19719e-05
1491204 6.20113e-07
1491540 0.00294202
1491551 0.00359719
1491639 2.59512e-05
1495173 1.78811e-05
1495685 6.69209e-08
1496068 1.74923e-07
1496693 3.06616e-05
1497245 1.85913e-06
1498417 0.000479931
1500650 1.81661e-05
1500704 0.000385995
1501097 1.91948e-05
1501642 0.000294752
1502902 1.38747e-07
1504421 2.76586e-07
1507350 2.99343e-05
1508875 0.000560464
1508978 2.50401e-06
1509780 5.3814e-05
1510564 1.54342e-05
1510800 6.93827e-08
1512057 4.0431e-06
1512592 4.02739e-06
1512834 1.84638e-05
1513088 4.2563e-06
1513657 6.84047e-08
1514430 5.77508e-05
1515253 2.78541e-06
1516742 4.18236e-06
1517226 9.71476e-07
1519649 4.09095e-06
1521364 1.44296e-05
1521599 0.000203897
1521636 1.0578e-05
1522653 8.58688e-07
1523510 1.89242e-06
1526355 2.71097e-05
1527693 1.63912e-07
1528604 3.60309e-07
1529457 0.000546124
1530239 1.31659e-06
1531473 3.50935e-07
1532103 5.32718e-07
1533719 1.97066e-05
1534872 1.37828e-06
1535173 1.38162e-07
1535248 3.68063e-06
1535431 1.66824e-05
1535449 8.49499e-05
1538798 5.18585e-08
1541306 1.62487e-07
1542082 2.85274e-07
1542575 7.78335e-06
1543169 6.97589e-06
1543663 2.98916e-06
1544204 2.16398e-05
1544448 4.282e-06
1544844 8.61039e-07
1549675 2.05247e-06
1550474 0.000263367
1550962 5.47063e-08
1554863 0.000104279
1554943 0.00132465
1555011 1.05535e-06
1558061 5.88152e-06
1558290 3.33922e-06
1558355 9.79054e-07
1561281 5.77381e-06
1561415 3.78806e-06
1561612 9.34536e-05
1563619 1.83661e-06
1569353 0.00012832
1571794 4.07822e-06
1571847 1.90433e-05
1577615 1.61782e-05
1585448 3.38694e-07
1586798 6.57042e-06
1587878 1.30056e-05
1588315 0.000148809
1588792 8.84047e-05
1591363 0.00120993
1591371 0.00029779
1597409 6.89781e-08
1597497 0.00208495
1602280 1.39067e-06
1604716 8.55414e-05
1606188 1.23278e-05
1606914 4.39177e-06
1609158 3.45893e-08
1610305 1.94415e-05
1610615 1.19183e-05
1610757 5.88744e-05
1614206 4.19251e-06
1614909 1.24217e-08
1618267 2.39938e-05
1619917 1.52538e-06
1621758 6.89925e-06
1623275 4.85773e-07
1623539 6.65633e-06
1623793 1.39713e-06
1625780 8.28849e-06
1625977 0.000244115
1629813 1.37896e-06
1631410 1.60888e-05
1631424 8.06953e-07
1631460 7.37317e-07
1632131 7.96465e-09
1634795 0.000178113
1634801 3.07756e-06
1636751 1.28733e-08
1637567 5.82239e-06
1637657 1.10841e-07
1641997 1.30812e-06
1642001 1.65767e-05
1644051 2.19602e-08
1645455 0.00160503
1650197 6.53759e-06
1653515 2.01072e-07
1653751 2.25478e-06
1654265 9.50035e-06
1654285 1.72469e-05
1654291 1.57054e-05
1655438 2.29753e-05
1655784 2.53049e-06
1660130 9.11463e-08
1666180 2.66332e-06
1667640 2.45004e-07
1669342 7.72018e-06
1670713 3.86899e-06
1673280 8.22502e-05
1674332 0.000141678
1675654 1.1543e-05
1675976 1.65875e-06
1676580 8.42173e-09
1676939 4.93051e-06
1677882 1.1182e-05
1681569 1.25575e-05
1683074 6.64793e-08
1683108 2.70721e-07
1686811 1.07861e-06
1690430 4.39551e-06
1690859 3.96615e-06
1692070 7.43998e-06
1692094 1.40674e-06
1702435 1.5261e-06
1702442 5.62513e-06
1702499 2.71252e-05
1702514 4.15573e-06
1702658 2.2009e-05
1705716 1.30432e-05
1706208 5.40657e-07
1710729 1.35587e-05
1710946 4.50146e-06
1712753 1.54949e-06
1713089 1.84085e-06
1713096 4.54412e-06
1713140 1.45207e-05
1713714 1.58044e-06
1715253 1.28359e-06
1715668 6.20033e-06
1715863 9.40503e-06
1722797 1.5175e-05
1723333 9.1823e-07
1724342 1.804e-06
1724405 3.19512e-05
1724413 4.4778e-05
1724455 5.64646e-05
1724962 7.96742e-05
1725085 3.86725e-07
1727479 8.39677e-08
1729507 3.68029e-08
1729572 2.82588e-06
1732321 4.83686e-07
1734372 4.26095e-07
1737367 3.65694e-05
1739430 5.49875e-05
1739559 1.87272e-05
1740809 1.173e-05
1743163 4.3387e-09
1743581 6.20811e-08
1743992 5.0582e-05
1744051 3.74542e-07
1744763 1.16128e-07
1747787 9.06058e-08
1748096 3.92478e-05
1748179 2.76952e-07
1750097 6.96019e-05
1752166 1.62741e-08
1754097 6.50099e-08
1754514 3.75439e-07
1754618 6.71663e-08
1754808 1.10882e-07
1755737 3.43833e-06
1755794 2.11714e-07
1757659 5.62384e-08
1757741 3.84689e-08
1758046 3.51632e-08
1758142 1.20946e-07
1758760 1.23937e-06
1758991 2.50484e-06
1761528 2.41555e-05
1762762 5.14872e-07
1765611 7.82164e-07
1765859 5.9484e-07
1767985 6.87137e-08
1768336 3.38539e-07
1768955 1.66452e-07
1769199 1.88926e-07
1769874 7.79573e-08
1771485 2.76081e-08
1771658 9.18638e-07
1775759 6.76724e-07
1780272 1.89286e-05
1780367 4.33657e-06
1782156 4.94395e-07
1785479 1.21836e-06
1785560 1.24354e-05
1786604 3.55331e-07
