93 5.33479e-09
208 1.08582e-07
262 2.36446e-06
299 2.86092e-06
389 6.10848e-07
408 4.48415e-07
518 1.2189e-06
539 2.26254e-06
747 8.95736e-08
778 5.48935e-07
911 1.40737e-06
2108 1.83208e-05
2193 3.76674e-07
2225 2.57866e-06
2268 3.21506e-06
2360 1.83213e-06
2374 1.61954e-06
2491 1.42874e-06
2522 2.07639e-06
2609 1.43512e-06
2636 2.12841e-06
2843 4.80044e-08
2982 4.61974e-07
3756 9.34243e-08
3800 6.49216e-08
3967 1.11193e-07
4017 9.45425e-08
4438 9.72502e-07
4717 2.6991e-07
4926 3.99822e-07
4960 1.48564e-07
5075 8.40226e-08
5358 1.58489e-06
5496 4.35683e-07
5515 4.91359e-07
5919 1.83311e-06
5925 1.98438e-07
6071 1.00204e-07
6223 4.52695e-07
6269 3.0014e-05
6327 1.39607e-07
6356 1.83235e-08
6513 8.64279e-07
6807 7.71535e-08
6938 8.51135e-08
7027 1.68851e-07
7206 1.6999e-08
7320 2.90341e-08
7500 1.33456e-07
7508 1.82003e-07
7660 1.02519e-05
7687 2.61213e-07
8033 1.29128e-07
8069 1.92711e-07
8184 9.27161e-08
8463 5.97421e-08
8592 5.90202e-09
8673 6.26846e-07
8806 3.05201e-08
8839 1.39962e-08
8956 3.56605e-06
9442 1.01183e-08
9548 4.68878e-07
9596 3.45809e-08
10015 3.7265e-08
10804 4.5319e-08
10981 5.84873e-07
11020 1.05888e-07
11176 8.33303e-08
11278 1.02615e-06
11485 2.16511e-08
11518 1.50446e-06
11586 6.55729e-07
11593 4.17687e-08
11838 6.144e-08
12067 2.20128e-07
12309 6.05138e-07
12320 3.72034e-08
12327 4.15811e-08
12503 5.72482e-05
12508 7.28392e-06
12539 6.81156e-06
12598 2.94229e-07
12627 1.43671e-07
12768 2.11212e-07
12822 2.94418e-08
12832 3.33809e-08
12865 7.27606e-08
12967 1.75795e-08
12969 3.15669e-07
13043 1.80627e-07
13045 5.13294e-07
13185 2.97331e-07
13238 1.13729e-06
13725 2.18883e-07
13834 4.80079e-06
13858 7.20477e-08
13949 4.50324e-08
14006 7.47865e-08
14158 8.37405e-07
14246 1.48803e-07
14271 3.99931e-07
14348 2.93398e-08
14374 1.42661e-08
14387 2.93499e-08
14511 2.34938e-07
14532 6.36574e-07
14578 2.9213e-08
14972 1.32993e-07
15068 2.09475e-07
15124 5.17916e-08
15242 5.44686e-08
15287 4.33094e-07
15531 5.22801e-07
15745 6.67498e-07
15821 1.5663e-07
15885 7.22205e-08
15936 7.9271e-07
16187 5.22096e-07
16350 4.95925e-08
16822 4.30649e-07
16944 3.22417e-06
16949 1.35056e-07
16967 4.68185e-07
17007 1.67184e-07
17106 2.66602e-07
17127 1.89284e-07
17287 1.68359e-07
17331 5.14547e-08
17797 2.88774e-08
17826 4.31822e-07
17840 2.73308e-07
17857 2.12061e-07
17937 2.48339e-05
18225 7.21797e-08
18308 1.13315e-06
18309 5.40729e-08
18634 6.82111e-07
18641 1.60889e-06
18656 1.45455e-07
18704 2.96938e-08
18727 1.10079e-06
18810 1.26823e-07
18818 8.21193e-07
18820 2.79148e-08
18945 1.12105e-07
19064 1.40891e-08
19281 0.000374421
19379 1.10422e-06
19382 7.5844e-07
19559 7.50125e-08
19694 1.61005e-08
19756 6.85944e-08
19867 1.76126e-07
19906 9.24805e-08
20398 1.44233e-07
20576 2.68264e-06
20605 1.77638e-08
20682 3.53912e-08
20686 1.78953e-07
20977 3.24218e-06
21033 2.25592e-08
21058 5.62922e-07
21088 4.10774e-08
21148 2.09533e-07
21256 1.85794e-07
21542 6.53272e-07
21561 1.66594e-06
21591 8.50665e-08
21779 1.36173e-08
21893 9.69243e-08
22091 1.24309e-08
22208 1.18766e-07
22338 1.1534e-06
22502 1.58284e-07
22640 9.11074e-08
22937 8.43763e-09
23009 4.73434e-06
23049 1.65462e-08
23073 2.93956e-08
23109 7.34722e-08
23450 1.39138e-08
23489 2.57011e-06
23535 2.77047e-06
24053 2.21137e-08
24081 6.63168e-06
24137 7.64025e-06
24168 9.57889e-08
24525 3.6584e-08
24697 3.64336e-07
24769 5.77214e-07
24928 4.78649e-08
25099 2.21265e-07
25704 4.40953e-07
25750 3.80875e-07
25816 1.37266e-08
26107 7.25994e-08
26249 4.84559e-08
26416 1.27106e-05
26494 1.92252e-08
26629 1.84163e-06
26641 3.28377e-07
26966 7.21142e-07
27144 2.87229e-07
27164 1.20368e-08
27250 4.96775e-06
27270 1.2699e-07
27277 1.8789e-07
27326 3.61331e-06
27347 4.2527e-07
27563 4.72392e-08
27835 7.24889e-08
27847 1.07613e-07
27875 5.09922e-07
27881 1.69103e-05
28109 4.94622e-08
28157 1.02029e-07
28163 2.76679e-07
28270 2.94994e-07
28339 1.91031e-07
28901 7.45346e-08
29036 3.80386e-06
29196 2.17407e-08
29351 4.47131e-07
29364 1.5096e-07
29622 2.70704e-07
29676 7.00203e-07
29914 1.80663e-07
30099 4.36009e-09
30153 6.3609e-07
30196 5.24232e-07
30206 2.65365e-08
30296 3.2829e-09
30359 4.48191e-07
30763 6.77347e-08
31316 4.94645e-08
31969 6.7154e-08
32129 9.61523e-08
32215 5.61648e-07
32412 1.31458e-06
32632 5.78403e-09
33069 3.38745e-08
33138 1.4468e-07
33282 1.99977e-07
33298 1.0234e-07
33457 6.59745e-08
33743 0.00020302
33763 2.13254e-07
33999 2.5233e-07
34095 2.80621e-06
34121 6.15714e-07
34187 2.36455e-06
34249 7.14583e-09
34254 2.64514e-07
34255 2.30945e-07
34308 4.99355e-08
34397 2.58148e-07
34639 2.18528e-09
34880 7.1028e-08
35029 2.24769e-07
35067 1.40838e-07
35166 3.3896e-06
35292 3.70781e-07
35443 1.16811e-06
35870 2.53719e-07
36058 6.17718e-07
36196 3.18097e-07
36461 2.86905e-07
36462 4.69706e-08
36599 3.41803e-08
36843 3.59484e-07
37047 7.73224e-08
37131 1.69296e-06
37132 3.18949e-07
37214 1.79856e-05
37291 1.27864e-06
37527 6.69513e-09
37697 4.12114e-08
37716 9.11613e-07
37876 1.80742e-07
37923 8.18051e-09
37934 3.78413e-07
37951 2.5845e-07
38111 2.29232e-08
38131 2.69757e-07
38133 1.08251e-07
38216 1.2135e-07
38421 4.26186e-07
38757 3.38219e-08
38801 7.51981e-07
39112 1.27174e-07
39181 1.04968e-07
39216 2.08331e-07
39242 2.85738e-08
39464 1.6419e-07
39507 3.56925e-07
39598 1.44258e-07
39637 6.63346e-07
39855 9.55825e-08
40026 7.18425e-07
40041 6.72138e-07
40131 6.61518e-08
40223 3.36091e-07
40289 1.86322e-06
40370 2.37434e-07
40457 2.05112e-07
40643 7.97436e-07
40697 3.24216e-08
40853 4.2324e-07
40909 3.71864e-06
41066 3.65377e-07
41133 1.82176e-07
41155 1.09941e-07
41377 6.12374e-07
41389 1.15969e-08
41406 2.57499e-07
41446 6.01473e-07
41749 3.63683e-07
41792 1.29546e-08
41804 5.32032e-07
42014 4.85316e-08
42024 2.1599e-07
42080 4.89073e-08
42129 1.59917e-07
42247 4.14363e-07
42290 2.37887e-07
42296 2.20518e-06
42379 2.31892e-07
