490872 0.107372
519514 0.0869796
482551 0.016985
1484113 0.0120535
874115 0.0114629
236744 0.0112008
296675 0.0105749
110361 0.00975349
836276 0.00830613
535188 0.00637761
66863 0.00633617
811424 0.00630081
908988 0.00610912
244531 0.005269
495028 0.00448152
236648 0.0042034
980392 0.00409105
1491551 0.00359719
499989 0.00349434
1491540 0.00294202
491222 0.00281899
19281 0.00277784
1597497 0.00208495
814042 0.00191177
236740 0.00173139
491488 0.00165894
69072 0.00162374
608634 0.0016224
1645455 0.00160503
235238 0.00159684
579781 0.00141224
939582 0.00137645
33743 0.00135198
1554943 0.00132465
498529 0.00127629
940496 0.00127404
295630 0.00126816
1591363 0.00120993
1023375 0.000970855
910747 0.000887705
491496 0.000852331
899195 0.000828905
420807 0.000823196
1486301 0.000767867
821785 0.000702667
346619 0.000693382
471641 0.000689668
236257 0.000651403
499525 0.000628999
1264946 0.000621764
986090 0.000575171
235992 0.000562421
1508875 0.000560464
529122 0.000558441
1529457 0.000546124
610570 0.000523621
294430 0.000499465
295508 0.000493869
679388 0.000482056
1498417 0.000479931
153610 0.00046728
677785 0.000462171
430030 0.000456386
235240 0.000455066
382112 0.000431651
889270 0.0004201
295535 0.000413749
236358 0.00040414
1500704 0.000385995
840247 0.000371246
602975 0.000367978
1486160 0.000335201
529203 0.000332368
288807 0.000324232
521251 0.000305172
978003 0.00030016
850711 0.000299804
1591371 0.00029779
295414 0.000295886
1501642 0.000294752
595921 0.000291218
958108 0.000290915
1317739 0.000282546
1255217 0.000275768
1550474 0.000263367
962808 0.00025768
450459 0.000254839
604194 0.000253455
1193463 0.000249176
1328662 0.000247988
1625977 0.000244115
490869 0.000229057
967994 0.000228792
961854 0.0002238
50612 0.000217857
497197 0.000217787
598128 0.000212178
1521599 0.000203897
430894 0.000199843
606701 0.000199818
820645 0.000199571
148795 0.000196354
144948 0.000193546
1476032 0.000193512
889123 0.00019327
12503 0.000190144
1353675 0.000189995
1245752 0.000187848
1012411 0.000185904
828102 0.000182396
52526 0.000181896
677386 0.000181503
1634795 0.000178113
703432 0.000177418
1158903 0.000171171
103481 0.000168503
369175 0.000162166
223728 0.000161893
635785 0.000161288
488890 0.000155596
491535 0.000153102
1588315 0.000148809
123342 0.00014753
488319 0.000142893
1674332 0.000141678
1004172 0.000141277
691753 0.000137579
431395 0.000136274
494593 0.000134031
430031 0.000128405
1569353 0.00012832
1192580 0.000127207
125533 0.000126698
900295 0.000125636
1358074 0.000124751
752437 0.00012376
1288747 0.000118595
1295890 0.000115996
820857 0.000112114
185064 0.000111138
431304 0.000107574
406972 0.000107511
725757 0.000105752
1554863 0.000104279
409081 0.000104063
153602 0.000103636
133082 0.000103618
529172 0.000103289
1084158 0.000102877
1057776 0.000102113
1033287 0.000102048
303063 0.000101325
488143 9.79535e-05
1311190 9.75321e-05
268347 9.68598e-05
537885 9.4461e-05
1561612 9.34536e-05
241326 9.3427e-05
89388 9.29428e-05
982944 9.22612e-05
822164 9.20872e-05
974149 9.14552e-05
536723 9.06593e-05
489558 9.02522e-05
163044 9.0061e-05
901101 8.86257e-05
1588792 8.84047e-05
1604716 8.55414e-05
1535449 8.49499e-05
294899 8.44822e-05
1487123 8.3915e-05
485172 8.38481e-05
1673280 8.22502e-05
629780 8.19918e-05
945618 8.13638e-05
331148 8.03179e-05
1724962 7.96742e-05
831774 7.73608e-05
220904 7.72563e-05
915680 7.67828e-05
68389 7.6401e-05
906876 7.37267e-05
1750097 6.96019e-05
1123438 6.84234e-05
271211 6.74686e-05
1487200 6.73751e-05
606902 6.71088e-05
219985 6.5037e-05
928982 6.49088e-05
1007181 6.37379e-05
332261 6.29345e-05
820518 6.27464e-05
266955 6.23608e-05
263673 6.1167e-05
1389199 6.11317e-05
6269 5.97149e-05
1610757 5.88744e-05
663349 5.80909e-05
1514430 5.77508e-05
1724455 5.64646e-05
746657 5.52212e-05
1739430 5.49875e-05
1022914 5.47338e-05
366181 5.44847e-05
1509780 5.3814e-05
240991 5.37741e-05
2108 5.34898e-05
503729 5.22337e-05
340430 5.21305e-05
218702 5.19187e-05
81610 5.15816e-05
17937 5.14224e-05
1175184 5.13567e-05
710449 5.11286e-05
965366 5.09519e-05
1227458 5.0915e-05
1743992 5.0582e-05
1143919 5.05789e-05
545995 4.98183e-05
798678 4.97779e-05
691798 4.97686e-05
810136 4.96051e-05
37214 4.91187e-05
307473 4.83228e-05
296693 4.77713e-05
726235 4.69119e-05
621908 4.67106e-05
996580 4.65153e-05
120528 4.55013e-05
715582 4.48662e-05
227310 4.48336e-05
1724413 4.4778e-05
782548 4.38519e-05
936840 4.37534e-05
1292455 4.36107e-05
1483421 4.2076e-05
1114122 4.15118e-05
1025812 4.07862e-05
839263 4.03908e-05
1484438 4.01268e-05
1381516 4.0075e-05
990414 3.93329e-05
1748096 3.92478e-05
908462 3.9216e-05
746586 3.78531e-05
889228 3.75892e-05
27881 3.70364e-05
1737367 3.65694e-05
929624 3.64688e-05
269829 3.63824e-05
417847 3.55647e-05
746298 3.55081e-05
235773 3.52564e-05
75649 3.51154e-05
370185 3.50133e-05
12539 3.47398e-05
1464123 3.45076e-05
120509 3.44571e-05
364317 3.44508e-05
821097 3.31799e-05
1170167 3.26573e-05
1264808 3.26332e-05
1489025 3.20341e-05
1724405 3.19512e-05
1025065 3.16994e-05
776518 3.12007e-05
1496693 3.06616e-05
135127 3.05113e-05
708216 3.01486e-05
1152589 3.00838e-05
1125806 3.00706e-05
1436432 3.00462e-05
1507350 2.99343e-05
1261150 2.98943e-05
552230 2.98745e-05
645747 2.94391e-05
296628 2.9357e-05
424847 2.92749e-05
1358502 2.9238e-05
1021300 2.92203e-05
1489588 2.92133e-05
356004 2.91757e-05
904652 2.91123e-05
1138207 2.89329e-05
1205647 2.89295e-05
746547 2.85774e-05
1373835 2.84991e-05
746605 2.82535e-05
76382 2.80514e-05
1487559 2.79743e-05
1056294 2.77182e-05
1413771 2.76094e-05
1702499 2.71252e-05
1526355 2.71097e-05
127693 2.69186e-05
1372415 2.69146e-05
911224 2.68649e-05
902509 2.68461e-05
258732 2.6695e-05
722914 2.6633e-05
1376226 2.66272e-05
1146923 2.65373e-05
245029 2.64016e-05
844752 2.63489e-05
1491639 2.59512e-05
1094385 2.53092e-05
891925 2.50943e-05
206546 2.47836e-05
7660 2.4692e-05
47922 2.46062e-05
746613 2.46042e-05
1761528 2.41555e-05
1256364 2.40955e-05
456849 2.40803e-05
1618267 2.39938e-05
1050140 2.3896e-05
1407293 2.37463e-05
93726 2.35482e-05
1193272 2.34678e-05
640230 2.31943e-05
236634 2.31434e-05
568289 2.3123e-05
1655438 2.29753e-05
1060540 2.28701e-05
862894 2.26975e-05
99831 2.26518e-05
26416 2.25259e-05
196866 2.2285e-05
491608 2.22783e-05
554550 2.2128e-05
1702658 2.2009e-05
919308 2.19957e-05
247480 2.19758e-05
236732 2.19369e-05
102261 2.16814e-05
1544204 2.16398e-05
834371 2.15387e-05
151170 2.1411e-05
1462757 2.12644e-05
918363 2.12307e-05
734657 2.09895e-05
746284 2.07941e-05
135787 2.0777e-05
834235 2.06824e-05
489938 2.05477e-05
420068 2.05224e-05
869872 2.0522e-05
1139587 2.03732e-05
550487 2.03154e-05
832829 2.00698e-05
888909 1.99816e-05
480414 1.9916e-05
921996 1.97165e-05
1533719 1.97066e-05
1610305 1.94415e-05
1501097 1.91948e-05
1571847 1.90433e-05
1780272 1.89286e-05
376749 1.87832e-05
1739559 1.87272e-05
891561 1.86504e-05
465532 1.85584e-05
1512834 1.84638e-05
1098622 1.84287e-05
884856 1.82861e-05
1500650 1.81661e-05
1307562 1.81618e-05
1495173 1.78811e-05
216814 1.77557e-05
247721 1.77323e-05
416224 1.77226e-05
387619 1.76719e-05
1343221 1.76001e-05
1483525 1.7499e-05
158835 1.74351e-05
458484 1.72995e-05
1654285 1.72469e-05
1259684 1.72264e-05
1022973 1.71754e-05
469930 1.71528e-05
667150 1.70357e-05
838758 1.69766e-05
94997 1.67529e-05
1535431 1.66824e-05
840220 1.66081e-05
1642001 1.65767e-05
1094446 1.64876e-05
652177 1.63886e-05
867700 1.62799e-05
1101514 1.6181e-05
1577615 1.61782e-05
562074 1.61528e-05
867453 1.61119e-05
633632 1.60897e-05
1631410 1.60888e-05
1358379 1.60576e-05
455685 1.58644e-05
427314 1.58634e-05
1143896 1.57348e-05
1654291 1.57054e-05
1110729 1.55243e-05
1510564 1.54342e-05
386469 1.53651e-05
382944 1.52352e-05
1722797 1.5175e-05
921628 1.49645e-05
838445 1.49538e-05
1196845 1.49325e-05
745255 1.49298e-05
1114396 1.48301e-05
304834 1.45806e-05
1439029 1.45463e-05
539431 1.45356e-05
1713140 1.45207e-05
102616 1.45106e-05
1521364 1.44296e-05
206840 1.43492e-05
386463 1.42837e-05
820252 1.42165e-05
903391 1.4181e-05
709887 1.41796e-05
944240 1.409e-05
238400 1.40158e-05
514024 1.3938e-05
490685 1.38572e-05
1378009 1.37704e-05
266360 1.37245e-05
1710729 1.35587e-05
699918 1.35101e-05
290474 1.34567e-05
433678 1.33406e-05
495820 1.32854e-05
815919 1.32514e-05
482459 1.32379e-05
263221 1.30501e-05
900309 1.30483e-05
1705716 1.30432e-05
1587878 1.30056e-05
952378 1.26797e-05
1481338 1.25926e-05
1681569 1.25575e-05
490004 1.24939e-05
1785560 1.24354e-05
1009038 1.23818e-05
999497 1.23651e-05
1606188 1.23278e-05
431410 1.23143e-05
819921 1.22787e-05
289421 1.2236e-05
466696 1.21892e-05
1264714 1.21762e-05
1160722 1.20973e-05
916823 1.20893e-05
708807 1.20246e-05
766882 1.20032e-05
1490456 1.19719e-05
1027381 1.19501e-05
1192953 1.19335e-05
1610615 1.19183e-05
1192107 1.19041e-05
1201128 1.18948e-05
180459 1.18559e-05
1740809 1.173e-05
263077 1.16484e-05
602163 1.16216e-05
189727 1.15954e-05
891244 1.15929e-05
12508 1.1557e-05
515208 1.15553e-05
1675654 1.1543e-05
395142 1.14398e-05
1278865 1.13e-05
1677882 1.1182e-05
700358 1.10906e-05
290661 1.09605e-05
828919 1.09278e-05
1483231 1.08659e-05
488355 1.08105e-05
1521636 1.0578e-05
1236869 1.05423e-05
259702 1.04738e-05
1122694 1.04241e-05
1261951 1.04154e-05
388012 1.01883e-05
1271157 1.01419e-05
353003 1.01311e-05
1230169 1.00683e-05
130767 1.00397e-05
984500 9.97313e-06
242543 9.95557e-06
377754 9.94644e-06
27250 9.92322e-06
797728 9.91169e-06
1366461 9.90778e-06
97105 9.88407e-06
259494 9.83476e-06
727342 9.8111e-06
1045114 9.77158e-06
930730 9.76407e-06
448479 9.72291e-06
306942 9.71497e-06
565413 9.70582e-06
897159 9.66979e-06
439305 9.64271e-06
398624 9.57274e-06
24081 9.51522e-06
1654265 9.50035e-06
821325 9.43563e-06
1715863 9.40503e-06
785312 9.3671e-06
1277137 9.35317e-06
78851 9.31349e-06
530006 9.30914e-06
1239176 9.23009e-06
219687 9.18958e-06
374260 9.14251e-06
661963 9.08918e-06
987736 9.06053e-06
1461674 9.04505e-06
1376265 9.03359e-06
267948 8.99523e-06
726932 8.94884e-06
1048850 8.91088e-06
642732 8.84579e-06
259627 8.83901e-06
86684 8.83633e-06
749701 8.81039e-06
1201110 8.79324e-06
496388 8.71472e-06
51187 8.68607e-06
1003397 8.67047e-06
843523 8.65959e-06
1374020 8.64302e-06
1261875 8.59797e-06
1425357 8.54812e-06
1483960 8.52797e-06
811493 8.50422e-06
528197 8.49256e-06
75798 8.4683e-06
781628 8.46789e-06
89237 8.43338e-06
452221 8.42826e-06
493020 8.38794e-06
503864 8.36776e-06
491313 8.33893e-06
198863 8.31815e-06
162238 8.30984e-06
1625780 8.28849e-06
431473 8.27053e-06
469898 8.25136e-06
466554 8.14928e-06
66930 8.11441e-06
880475 8.11358e-06
114958 8.06752e-06
615382 8.05272e-06
691781 8.04877e-06
29036 7.969e-06
190205 7.9002e-06
13834 7.82108e-06
822153 7.81162e-06
1542575 7.78335e-06
288964 7.77588e-06
651431 7.74588e-06
1669342 7.72018e-06
399206 7.65251e-06
148714 7.60708e-06
873557 7.57235e-06
505022 7.5432e-06
236735 7.48911e-06
53741 7.47687e-06
890072 7.4461e-06
1692070 7.43998e-06
1143907 7.42637e-06
250445 7.42448e-06
701238 7.36858e-06
444297 7.36753e-06
643798 7.32012e-06
512213 7.28911e-06
677752 7.26213e-06
1490071 7.26184e-06
847376 7.17801e-06
829794 7.16629e-06
820075 7.12659e-06
272005 7.09589e-06
822759 7.06628e-06
1089294 6.99354e-06
867675 6.97866e-06
1543169 6.97589e-06
314507 6.97161e-06
1621758 6.89925e-06
781099 6.89705e-06
1427827 6.87783e-06
436705 6.84709e-06
1340906 6.82448e-06
1310433 6.76715e-06
508805 6.74183e-06
1264729 6.72918e-06
222653 6.70083e-06
1623539 6.65633e-06
783461 6.62908e-06
781629 6.62468e-06
235878 6.57625e-06
1586798 6.57042e-06
1650197 6.53759e-06
855075 6.51155e-06
1043323 6.50224e-06
1086862 6.49602e-06
570594 6.47937e-06
383952 6.40595e-06
723352 6.34762e-06
834641 6.32683e-06
146398 6.3056e-06
115926 6.27716e-06
930502 6.25107e-06
899220 6.23895e-06
315458 6.23828e-06
1715668 6.20033e-06
443735 6.18909e-06
502737 6.09058e-06
726280 6.00638e-06
799703 5.98224e-06
854699 5.94137e-06
800456 5.93666e-06
781623 5.92144e-06
108221 5.9061e-06
157297 5.89506e-06
136253 5.89399e-06
342490 5.89367e-06
719652 5.88562e-06
1558061 5.88152e-06
1461380 5.85758e-06
893903 5.83684e-06
1637567 5.82239e-06
903910 5.81049e-06
87649 5.80505e-06
1561281 5.77381e-06
280559 5.75685e-06
191835 5.75614e-06
547187 5.74217e-06
247638 5.7401e-06
109950 5.64429e-06
873953 5.63189e-06
1702442 5.62513e-06
829315 5.62433e-06
235993 5.59408e-06
89408 5.58481e-06
1485273 5.55937e-06
1183357 5.55885e-06
1419303 5.53923e-06
851927 5.52984e-06
1310499 5.50998e-06
677981 5.49368e-06
1240664 5.42544e-06
893257 5.42108e-06
488904 5.39278e-06
1486737 5.39234e-06
526817 5.35887e-06
763750 5.3296e-06
1152515 5.32345e-06
849424 5.29726e-06
936882 5.26621e-06
769889 5.25071e-06
825123 5.24973e-06
27326 5.2282e-06
748327 5.15374e-06
62806 5.14656e-06
495101 5.1361e-06
781159 5.12965e-06
781117 5.11976e-06
20977 5.11252e-06
502814 5.10647e-06
1121844 5.09334e-06
151036 5.08921e-06
526599 5.08715e-06
147960 5.05301e-06
941384 4.99138e-06
953833 4.98153e-06
268081 4.96789e-06
1676939 4.93051e-06
215187 4.92708e-06
1134445 4.90081e-06
1366509 4.88629e-06
78681 4.86996e-06
1481206 4.86141e-06
230785 4.85252e-06
781233 4.8237e-06
236720 4.76496e-06
1387532 4.75059e-06
1022395 4.68888e-06
4438 4.68669e-06
1189411 4.68371e-06
675820 4.68358e-06
295517 4.65629e-06
1020112 4.65223e-06
512395 4.64899e-06
1433042 4.62446e-06
1390024 4.62223e-06
1451638 4.60318e-06
105779 4.59699e-06
1038720 4.59277e-06
207803 4.57475e-06
95750 4.57358e-06
640602 4.56229e-06
1713096 4.54412e-06
1710946 4.50146e-06
820156 4.48177e-06
56094 4.45288e-06
263172 4.43962e-06
828606 4.41621e-06
1203777 4.40522e-06
1690430 4.39551e-06
1606914 4.39177e-06
1045418 4.39085e-06
1487265 4.34058e-06
1780367 4.33657e-06
954734 4.33045e-06
1390266 4.32142e-06
1101578 4.30953e-06
545302 4.30877e-06
1544448 4.282e-06
997386 4.27942e-06
781134 4.27282e-06
1513088 4.2563e-06
433158 4.22436e-06
16944 4.20615e-06
529146 4.20467e-06
1614206 4.19251e-06
1516742 4.18236e-06
1702514 4.15573e-06
831602 4.14021e-06
816246 4.13158e-06
1519649 4.09095e-06
176525 4.08858e-06
1571794 4.07822e-06
1390341 4.05348e-06
1512057 4.0431e-06
1038188 4.03017e-06
1512592 4.02739e-06
633492 3.99953e-06
151042 3.99075e-06
223031 3.97567e-06
1690859 3.96615e-06
1115152 3.96002e-06
122608 3.91914e-06
892936 3.91394e-06
1670713 3.86899e-06
867534 3.86283e-06
462844 3.85329e-06
1142401 3.84546e-06
290577 3.7952e-06
1561415 3.78806e-06
1031210 3.77916e-06
595058 3.74717e-06
501870 3.74055e-06
781129 3.7333e-06
785331 3.72763e-06
508346 3.71603e-06
1535248 3.68063e-06
430041 3.64718e-06
1030671 3.63564e-06
474796 3.60926e-06
642817 3.56152e-06
1309321 3.5526e-06
204639 3.54795e-06
820180 3.52584e-06
795431 3.51142e-06
1112998 3.51039e-06
642603 3.47843e-06
1007684 3.47751e-06
1255049 3.46688e-06
814290 3.46172e-06
20576 3.45193e-06
1755737 3.43833e-06
839290 3.43797e-06
1173378 3.43434e-06
391873 3.42898e-06
1373768 3.40626e-06
435169 3.4006e-06
141546 3.38797e-06
1050829 3.36549e-06
282296 3.36182e-06
195114 3.35222e-06
1558290 3.33922e-06
777733 3.31772e-06
159593 3.31124e-06
1153673 3.28192e-06
491305 3.27924e-06
710228 3.26082e-06
860131 3.2221e-06
1104144 3.16684e-06
485975 3.15219e-06
783457 3.11643e-06
654991 3.11358e-06
617771 3.10206e-06
1634801 3.07756e-06
151119 3.06553e-06
1241043 3.03523e-06
321053 3.01679e-06
1471364 3.00539e-06
342902 2.99199e-06
1543663 2.98916e-06
425130 2.98383e-06
76977 2.96253e-06
727023 2.91153e-06
1427810 2.86656e-06
1087608 2.85154e-06
77278 2.83816e-06
766268 2.8313e-06
1729572 2.82588e-06
1453929 2.82365e-06
668853 2.82071e-06
302514 2.81651e-06
1515253 2.78541e-06
698211 2.78228e-06
2522 2.7539e-06
266307 2.74345e-06
430852 2.73965e-06
425713 2.68646e-06
878200 2.6853e-06
492013 2.67823e-06
1666180 2.66332e-06
1093545 2.65911e-06
492292 2.65707e-06
783445 2.64854e-06
50937 2.63636e-06
1073620 2.6335e-06
788704 2.62508e-06
1362859 2.61587e-06
372465 2.59468e-06
918369 2.58955e-06
383017 2.55474e-06
1390307 2.54687e-06
288530 2.53308e-06
1655784 2.53049e-06
1003910 2.52677e-06
449347 2.52386e-06
1758991 2.50484e-06
1508978 2.50401e-06
538527 2.4962e-06
820273 2.47628e-06
265856 2.47488e-06
781154 2.46005e-06
822530 2.4483e-06
850026 2.43219e-06
118911 2.43057e-06
1404449 2.41613e-06
18641 2.40562e-06
798601 2.38905e-06
1290107 2.3883e-06
764362 2.38715e-06
193491 2.37962e-06
1421759 2.33746e-06
510610 2.298e-06
379180 2.26842e-06
1368729 2.26284e-06
65546 2.2609e-06
1102373 2.25564e-06
1653751 2.25478e-06
781815 2.25264e-06
684376 2.25126e-06
1219557 2.242e-06
1145818 2.23737e-06
1397909 2.22822e-06
1095765 2.22285e-06
103777 2.22171e-06
263003 2.2143e-06
453578 2.1974e-06
867174 2.17978e-06
260509 2.15842e-06
72541 2.14973e-06
224623 2.14226e-06
1310412 2.1287e-06
589411 2.12145e-06
265065 2.11793e-06
1037933 2.11602e-06
536725 2.10895e-06
449271 2.10702e-06
638431 2.09924e-06
822444 2.09823e-06
1447317 2.08683e-06
817676 2.07042e-06
412204 2.05974e-06
1549675 2.05247e-06
543058 2.04965e-06
1114646 2.03034e-06
1174237 2.02556e-06
532442 2.02471e-06
168839 2.0057e-06
1337681 1.99951e-06
1490375 1.99846e-06
146283 1.98879e-06
21542 1.96504e-06
510054 1.96397e-06
106830 1.96189e-06
1489123 1.96006e-06
782585 1.94734e-06
1048454 1.94084e-06
1197550 1.9346e-06
489431 1.93325e-06
786398 1.90703e-06
894086 1.90302e-06
1161884 1.89699e-06
1523510 1.89242e-06
1039089 1.8912e-06
490459 1.88354e-06
1095241 1.87453e-06
413829 1.87065e-06
157249 1.86141e-06
1497245 1.85913e-06
197114 1.8546e-06
665730 1.84477e-06
981144 1.84319e-06
1713089 1.84085e-06
1563619 1.83661e-06
1145627 1.82299e-06
336717 1.82268e-06
1724342 1.804e-06
1277555 1.78764e-06
825712 1.76543e-06
802737 1.76329e-06
519560 1.76088e-06
431471 1.74303e-06
450946 1.72367e-06
164706 1.70447e-06
882694 1.7034e-06
882585 1.68879e-06
916903 1.68551e-06
468891 1.66848e-06
924232 1.66193e-06
280461 1.66164e-06
90363 1.66064e-06
1675976 1.65875e-06
850193 1.65676e-06
256175 1.65165e-06
251443 1.64144e-06
773685 1.63936e-06
857161 1.62538e-06
1134961 1.61607e-06
80656 1.614e-06
181362 1.59947e-06
130991 1.58306e-06
1713714 1.58044e-06
1344596 1.57914e-06
151156 1.56709e-06
167639 1.55388e-06
1355723 1.55257e-06
1712753 1.54949e-06
485239 1.54516e-06
1282577 1.53951e-06
234340 1.53198e-06
1702435 1.5261e-06
1619917 1.52538e-06
93440 1.52449e-06
860496 1.51081e-06
639695 1.50405e-06
218180 1.5004e-06
1333678 1.4847e-06
1096313 1.47977e-06
189214 1.46985e-06
865090 1.45949e-06
1393504 1.4588e-06
881262 1.44755e-06
1131898 1.43563e-06
840206 1.41516e-06
1692094 1.40674e-06
1623793 1.39713e-06
1602280 1.39067e-06
1629813 1.37896e-06
1534872 1.37828e-06
92500 1.37825e-06
1431915 1.34654e-06
1183303 1.33154e-06
879074 1.31882e-06
401733 1.31728e-06
1530239 1.31659e-06
1039577 1.31477e-06
1127031 1.30924e-06
1641997 1.30812e-06
507035 1.30347e-06
545377 1.29437e-06
354354 1.28887e-06
772050 1.28547e-06
1715253 1.28359e-06
1295227 1.28022e-06
1441496 1.27945e-06
693182 1.2734e-06
234738 1.27174e-06
158902 1.26791e-06
1176498 1.26749e-06
582332 1.26399e-06
1440596 1.2475e-06
1758760 1.23937e-06
1434139 1.23758e-06
238560 1.22922e-06
1785479 1.21836e-06
232300 1.19211e-06
1337598 1.186e-06
910713 1.18084e-06
56650 1.1784e-06
26966 1.17114e-06
406318 1.16878e-06
151049 1.14214e-06
219674 1.13888e-06
1135367 1.13156e-06
933797 1.12638e-06
1296039 1.10961e-06
1483834 1.10743e-06
1153119 1.10545e-06
121237 1.09857e-06
1399715 1.09845e-06
707476 1.09591e-06
561168 1.09277e-06
509100 1.08618e-06
1404483 1.08309e-06
1260608 1.08004e-06
1686811 1.07861e-06
388291 1.07843e-06
821145 1.07617e-06
1361256 1.07302e-06
868077 1.06118e-06
223873 1.05976e-06
1424168 1.05604e-06
1555011 1.05535e-06
763763 1.05126e-06
1282869 1.04752e-06
1448696 1.03974e-06
952957 1.0387e-06
1001024 1.02855e-06
171163 1.02697e-06
568845 1.02525e-06
990467 1.02362e-06
302389 1.01767e-06
490938 1.00985e-06
233137 9.91375e-07
1038182 9.8848e-07
868271 9.87284e-07
213650 9.82629e-07
1558355 9.79054e-07
45998 9.78157e-07
1517226 9.71476e-07
583905 9.6739e-07
477563 9.66695e-07
1030688 9.64409e-07
1161577 9.61052e-07
1397084 9.57806e-07
1360021 9.52822e-07
371092 9.40284e-07
175670 9.23004e-07
1771658 9.18638e-07
1723333 9.1823e-07
443331 9.17396e-07
398110 9.07595e-07
1176277 9.07532e-07
1200539 8.91475e-07
325221 8.8503e-07
242843 8.84182e-07
433719 8.75096e-07
457818 8.70115e-07
1423570 8.63135e-07
1544844 8.61039e-07
1522653 8.58688e-07
1008549 8.42695e-07
812609 8.22529e-07
45972 8.19718e-07
353703 8.18092e-07
1631424 8.06953e-07
990679 8.00139e-07
788297 7.87141e-07
1765611 7.82164e-07
1310784 7.8126e-07
631776 7.77985e-07
1217750 7.69292e-07
491229 7.68806e-07
1399717 7.67851e-07
115784 7.59683e-07
369275 7.55572e-07
824748 7.52654e-07
132806 7.50145e-07
823868 7.43087e-07
1631460 7.37317e-07
1081600 7.35773e-07
890343 7.35026e-07
1257098 7.07133e-07
780887 7.05196e-07
776610 7.00303e-07
60678 6.84553e-07
720886 6.8245e-07
1775759 6.76724e-07
1179829 6.75442e-07
1401765 6.75182e-07
719656 6.70438e-07
1048636 6.68349e-07
854673 6.67922e-07
699537 6.63117e-07
440676 6.50501e-07
500756 6.46479e-07
169505 6.41238e-07
750872 6.39209e-07
1247260 6.37203e-07
710584 6.26442e-07
882161 6.25886e-07
1358025 6.25723e-07
921062 6.21295e-07
1491204 6.20113e-07
1484903 6.1907e-07
919919 6.155e-07
1404431 6.13714e-07
551109 6.11197e-07
1301841 6.11099e-07
63602 6.06697e-07
1765859 5.9484e-07
456372 5.94473e-07
649142 5.92349e-07
961575 5.84461e-07
1177220 5.7088e-07
844609 5.69504e-07
1418839 5.58497e-07
1043975 5.45058e-07
445376 5.42131e-07
1706208 5.40657e-07
517789 5.40387e-07
103482 5.33532e-07
1532103 5.32718e-07
1404416 5.23335e-07
1014556 5.20552e-07
901052 5.17009e-07
1762762 5.14872e-07
25750 5.1187e-07
1372507 5.02969e-07
1190228 4.98487e-07
1782156 4.94395e-07
896540 4.9108e-07
148170 4.90096e-07
1623275 4.85773e-07
54560 4.8437e-07
1732321 4.83686e-07
448436 4.82664e-07
433027 4.76373e-07
1468467 4.75464e-07
908367 4.69006e-07
503003 4.66661e-07
51377 4.51693e-07
889930 4.3143e-07
16822 4.30649e-07
516176 4.29958e-07
715614 4.29105e-07
1734372 4.26095e-07
1339517 4.24581e-07
394449 4.23223e-07
1343078 4.14572e-07
521204 4.1406e-07
1189180 4.06172e-07
1104008 4.0274e-07
199986 3.87615e-07
1725085 3.86725e-07
856196 3.8185e-07
1754514 3.75439e-07
1744051 3.74542e-07
755853 3.73934e-07
1044911 3.72843e-07
130982 3.70167e-07
548136 3.68793e-07
114097 3.62656e-07
1528604 3.60309e-07
878501 3.59876e-07
428417 3.58135e-07
1786604 3.55331e-07
1433565 3.53654e-07
869426 3.5184e-07
1531473 3.50935e-07
922814 3.49689e-07
51666 3.4895e-07
455405 3.48384e-07
71516 3.41498e-07
773125 3.40499e-07
714148 3.39553e-07
1585448 3.38694e-07
1768336 3.38539e-07
215724 3.34806e-07
455641 3.34087e-07
1005444 3.31054e-07
492236 3.29574e-07
1384408 3.27339e-07
892136 3.27279e-07
865601 3.25766e-07
463143 3.23683e-07
1171325 3.14584e-07
219023 3.12583e-07
321032 3.08808e-07
1172678 3.00466e-07
167683 2.93042e-07
50655 2.91406e-07
311378 2.8587e-07
1542082 2.85274e-07
1285635 2.85188e-07
1166928 2.84646e-07
48513 2.81912e-07
1748179 2.76952e-07
28163 2.76679e-07
1504421 2.76586e-07
1683108 2.70721e-07
1440054 2.7045e-07
903988 2.69559e-07
836568 2.67494e-07
908575 2.66458e-07
912467 2.64599e-07
823901 2.64453e-07
1457780 2.63553e-07
487211 2.63471e-07
7687 2.61213e-07
571993 2.57585e-07
1012800 2.55978e-07
435229 2.55764e-07
1257504 2.55358e-07
409588 2.54543e-07
1364053 2.53108e-07
1379054 2.51839e-07
431950 2.50748e-07
910666 2.49894e-07
768365 2.46638e-07
757657 2.4517e-07
1667640 2.45004e-07
432797 2.44731e-07
831831 2.42745e-07
1487164 2.42239e-07
1285196 2.39058e-07
404182 2.3417e-07
470656 2.32918e-07
925086 2.32825e-07
257330 2.3153e-07
892438 2.3149e-07
763744 2.27741e-07
35029 2.24769e-07
821912 2.23993e-07
25099 2.21265e-07
890241 2.19324e-07
1263279 2.17393e-07
1368475 2.17064e-07
854075 2.15946e-07
1755794 2.11714e-07
67735 2.11267e-07
145133 2.10002e-07
1070281 2.02443e-07
1415452 2.01171e-07
781133 2.01144e-07
1653515 2.01072e-07
1139487 1.99737e-07
1388204 1.96668e-07
642582 1.96349e-07
268169 1.91004e-07
1769199 1.88926e-07
882419 1.88615e-07
21256 1.85794e-07
1032716 1.85672e-07
876019 1.84123e-07
825223 1.83132e-07
1357459 1.81692e-07
670111 1.81504e-07
395032 1.78332e-07
1496068 1.74923e-07
72446 1.74438e-07
1243534 1.70605e-07
1374673 1.69147e-07
1768955 1.66452e-07
938659 1.65916e-07
1527693 1.63912e-07
1022646 1.63195e-07
1541306 1.62487e-07
53890 1.55727e-07
517063 1.54268e-07
556938 1.5387e-07
769867 1.51482e-07
905826 1.48932e-07
586930 1.48046e-07
1415417 1.46724e-07
54695 1.46372e-07
1423779 1.46229e-07
1471823 1.45779e-07
1085584 1.45507e-07
484093 1.44528e-07
922533 1.43234e-07
572744 1.41369e-07
1294495 1.41058e-07
1369903 1.40218e-07
1502902 1.38747e-07
1535173 1.38162e-07
390917 1.34825e-07
855693 1.34591e-07
335210 1.29782e-07
223814 1.29125e-07
1380093 1.28377e-07
879762 1.2728e-07
1476935 1.26061e-07
238446 1.25641e-07
1076654 1.24748e-07
1310707 1.23691e-07
1758142 1.20946e-07
1462742 1.20888e-07
978893 1.1955e-07
777253 1.17639e-07
62442 1.17145e-07
1744763 1.16128e-07
1187655 1.14296e-07
843897 1.13894e-07
244842 1.12447e-07
1370775 1.1161e-07
1433729 1.11481e-07
721926 1.10998e-07
1754808 1.10882e-07
1637657 1.10841e-07
661995 1.08745e-07
1416484 1.05175e-07
748416 1.03298e-07
471289 1.02362e-07
7027 1.00783e-07
909538 1.00581e-07
1057246 9.98332e-08
379210 9.97615e-08
374493 9.94758e-08
1376393 9.56799e-08
1458128 9.53627e-08
1267128 9.39641e-08
782576 9.39013e-08
1660130 9.11463e-08
1747787 9.06058e-08
375536 8.58152e-08
408176 8.55579e-08
1213097 8.52958e-08
1727479 8.39677e-08
1257374 8.39606e-08
79493 8.1938e-08
1156763 8.07755e-08
1482044 7.92931e-08
1450174 7.86827e-08
1769874 7.79573e-08
1128598 7.69489e-08
1006552 7.64622e-08
1070114 7.53486e-08
536446 7.45426e-08
534254 7.37409e-08
580185 7.35864e-08
844213 7.33968e-08
320170 6.94896e-08
1510800 6.93827e-08
1597409 6.89781e-08
1767985 6.87137e-08
183571 6.86951e-08
1513657 6.84047e-08
101833 6.8357e-08
80510 6.79191e-08
1754618 6.71663e-08
891111 6.69811e-08
1495685 6.69209e-08
1683074 6.64793e-08
38216 6.60025e-08
337611 6.58032e-08
55199 6.57524e-08
1754097 6.50099e-08
511539 6.46522e-08
337821 6.44426e-08
893770 6.21622e-08
1743581 6.20811e-08
732718 6.04142e-08
391029 6.00896e-08
259284 5.90784e-08
866080 5.89871e-08
90291 5.87722e-08
833539 5.64866e-08
1757659 5.62384e-08
553486 5.60177e-08
648032 5.59938e-08
1463963 5.55292e-08
487194 5.53175e-08
608659 5.50369e-08
87775 5.49229e-08
1550962 5.47063e-08
1538798 5.18585e-08
860709 5.17846e-08
1172108 5.12074e-08
940926 5.06799e-08
1059424 5.03198e-08
748531 4.97652e-08
341575 4.96907e-08
959599 4.90115e-08
496067 4.8687e-08
551471 4.73921e-08
857993 4.63969e-08
1073466 4.63207e-08
857554 4.60873e-08
1082629 4.58715e-08
637112 4.42506e-08
990110 4.40963e-08
1193085 4.19996e-08
870295 4.15948e-08
398415 4.14559e-08
816790 3.98137e-08
740669 3.94721e-08
1757741 3.84689e-08
1071621 3.69504e-08
1729507 3.68029e-08
1440208 3.59476e-08
826400 3.56823e-08
1758046 3.51632e-08
1609158 3.45893e-08
1416988 3.43645e-08
68403 3.42154e-08
466726 3.40858e-08
1346110 3.39484e-08
293064 3.36e-08
1490045 3.28382e-08
544919 3.25004e-08
1050703 3.2264e-08
428879 3.2247e-08
578691 3.1975e-08
1203172 3.16994e-08
1395033 3.14432e-08
541193 3.10318e-08
18704 2.96938e-08
833762 2.93965e-08
465995 2.90235e-08
688399 2.89242e-08
821088 2.86132e-08
1771485 2.76081e-08
1016168 2.72115e-08
528434 2.52636e-08
431160 2.36733e-08
393492 2.31867e-08
231784 2.23646e-08
1361777 2.21796e-08
23073 2.20953e-08
1644051 2.19602e-08
241716 2.15993e-08
161846 1.97657e-08
464593 1.92648e-08
566062 1.87188e-08
1365673 1.80448e-08
1218331 1.80242e-08
973047 1.80105e-08
891548 1.77062e-08
1142420 1.76781e-08
60808 1.73961e-08
846257 1.67328e-08
981636 1.66581e-08
445013 1.66308e-08
1752166 1.62741e-08
1270767 1.62165e-08
771698 1.53983e-08
844904 1.52822e-08
225057 1.45457e-08
1465926 1.44452e-08
279275 1.42836e-08
474470 1.39883e-08
940284 1.38329e-08
1014957 1.34403e-08
906895 1.33826e-08
234265 1.32024e-08
176564 1.29351e-08
1636751 1.28733e-08
224442 1.25944e-08
1614909 1.24217e-08
524019 1.23468e-08
324157 1.23372e-08
903075 1.17648e-08
598001 1.17181e-08
1163575 1.10774e-08
1471449 1.07448e-08
1393930 1.05476e-08
875696 9.89912e-09
167067 9.85792e-09
913072 9.51102e-09
1222889 8.94361e-09
785752 8.88036e-09
1020836 8.74746e-09
1117477 8.683e-09
1676580 8.42173e-09
1441417 8.17465e-09
1082504 8.03811e-09
1632131 7.96465e-09
1390512 7.62847e-09
1049176 7.52474e-09
213115 7.36277e-09
996473 6.66032e-09
787217 6.65197e-09
1363360 5.90656e-09
700182 5.54735e-09
571921 5.26214e-09
1101763 4.84168e-09
675355 4.36552e-09
283204 4.34777e-09
1743163 4.3387e-09
1275641 3.72494e-09
250140 3.19557e-09
617682 3.05183e-09
1177263 2.3341e-09
174250 1.92742e-09
704859 1.80752e-09
97851 1.17183e-09
332930 1.04044e-09
534438 9.30658e-10
1089661 8.66296e-10
771611 5.95581e-10
