1004172 0.0132962
980392 0.00670059
821785 0.00621296
836276 0.00600937
1597497 0.0054696
1484113 0.00527524
908988 0.00496658
1645455 0.00488412
1285196 0.00466055
1476032 0.00456843
1491540 0.00436353
828102 0.00434135
820273 0.00413664
940496 0.00401162
874115 0.00387225
1529457 0.00374628
1591363 0.00371083
1373835 0.00358594
1023375 0.00339288
1610305 0.00297695
1521599 0.00288886
974149 0.00287918
1491551 0.00285927
1384408 0.00273933
840247 0.00267516
889270 0.00246639
1500650 0.002449
839263 0.00239205
820075 0.0023546
1513088 0.00232599
811424 0.00231675
814042 0.00203589
939582 0.00201783
1561612 0.00188633
1353675 0.00184975
1436432 0.00183452
820645 0.00179396
1554943 0.00167489
1495173 0.00162548
1376265 0.00156108
1311190 0.00155851
820252 0.00155582
999497 0.00152594
1724455 0.00150353
1498417 0.00146368
1508875 0.00144759
1634795 0.00138729
1625977 0.00132986
1591371 0.00132788
910747 0.00132235
1020112 0.00130761
1288747 0.00129281
986090 0.00128483
962808 0.00126303
1780367 0.00123106
1292455 0.00122852
958108 0.00120993
908462 0.00120823
1205647 0.0012054
1358074 0.00118926
903391 0.00118845
860496 0.00117857
820518 0.00117434
1618267 0.00113401
1507350 0.00112973
1750097 0.00112149
1175184 0.00111325
1295890 0.00110987
1549675 0.00110276
1604716 0.00108819
854075 0.00107561
1071621 0.00105626
978003 0.00103519
1158903 0.00100552
1264946 0.00099444
1674332 0.000980759
1637657 0.000978283
916823 0.000953825
1739430 0.00094622
1012411 0.00094382
1569353 0.000934582
1681569 0.000931193
990414 0.00093101
1048850 0.000926127
1317739 0.000921083
1421759 0.000910944
1419303 0.00088815
1527693 0.000885398
889123 0.000872341
810136 0.000869701
1724962 0.000866198
1500704 0.000854666
873557 0.000854138
1240664 0.000851215
1114396 0.000845922
908367 0.000786603
1486160 0.000778375
850711 0.000763377
1143919 0.000758356
1653751 0.000740372
1461380 0.000737419
1030671 0.000734071
921996 0.000733741
1765611 0.00073246
1515253 0.000725859
1179829 0.000722237
906895 0.000721793
1245752 0.000719206
876019 0.000713264
1483834 0.000711216
1748096 0.000711006
1193463 0.00070898
1490071 0.000707524
1486737 0.000704368
1007684 0.000689918
1510564 0.000679767
1085584 0.00067336
944240 0.000670489
844213 0.000661166
1724405 0.00065012
1389199 0.000649862
834641 0.000644024
1676939 0.000638296
834371 0.000628276
1261951 0.000625371
1380093 0.000624247
1255217 0.000623221
1587878 0.000622274
1481338 0.000611802
1486301 0.000611759
945618 0.000599766
890241 0.000599277
1264808 0.000595687
1433042 0.000589423
817676 0.000586168
838445 0.000584242
1690859 0.000583421
1677882 0.000564683
899195 0.000561675
891244 0.000560243
1675654 0.000555739
1358502 0.000551383
1743992 0.000550386
875696 0.00054775
889228 0.000545609
906876 0.000542939
824748 0.000542598
869872 0.000540311
915680 0.000537374
1483421 0.000534581
903075 0.000532666
1743581 0.000525547
1328662 0.000522073
821097 0.00052195
1021300 0.00051887
961854 0.000512897
1261150 0.000510852
1094385 0.000510781
1561415 0.000509189
1558290 0.000505862
1433565 0.000501113
1256364 0.000500312
1673280 0.000499103
1654285 0.000498214
1491204 0.000497665
1496068 0.000494749
1374020 0.000493793
1277137 0.000491628
1355723 0.000491597
1022395 0.000486061
1381516 0.000485803
894086 0.000482643
1407293 0.000478541
1666180 0.000477714
967994 0.000477216
1413771 0.000477001
891925 0.000473336
1230169 0.000467569
1031210 0.00046694
821145 0.000466866
916903 0.000466408
1236869 0.000465528
1464123 0.000464906
1655438 0.000460844
1170167 0.00045857
912467 0.000456905
820857 0.000456463
1073620 0.000456131
897159 0.000453644
928982 0.000453448
1397084 0.000452168
1550474 0.000446712
1619917 0.000442198
1758046 0.000437069
867700 0.000434268
1399715 0.000431119
1465926 0.000424454
1692094 0.000423312
1501097 0.000422207
1390512 0.000418498
1535431 0.000418286
941384 0.000417965
1059424 0.000417098
1022914 0.000416602
811493 0.000414422
1139587 0.00040654
1610757 0.000403375
1357459 0.000395144
1416988 0.000393099
834235 0.000392714
1713096 0.00039243
921628 0.000391703
1710729 0.000390534
1033287 0.000390272
816246 0.000389536
1082629 0.000388762
1744763 0.000388582
1512834 0.000385303
1003910 0.00038497
1508978 0.000384887
965366 0.000384663
867453 0.000384172
1192580 0.00038357
831774 0.000379892
1431915 0.000378989
1732321 0.00037047
882585 0.000367492
1114122 0.000365163
952378 0.000364452
836568 0.000363591
1433729 0.000361542
1415452 0.000361279
929624 0.000360934
1192953 0.00036075
1282869 0.000357265
821325 0.00035382
1025065 0.000353025
1310412 0.000352664
838758 0.000351313
1057776 0.00035033
825123 0.000349879
1755737 0.00034424
1007181 0.000342868
822759 0.000341448
1084158 0.000338684
846257 0.000338049
833762 0.000331076
860131 0.000330838
1724413 0.000328437
1366461 0.000328036
1045418 0.000327157
1501642 0.00032651
1050703 0.000324892
904652 0.000324134
1533719 0.000323949
1374673 0.000323949
900295 0.000323784
1586798 0.000322869
849424 0.000322414
1121844 0.000321058
1739559 0.000320975
867174 0.000320433
1526355 0.000308822
1621758 0.000307427
1512592 0.000307293
1193272 0.000306693
936840 0.000306225
919308 0.000304324
867534 0.000300487
1588315 0.000299606
1519649 0.000299522
812609 0.000298643
1152589 0.0002986
1183303 0.000298486
1376226 0.000297981
1290107 0.000296089
1153119 0.000294736
1487200 0.00029375
1654291 0.000293705
1123438 0.000293216
1702658 0.000292173
1275641 0.000292081
1127031 0.000290151
982944 0.00029008
1048636 0.000286426
919919 0.000286366
1022646 0.000286324
1189411 0.000285139
1496693 0.000283154
1390266 0.000282748
911224 0.000282126
1768336 0.000282106
1152515 0.000281631
1056294 0.000279843
1310707 0.000279787
1376393 0.000278908
1758991 0.000278905
1550962 0.000278864
1710946 0.000278474
1379054 0.000276233
1481206 0.000275682
1690430 0.000274823
1271157 0.000273427
1038182 0.000269862
840220 0.000268248
1038720 0.000267071
1373768 0.000265974
1060540 0.000262706
862894 0.000259928
1333678 0.000258785
1115152 0.000258766
930730 0.000258516
865601 0.000258222
850026 0.000255932
1670713 0.000255904
1201110 0.000255614
1606188 0.000255425
987736 0.000254753
890072 0.000254459
1095765 0.000254308
1166928 0.000253502
978893 0.00025161
1025812 0.000250769
1087608 0.000250397
1343221 0.000247664
908575 0.000246285
1045114 0.000244555
1102373 0.000244537
1114646 0.000244267
890343 0.000243661
802737 0.000243557
1366509 0.000242262
1686811 0.000242022
1484438 0.0002419
1623539 0.000240829
1360021 0.000240565
1767985 0.000240473
1094446 0.000239823
1218331 0.000239577
882161 0.000239503
936882 0.000238795
909538 0.000237793
1340906 0.000236573
1502902 0.000236501
1487559 0.000236188
1171325 0.000236088
961575 0.000235945
930502 0.000235795
884856 0.000235562
1201128 0.000234185
1086862 0.000234183
1128598 0.000233949
1535449 0.000232429
1769199 0.000231845
973047 0.000229206
1257504 0.00022869
1563619 0.000227812
1370775 0.000226939
1531473 0.000225868
1471823 0.000225031
1521364 0.000224469
1003397 0.00022422
1722797 0.000223481
1358379 0.000221866
1044911 0.000221758
1542082 0.000219854
1346110 0.000219298
1101514 0.000219235
1491639 0.000219234
1740809 0.000218873
1197550 0.000218655
1509780 0.000217559
1277555 0.000217099
822164 0.000216862
1368729 0.000216374
1544448 0.00021616
857554 0.000214876
1264714 0.00021467
1457780 0.000212452
1217750 0.000212295
1544844 0.0002116
1521636 0.000209516
1227458 0.000209403
1543169 0.00020929
959599 0.000209257
1610615 0.000209128
1239176 0.000209079
1027381 0.000208347
865090 0.000207454
996580 0.000206864
1485273 0.000206106
1282577 0.000206102
1339517 0.0002053
1554863 0.000205157
1070281 0.000204582
901101 0.000204395
1138207 0.000204262
922814 0.000203458
1363360 0.000203315
1177220 0.000201828
879762 0.000200823
1487265 0.000200457
1535173 0.000200155
1089661 0.000200087
1192107 0.000199675
1771658 0.000199582
839290 0.000199115
843523 0.000198683
1423779 0.000198593
1650197 0.000198474
913072 0.000197711
1483231 0.000197247
854699 0.000197072
921062 0.000196999
1110729 0.000196715
1425357 0.000195756
1747787 0.000194973
1259684 0.000193851
1490456 0.000193758
867675 0.000192886
1172678 0.000191563
1775759 0.000190027
1039577 0.000189462
1310784 0.000188529
1532103 0.000188233
1125806 0.00018754
1758142 0.000187389
851927 0.00018571
1655784 0.000185371
828606 0.000185282
873953 0.000183842
1702514 0.000183675
1723333 0.000183122
1516742 0.000183111
984500 0.000182585
1267128 0.000181575
1757659 0.000180077
1514430 0.00017977
1395033 0.000179272
1786604 0.000178327
1082504 0.000177962
1012800 0.000177652
1528604 0.000177199
990467 0.000177142
1416484 0.000175989
1490375 0.000175814
1131898 0.000175572
1368475 0.000175332
1098622 0.000175186
953833 0.00017477
1780272 0.000174712
1016168 0.000174675
990110 0.000174183
1762762 0.00017376
1397909 0.000173551
1378009 0.000172813
850193 0.000172237
1743163 0.000172191
1636751 0.000171768
933797 0.000171125
1200539 0.000170965
892438 0.00017074
1362859 0.000170567
1081600 0.000169759
1372507 0.000169551
1307562 0.000169317
878200 0.000169176
1713089 0.000167687
1361256 0.000167609
1203172 0.000167445
1441496 0.000165984
1471364 0.000165851
1020836 0.00016535
1390024 0.000163495
1142420 0.000162073
1623275 0.000161732
1143896 0.000161221
888909 0.000160411
1758760 0.000160311
1461674 0.000160146
1196845 0.000159111
1561281 0.000158558
1050140 0.000158429
1614206 0.000158207
1294495 0.000157868
1755794 0.000157757
1705716 0.000157575
1692070 0.000157517
844904 0.000157214
882694 0.000156773
1683108 0.000156102
918369 0.000155735
1702442 0.000155652
1142401 0.000154743
1451638 0.000154637
1073466 0.000154055
1768955 0.000153673
1296039 0.000153417
1571847 0.000152144
1264729 0.000152109
892936 0.000152004
1487164 0.000151837
1401765 0.000151168
844609 0.000150838
881262 0.000150512
910713 0.000150248
1039089 0.000150121
1448696 0.000150033
990679 0.000149998
1263279 0.000149908
840206 0.000149895
1050829 0.000149867
821088 0.000148513
1203777 0.000148423
1471449 0.000147812
866080 0.000147594
1754514 0.000147196
1765859 0.000147133
902509 0.000147039
891111 0.000146796
822530 0.000146476
1183357 0.000146251
1544204 0.000145784
1702499 0.00014545
878501 0.000145141
925086 0.00014489
1160722 0.000144695
1093545 0.000144379
1101763 0.000144361
1715253 0.000143782
822153 0.000143629
816790 0.000142714
1476935 0.000142597
1022973 0.000142521
1270767 0.000142364
1771485 0.000141807
1588792 0.000141628
1243534 0.000141464
1163575 0.000141252
1748179 0.000141249
1095241 0.000141244
1725085 0.000141164
1629813 0.000141144
1489025 0.000140735
1117477 0.000140602
1534872 0.00014017
1757741 0.000139938
1285635 0.000139796
1468467 0.000139761
1504421 0.000139731
1713140 0.000139126
826400 0.000139099
893770 0.000138803
1009038 0.000138336
1361777 0.000137684
1462742 0.00013758
1161884 0.000137346
1754808 0.000137134
1247260 0.000137088
829315 0.000136965
1173378 0.000136884
1176277 0.000136735
831602 0.000136292
901052 0.000135996
1702435 0.000135621
1213097 0.000135303
1423570 0.000135229
1609158 0.000135119
843897 0.000135077
918363 0.000134473
1134445 0.000134384
1364053 0.000133943
1462757 0.000133379
814290 0.000132941
900309 0.00013283
1632131 0.000132592
1597409 0.000132538
1447317 0.000131661
1625780 0.000131491
1453929 0.000131094
952957 0.000131025
1387532 0.000130396
1043323 0.000130112
1558355 0.000130112
1344596 0.000130026
1487123 0.000129854
1614909 0.000129258
831831 0.000129232
1005444 0.000129024
1358025 0.000129018
833539 0.000128735
889930 0.000128499
1337681 0.000127949
1754097 0.00012793
1715668 0.000127689
899220 0.000127577
1176498 0.000127397
1134961 0.000127202
1014556 0.000126731
1145818 0.000126225
1001024 0.000125796
1260608 0.00012478
1301841 0.000124463
1653515 0.000124264
1782156 0.000123769
910666 0.000123733
832829 0.000123498
1727479 0.000123117
1122694 0.000122802
1675976 0.000122766
1190228 0.000122639
1399717 0.000122398
1712753 0.000122228
1057246 0.000122076
1139487 0.000121996
1785560 0.000121221
856196 0.000121219
1393504 0.000120989
954734 0.000120871
1641997 0.000120742
1510800 0.000120704
1522653 0.000120526
1769874 0.000120133
1558061 0.000120131
1255049 0.000119956
1631410 0.000119956
1734372 0.000119638
1310433 0.000119629
1427827 0.00011879
1145627 0.000118709
1187655 0.000118659
1174237 0.000118635
1634801 0.000118624
1489123 0.000118403
1424168 0.00011804
997386 0.000118036
1512057 0.000117931
1037933 0.000117488
1754618 0.000117429
1683074 0.00011738
1495685 0.000117378
1418839 0.000117313
1415417 0.000116872
1631460 0.000116579
820156 0.000116145
1189180 0.000116092
1644051 0.000115995
891548 0.00011591
1440596 0.000115866
1372415 0.000115647
1441417 0.000115593
1369903 0.000115547
1112998 0.000115427
1737367 0.000115424
1048454 0.000115194
860709 0.000114964
1517226 0.000114944
1309321 0.000114869
1295227 0.000114816
1482044 0.000114784
882419 0.000114673
1404483 0.000114642
1143907 0.0001145
1310499 0.000114033
1193085 0.000114022
1761528 0.000114016
1014957 0.000113977
1388204 0.000113901
868271 0.000113615
857993 0.000113524
1365673 0.000113499
1577615 0.000111874
1483525 0.000111654
855693 0.00011153
1463963 0.000111428
1427810 0.000111423
1744051 0.000111398
1404431 0.000111325
1278865 0.000111096
1623793 0.000110893
924232 0.000110677
903988 0.000110486
1538798 0.000110405
1715863 0.000110333
1785479 0.000110328
829794 0.00010979
1343078 0.000109477
1222889 0.000109392
1219557 0.000109004
1076654 0.000108968
893257 0.000107896
1543663 0.000107873
1440208 0.000107867
847376 0.000107848
1713714 0.0001078
1669342 0.000107298
821912 0.000107272
869426 0.000107193
893903 0.000107136
1172108 0.000106771
868077 0.000106687
1667640 0.000106663
1642001 0.000106632
855075 0.000106612
1156763 0.000106596
822444 0.000106456
1542575 0.000106436
1637567 0.000106429
1177263 0.000106305
828919 0.000105796
820180 0.000105602
815919 0.000105598
880475 0.000105289
1458128 0.000104983
1497245 0.000104971
1631424 0.000104755
1654265 0.000104478
1089294 0.00010446
1585448 0.000104061
1070114 0.000103876
1008549 0.000103452
1484903 0.000103355
940926 0.000103267
1135367 0.00010323
996473 0.000103019
1153673 0.000102778
1706208 0.000102746
1146923 0.000102327
1390307 0.000102183
1434139 0.000101689
1038188 0.000101658
1030688 0.000101592
896540 0.000101444
823868 0.00010109
1404416 0.000100791
1439029 0.000100685
1043975 0.000100648
1440054 0.000100074
1006552 9.99649e-05
1261875 9.98403e-05
1729572 9.96932e-05
1241043 9.92541e-05
1660130 9.87431e-05
1541306 9.87227e-05
1096313 9.85665e-05
892136 9.85582e-05
1729507 9.85024e-05
1489588 9.8281e-05
819921 9.78003e-05
1450174 9.7357e-05
844752 9.73233e-05
1555011 9.72781e-05
1104008 9.71291e-05
1571794 9.71063e-05
1393930 9.70224e-05
870295 9.69871e-05
1676580 9.67494e-05
825712 9.67349e-05
879074 9.66837e-05
854673 9.64892e-05
1257098 9.62818e-05
823901 9.62147e-05
891561 9.59902e-05
1602280 9.59632e-05
857161 9.58582e-05
981636 9.58515e-05
1161577 9.57348e-05
1523510 9.55872e-05
1257374 9.55251e-05
1104144 9.55007e-05
938659 9.52673e-05
1535248 9.52356e-05
1490045 9.52138e-05
922533 9.50439e-05
825223 9.4927e-05
905826 9.492e-05
1752166 9.49034e-05
1724342 9.48536e-05
1390341 9.48118e-05
1404449 9.46233e-05
1032716 9.458e-05
903910 9.44119e-05
1101578 9.43124e-05
1513657 9.41683e-05
1606914 9.41645e-05
940284 9.3901e-05
1483960 9.38363e-05
1049176 9.37643e-05
1337598 9.37503e-05
981144 9.3685e-05
1530239 9.35433e-05
