518 1.81972e-07
14374 2.19207e-07
17826 9.89367e-06
21058 5.47651e-06
21779 9.18273e-08
22640 5.25965e-08
23450 4.07431e-06
24525 7.16318e-08
27270 3.13191e-05
28109 2.3943e-07
30153 2.10604e-05
30206 5.41591e-06
31969 2.43939e-06
34255 1.53082e-06
39855 1.75982e-08
41406 3.49641e-06
42014 2.85712e-08
43343 1.07666e-05
49418 8.77831e-08
51696 3.68272e-06
54003 3.81228e-07
55879 6.16142e-07
56299 6.93932e-06
70524 2.21141e-08
74264 1.41187e-07
78182 1.66406e-06
82274 1.77711e-05
83149 3.08871e-06
83310 3.33905e-08
87976 3.16585e-07
91478 2.84387e-06
99739 1.46725e-07
100483 3.53403e-06
105786 9.6054e-07
109837 1.04838e-05
112603 8.65012e-06
124447 1.39558e-07
130551 5.38903e-09
132845 1.35296e-06
135376 7.93949e-10
141442 4.0339e-07
148827 2.65851e-06
162282 2.03467e-06
166174 4.75334e-06
184806 7.30389e-07
186216 3.15332e-06
188071 1.09941e-07
200919 4.70051e-07
201016 3.93524e-06
201916 1.31165e-07
210496 6.85345e-06
217170 1.026e-05
218179 6.30812e-06
219745 2.4652e-05
223927 6.6101e-09
224445 4.08544e-06
225274 1.28153e-07
227133 3.10387e-08
227729 4.6027e-07
230188 2.3059e-05
230707 1.44547e-06
234502 2.46404e-07
236707 2.66809e-08
238237 1.13471e-06
238986 1.68974e-07
241040 4.23127e-07
248781 5.59693e-07
255078 1.30355e-05
257337 4.73562e-05
258573 1.41222e-05
259261 1.87719e-08
259302 8.96323e-08
259692 1.94709e-06
260946 1.29993e-05
268121 3.84718e-06
274040 2.4472e-06
276430 1.01783e-06
279738 9.90632e-07
285431 3.12015e-06
288883 2.24171e-08
292986 7.93677e-06
296364 2.4185e-06
297327 8.0517e-06
301690 2.46853e-06
303104 1.35986e-07
306831 3.09697e-08
314524 5.93632e-07
314578 2.88436e-08
319010 5.75369e-07
320379 2.37365e-06
323605 4.8463e-06
323674 1.04098e-06
325837 8.04943e-08
328653 6.90894e-07
328738 7.4131e-08
333325 4.95779e-07
333742 2.30586e-08
336600 6.04962e-08
353208 3.80831e-05
354578 7.49383e-06
355769 4.36215e-07
357508 1.29723e-07
357884 8.6563e-09
358557 5.33266e-08
358596 2.25238e-07
359940 1.88491e-07
360122 3.65107e-06
362246 1.4489e-07
363030 8.65207e-08
367994 1.69705e-09
369255 2.95505e-06
372093 1.23503e-08
379026 9.21227e-07
379310 2.83785e-06
379334 1.29903e-07
383737 8.37131e-08
400546 2.59645e-05
410438 2.33377e-06
410661 6.7367e-08
416035 1.89843e-07
420557 4.42383e-06
424263 2.49184e-07
425640 1.08377e-07
425701 3.29995e-07
426943 7.34702e-06
431198 7.66131e-07
431615 1.53626e-07
433760 1.14298e-05
434620 3.46208e-07
434918 5.37994e-07
439997 2.27755e-07
440653 1.63364e-06
444841 1.33448e-07
451496 3.18111e-05
452836 2.55486e-08
454183 5.56944e-07
459247 8.91385e-07
459639 3.05614e-06
463071 1.21154e-07
465993 6.88868e-07
466914 7.82118e-07
471027 1.39942e-06
471327 2.52786e-06
480025 1.18553e-06
482139 9.84199e-08
483431 4.528e-06
486099 5.66008e-06
486407 9.75184e-06
490244 9.84066e-07
490845 5.11826e-06
491232 9.73209e-07
493008 2.47668e-06
497887 2.2604e-05
499570 2.72689e-06
499954 4.4106e-07
500672 7.06128e-06
504408 2.20189e-06
505339 9.82462e-07
506890 5.43092e-06
509712 1.18355e-06
512247 8.45667e-09
512585 2.6183e-07
515184 6.66809e-07
516751 3.02324e-08
517450 3.74182e-06
517708 1.93638e-07
520358 8.79125e-06
524459 2.3381e-05
527505 1.3599e-07
529389 1.63977e-07
556804 1.97515e-07
568681 7.94518e-05
576488 3.90138e-05
578592 3.31004e-08
580973 2.7311e-06
582382 2.48586e-07
584469 6.09617e-06
585697 3.11073e-07
599701 2.9358e-08
600969 5.78203e-06
610873 9.13196e-07
612632 2.9661e-06
630864 1.31954e-06
631875 2.60159e-07
632753 1.60629e-05
636568 1.67118e-08
639730 6.03341e-06
651788 1.27622e-07
656217 6.90203e-08
660173 6.82984e-07
667894 4.12912e-06
669274 5.06132e-07
673940 3.66762e-05
675545 4.67508e-07
689833 1.09226e-05
692450 2.04767e-06
705624 4.48401e-07
721185 7.65959e-07
729655 9.43853e-06
732403 7.02591e-07
738055 2.10864e-07
740688 2.97914e-06
742646 1.52589e-05
743066 2.16707e-07
743200 6.45762e-07
747583 3.61874e-07
758043 8.79483e-08
761483 2.47347e-06
761674 2.57809e-08
763575 1.33279e-05
766656 4.27692e-06
767896 7.33446e-07
776366 1.04991e-05
781245 8.25989e-06
789987 2.85796e-09
793637 3.06382e-05
800028 1.7436e-05
800268 1.8237e-06
805999 1.7194e-07
806149 2.34745e-07
814106 1.71474e-07
815096 4.48406e-06
816139 3.52354e-05
818276 2.13048e-08
821512 5.77765e-07
821819 3.89802e-05
822095 7.50527e-06
828297 7.81596e-07
830042 1.68916e-06
833564 5.62362e-09
840777 2.5365e-05
843235 6.7139e-06
847389 1.22609e-06
849598 8.58132e-06
852275 1.06273e-06
853625 1.85495e-06
853769 1.0705e-07
855880 4.75941e-08
856570 9.2326e-08
859685 3.28375e-06
860383 2.19028e-07
860901 2.09947e-06
860930 1.03325e-06
861615 1.02672e-07
866968 2.16283e-06
867423 1.97198e-07
867843 3.24565e-07
883909 3.96627e-07
890731 3.31687e-06
896526 5.87922e-07
898167 1.83807e-08
898178 3.96824e-06
899312 2.08627e-05
900244 4.68196e-07
900591 9.1925e-06
900687 3.0216e-07
901391 1.23077e-06
901471 2.45945e-07
901474 1.11626e-05
903746 3.31693e-07
905873 2.41065e-08
907016 1.15837e-06
907175 6.13575e-06
908662 2.50579e-05
914993 2.38406e-05
915252 4.60141e-06
916777 2.63183e-07
918873 3.44855e-05
921180 5.511e-07
926424 1.37136e-05
926605 7.44498e-07
928889 1.55471e-06
929342 3.91581e-05
930063 3.25106e-06
930659 2.26726e-08
933815 7.59759e-07
935198 1.00663e-08
935369 3.71056e-06
936485 4.3548e-07
936567 5.34803e-08
938136 5.27027e-06
938919 5.14149e-08
939536 1.04085e-08
949706 2.03231e-07
952188 2.43365e-06
953637 1.57857e-05
955449 1.0272e-07
964586 6.95208e-06
964593 1.30304e-07
966558 3.86942e-07
967316 8.98161e-06
981400 1.84542e-07
983635 2.24502e-06
989857 2.2423e-06
994593 1.58801e-05
1001068 5.26301e-06
1005965 5.60209e-08
1011306 4.79572e-08
1016468 2.29831e-08
1017300 1.79258e-07
1019929 1.53198e-06
1022464 3.9363e-06
1023493 3.72162e-06
1025213 6.59731e-07
1037742 4.66326e-06
1044176 3.87865e-07
1046897 7.17523e-08
1049873 8.33496e-07
1057579 4.24397e-06
1058779 3.1337e-07
1063120 9.31207e-07
1063629 5.60557e-07
1065011 1.39945e-07
1074321 5.77283e-06
1079530 8.18368e-06
1089182 2.25531e-06
1101518 2.12709e-05
1105920 4.96945e-09
1113862 2.88884e-06
1114362 4.2459e-07
1126385 6.02061e-07
1136348 1.34495e-06
1140506 4.54839e-06
1142241 5.82942e-06
1147047 1.09446e-05
1148174 6.15279e-07
1150909 3.95825e-06
1152558 1.73786e-07
1153645 3.48884e-06
1156888 3.82304e-06
1157850 2.75761e-06
1159907 5.46316e-06
1167853 6.37756e-08
1170895 8.92376e-08
1177934 2.43432e-08
1189190 7.16274e-08
1191212 6.91258e-08
1194312 1.09873e-05
1200157 6.39702e-06
1201119 6.96015e-06
1201979 1.52511e-06
1209927 1.96577e-08
1212049 3.11845e-08
1218591 2.02337e-08
1226383 6.04484e-07
1233383 8.75624e-08
1234426 7.32966e-06
1236681 4.1135e-06
1240253 7.9593e-09
1244143 2.08219e-06
1247491 4.01026e-06
1247645 2.86888e-07
1247892 6.53287e-08
1254967 9.38416e-06
1258686 1.39867e-06
1260511 1.60932e-05
1260629 3.43467e-06
1262348 1.40004e-06
1265227 7.58104e-07
1266058 7.21474e-06
1272275 1.02777e-06
1274641 1.05156e-07
1278363 1.23576e-07
1287752 3.35564e-07
1289618 6.84004e-07
1295037 2.9482e-05
1298152 4.05939e-07
1300902 8.23064e-07
1301684 4.98111e-07
1302502 5.89595e-07
1306830 2.75782e-07
1307405 2.36299e-08
1309584 1.28306e-05
1312168 1.83051e-07
1312577 2.51842e-05
1327035 1.51337e-06
1328758 2.11862e-05
1329324 6.19095e-08
1329586 8.7631e-08
1336269 5.19062e-05
1338948 2.72373e-09
1339147 4.7933e-07
1346628 6.88602e-06
1347540 1.22579e-07
1357717 3.70707e-07
1362272 1.05353e-05
1363200 2.74271e-06
1363829 4.82366e-06
1383017 7.05086e-07
1383625 6.07886e-06
1383922 1.49242e-05
1384000 1.00005e-05
1386973 7.75594e-07
1390988 4.7697e-06
1399049 2.24539e-07
1399329 9.89148e-07
1399479 2.35315e-07
1410000 4.1879e-08
1415234 1.21687e-06
1420147 1.48366e-06
1421263 1.12421e-06
1424493 3.77691e-09
1426837 1.54924e-07
1431161 9.92448e-08
1435349 3.47203e-07
1446141 9.65066e-06
1446464 4.21687e-08
1450564 8.92165e-08
1450672 7.52395e-07
1453117 4.2854e-07
1453719 1.64355e-07
1453762 7.25181e-08
1453781 5.24734e-08
1462673 5.06339e-05
1463152 1.43994e-07
1464122 1.14229e-05
1466431 4.13977e-06
1471298 2.14325e-08
1475577 3.46493e-08
1478998 4.24412e-08
1479856 1.36331e-07
1485442 8.33781e-08
1487992 4.94952e-07
1488048 1.36247e-07
1490596 2.10914e-06
1490723 2.09413e-07
1492085 3.24424e-06
1492560 2.22423e-06
1494440 3.49189e-06
1494985 2.23453e-08
1495424 3.6116e-07
1499922 9.61305e-06
1504292 3.2188e-06
1506332 1.50536e-06
1509978 1.01452e-05
1510459 1.19773e-05
1510629 5.21844e-07
1513559 7.01422e-07
1514667 1.14478e-07
1517370 2.67778e-07
1521371 2.85416e-06
1523190 5.72608e-08
1525241 8.33273e-09
1527541 5.65399e-07
1535575 3.61668e-07
1536130 3.45679e-07
1536405 1.13984e-08
1538433 1.21503e-07
1540496 2.38562e-07
1540845 4.49247e-07
1541296 4.74029e-06
1548128 1.30991e-05
1549742 2.38742e-05
1554331 1.16632e-06
1556234 1.48828e-05
1560136 1.31629e-05
1572286 9.91815e-06
1576958 1.54049e-06
1578849 4.35008e-08
1578859 3.48652e-07
1584804 4.50634e-07
1587937 2.63356e-07
1594952 5.60884e-06
1594971 5.24025e-07
1605134 1.04071e-06
1607753 1.47226e-06
1609728 9.39048e-06
1612869 1.11926e-07
1615253 2.0037e-06
1620468 5.59116e-07
1622344 1.74404e-06
1622602 9.46875e-07
1623488 1.02435e-06
1628296 5.64966e-07
1633491 2.4478e-06
1635252 9.04024e-07
1642115 1.1129e-06
1642507 1.1607e-06
1649073 5.93994e-06
1673177 1.25876e-05
1690181 6.12168e-06
1696400 8.47016e-08
1712528 2.6201e-05
1720215 2.22536e-05
1723055 5.61043e-06
1730127 7.33275e-09
1731885 1.26719e-08
1732478 8.65654e-06
1744345 3.75349e-06
1745639 6.70555e-07
1746802 7.89778e-06
1748539 1.76868e-07
1751840 5.82923e-07
1753674 1.00864e-07
1756965 2.86214e-08
1765858 8.88833e-08
1769546 1.28669e-07
1776841 2.65562e-06
1781592 1.11318e-07
1785104 1.497e-06
