8673 4.62302e-06
8956 6.67561e-05
14387 2.37373e-08
14578 5.03366e-08
18308 8.36758e-06
18309 5.20965e-07
23049 1.42011e-07
23489 7.31059e-05
23535 0.000100178
24137 5.22183e-05
26629 5.24837e-05
34121 4.95475e-05
39464 6.11528e-08
39507 8.67974e-06
40289 9.76676e-06
40909 0.000115568
41804 2.70604e-05
42296 1.73804e-05
51203 2.49777e-06
51646 9.52324e-06
52530 8.71148e-05
53273 5.214e-06
57696 1.85593e-05
58561 1.71539e-05
64387 2.46042e-06
65171 7.81253e-06
67205 1.0352e-06
73221 1.96248e-08
75417 5.34493e-05
76719 8.16778e-05
78046 3.11369e-08
78476 7.93443e-07
79008 2.56885e-05
83787 2.38544e-05
84105 4.99997e-05
84322 1.00528e-06
84515 7.75843e-05
86760 6.21668e-06
90338 1.17445e-05
90444 0.000347568
90896 1.73161e-07
93671 6.59184e-06
95316 9.33631e-08
104737 3.77764e-05
105454 1.10672e-07
106598 6.11095e-07
112786 1.36105e-08
119928 9.89004e-06
124112 1.70184e-05
135757 1.92428e-05
148204 2.7573e-05
150068 1.93084e-05
151056 6.13459e-05
151105 2.47467e-05
151394 3.42299e-06
157252 1.93292e-08
158557 4.72564e-05
160292 6.14379e-08
174036 3.9241e-08
174818 2.67608e-06
175016 5.59815e-05
179386 1.16476e-05
190800 5.20932e-05
198617 4.27092e-05
213181 1.80579e-07
214203 2.13369e-06
218660 5.94428e-05
220985 1.51495e-07
235040 0.000152136
235783 4.88359e-05
236217 0.000261474
236636 1.00775e-05
238127 7.14492e-06
238387 4.63608e-05
238596 0.000269676
239275 1.03457e-05
244328 1.7687e-05
245170 3.24649e-05
245543 2.85964e-05
247198 7.21339e-06
247474 9.21089e-06
247992 6.31356e-07
249617 9.17991e-08
253356 3.02348e-05
253575 1.63473e-05
254086 8.29885e-05
258634 5.7384e-06
260160 1.4378e-06
260187 9.99255e-06
260747 1.29437e-06
261787 0.00011109
264900 0.000111279
265619 0.000157045
266049 1.02399e-05
270658 3.81307e-06
271084 0.000589874
271871 0.000177252
273662 1.13306e-07
283448 1.11814e-05
298143 3.34577e-07
305693 2.81878e-05
306806 2.80648e-05
319269 1.54625e-05
326429 7.05138e-06
338006 5.94891e-07
340438 9.63782e-08
340461 1.66744e-07
341223 1.50826e-07
345831 7.79438e-08
348150 5.01682e-06
349361 6.9025e-09
353694 2.92973e-05
354193 2.7724e-07
360999 8.31707e-08
361154 3.57928e-05
368987 2.41739e-05
371401 2.71822e-07
377406 0.000462674
381400 7.71572e-05
386887 1.93304e-08
396729 1.68021e-07
399645 2.91057e-08
423275 7.67526e-07
423640 2.46642e-05
424630 4.02008e-05
426868 1.26281e-06
428179 3.52723e-05
429823 2.37051e-05
431376 7.36864e-05
434529 3.55173e-05
441110 5.01686e-08
448105 3.53407e-06
450007 6.87843e-05
451925 7.56758e-07
452476 6.42818e-07
453204 7.35395e-05
454150 2.16954e-07
456004 1.56503e-05
456673 2.41395e-05
465938 1.30685e-05
466867 0.000198201
477351 2.93294e-05
479523 2.15268e-07
482124 5.35248e-07
488261 3.27254e-08
491107 6.26295e-05
494141 5.34618e-05
498172 3.51525e-07
500421 1.59713e-05
501043 4.4653e-05
501395 1.47986e-05
506414 3.59441e-06
509268 9.56472e-06
509382 7.66188e-05
510504 1.56086e-06
514568 3.91185e-05
517148 5.23992e-06
518713 1.17494e-05
520191 6.78178e-06
526032 2.54748e-08
526565 2.55881e-05
529449 0.000325454
530542 1.70306e-05
536725 6.72084e-05
537694 3.45211e-07
538628 7.10653e-08
540469 0.000164009
547803 1.86935e-07
551420 2.15205e-05
551843 2.90276e-07
554861 0.00013667
556596 1.31291e-06
560108 5.95242e-05
560576 1.48077e-07
563680 0.000248191
574028 1.16218e-05
578086 1.29466e-05
579429 6.14078e-06
582838 0.000138223
586829 1.67217e-07
596642 6.00979e-05
602369 1.07448e-05
618381 8.89404e-07
619480 9.17364e-08
625540 3.53036e-07
632400 6.27229e-07
635446 6.13421e-07
636767 1.24151e-07
636982 2.01797e-05
650808 1.9628e-05
656881 7.4127e-07
665868 0.000387495
674498 1.51531e-05
679371 7.80599e-06
684309 6.79098e-08
689951 9.48478e-06
691330 2.04337e-05
700088 2.29757e-05
700098 9.90564e-06
701847 8.40206e-06
715806 0.000111651
717448 2.66863e-06
721272 1.57108e-05
722033 8.16465e-06
723189 1.48557e-05
725743 2.53579e-05
725782 4.98609e-05
734510 8.04908e-06
745526 4.27886e-06
745742 2.35368e-05
746016 1.04187e-06
746048 3.10612e-05
750409 5.69888e-06
758379 5.57702e-06
762834 1.10271e-06
769620 1.73533e-05
773749 1.58149e-05
781088 3.01766e-05
781151 4.50707e-05
781168 4.6077e-05
781227 2.77506e-05
781609 2.44327e-05
781627 6.1278e-06
783302 1.67172e-05
783452 1.87962e-05
784567 4.93801e-06
785314 1.92688e-05
785319 3.41785e-05
785380 1.29082e-05
787167 7.88303e-07
788659 3.05897e-06
789848 1.4731e-08
793649 1.49434e-05
797055 1.26806e-06
799910 5.4106e-06
802248 8.61719e-05
802873 7.09232e-06
805804 5.30277e-08
805895 2.30839e-05
811294 1.46354e-08
817385 2.1172e-07
818108 2.20703e-05
820006 7.11631e-07
820348 8.90591e-09
820462 2.81746e-05
820726 0.000354238
822398 0.000263366
822401 4.72167e-05
822610 1.90233e-06
823763 1.93846e-05
825808 0.000100326
826122 7.77099e-05
826523 5.28547e-06
827702 5.79106e-05
829317 0.000153761
829372 3.80992e-06
829426 1.22758e-05
830461 1.44482e-05
831440 0.000107917
835664 3.10319e-05
836446 6.8667e-08
837230 9.97462e-05
837280 6.97927e-05
838011 5.57787e-05
843198 1.42539e-06
843930 2.46764e-05
843954 1.12859e-05
846359 4.52648e-05
847625 6.36843e-06
848710 6.62175e-07
852885 5.63882e-05
852925 0.000207563
856170 1.86453e-06
856284 1.64514e-05
856391 3.54149e-08
859102 5.83093e-07
860122 2.5488e-05
864176 1.12039e-05
866703 3.63387e-05
869480 3.51561e-06
871628 6.08733e-06
871930 4.44717e-05
875630 7.35134e-05
878951 2.14613e-07
883971 1.34418e-08
888139 1.43974e-05
891107 8.59675e-07
893086 1.66471e-06
896625 3.29344e-05
897697 2.07764e-06
899857 1.62014e-06
900488 1.16592e-07
901218 1.59533e-07
902444 2.72395e-05
902698 3.18382e-05
914904 0.000189316
915901 3.26259e-07
916579 1.90856e-06
918665 3.31828e-07
919662 5.07598e-07
919894 4.05672e-07
924439 3.7745e-08
927073 3.27495e-07
929785 2.45663e-05
939464 5.60964e-07
949402 6.84813e-08
950402 6.29834e-05
953153 7.74828e-05
958054 5.79408e-05
958934 2.67393e-05
963724 1.24239e-05
966289 1.00578e-05
972454 8.24151e-05
974121 1.52072e-06
998971 2.80749e-06
999353 6.27263e-06
1009409 1.86925e-08
1020769 1.56003e-07
1020881 3.0156e-06
1020920 0.000137945
1021564 2.57045e-05
1025671 3.09641e-05
1026643 5.35016e-05
1037739 1.27399e-05
1043220 0.00011692
1043390 1.87566e-07
1055220 4.59533e-05
1060156 4.07522e-08
1067859 8.72657e-08
1071713 5.03412e-05
1075122 2.76313e-05
1092328 3.46911e-07
1093503 8.73765e-05
1093602 3.54587e-05
1097976 4.29816e-05
1111271 2.80211e-06
1123638 7.70916e-05
1124800 3.77282e-05
1125083 8.27931e-05
1126901 5.01059e-06
1128713 4.6184e-05
1138379 3.60305e-06
1143500 0.000101684
1149226 3.03148e-07
1151969 1.63213e-06
1153324 3.72906e-05
1156611 3.6033e-05
1159293 2.35364e-07
1165480 1.90994e-05
1172471 3.98279e-07
1177137 3.15823e-05
1180801 5.78026e-07
1185553 2.86154e-07
1197998 3.0373e-07
1201598 3.65954e-05
1214655 3.90816e-07
1222039 1.6201e-05
1222682 0.000154928
1226730 3.88655e-06
1227344 5.00219e-06
1229254 1.00279e-06
1229672 2.30029e-05
1232697 2.46061e-05
1233470 4.71474e-08
1235244 2.36781e-07
1240085 5.19743e-05
1243720 3.37174e-08
1244128 2.29704e-05
1245013 4.46907e-06
1248002 2.55877e-06
1252380 1.58345e-07
1252832 9.18088e-08
1256995 9.05906e-06
1257585 0.000108688
1259135 3.47432e-08
1264792 4.50159e-05
1270503 8.53287e-06
1271375 7.70384e-07
1271429 3.0138e-07
1272934 1.02501e-06
1283201 0.00010337
1294288 5.02924e-05
1296986 5.16479e-07
1299854 1.41978e-07
1304684 1.62224e-05
1311671 3.5339e-06
1316275 3.25825e-05
1324131 2.65142e-07
1325176 2.47563e-05
1328726 1.6866e-05
1333527 0.000170768
1333535 2.92752e-05
1333950 5.03409e-05
1341398 1.39625e-05
1349727 7.87951e-06
1350181 8.21971e-06
1351387 2.71107e-07
1351968 6.18532e-06
1353250 1.01874e-05
1357779 6.11504e-05
1358230 3.34342e-06
1361216 4.86757e-06
1362508 0.000107791
1366866 3.06536e-06
1369386 1.80423e-08
1372336 5.06218e-05
1376493 6.33914e-07
1377994 0.000139104
1381352 2.52289e-06
1384245 4.25197e-05
1386011 2.31128e-07
1389818 1.11213e-05
1390682 3.22199e-06
1404442 8.39512e-06
1404452 3.13535e-06
1408412 2.19641e-05
1410011 2.97755e-05
1417997 9.14973e-06
1419120 1.10266e-05
1420051 2.74582e-05
1425901 8.28456e-06
1431414 7.98613e-05
1434506 1.19407e-06
1435816 5.78724e-08
1443613 2.24323e-05
1444776 2.56013e-06
1459461 2.67283e-05
1460684 5.51859e-06
1463202 3.59727e-05
1465880 2.96686e-05
1467575 2.58139e-08
1472051 2.68756e-05
1475885 4.25441e-07
1477815 7.06254e-06
1487100 6.06326e-05
1490967 2.33042e-07
1491035 9.8801e-05
1494825 4.86992e-05
1503753 0.000169767
1508453 4.15247e-06
1510150 1.22248e-05
1511642 5.67425e-08
1514867 7.52573e-08
1515207 1.75648e-06
1528850 6.32054e-08
1533636 8.0937e-06
1545674 6.6472e-07
1549746 4.75956e-05
1549922 8.90949e-06
1551599 2.64632e-07
1554923 3.96478e-05
1557771 3.33198e-05
1568289 2.288e-06
1572013 1.84294e-06
1573397 7.33926e-08
1574497 1.54674e-05
1581596 1.19247e-05
1602195 1.8593e-05
1609358 5.05358e-06
1609412 2.26592e-06
1614920 4.68895e-06
1624113 1.09779e-05
1626479 6.68755e-06
1626514 1.84842e-05
1628344 6.22461e-08
1630523 2.48155e-05
1655794 2.37404e-05
1661443 2.52074e-07
1667039 2.86039e-05
1671311 8.45447e-07
1673099 5.33319e-05
1675111 3.50279e-05
1675240 1.01225e-06
1676133 2.71536e-05
1689792 1.77943e-05
1700094 5.71108e-05
1700820 5.60254e-06
1702510 6.27882e-05
1709303 2.81032e-06
1713125 3.29649e-05
1713148 9.76152e-05
1715886 2.32039e-06
1716190 3.7364e-07
1720295 4.82335e-05
1725716 4.79614e-07
1726519 9.5835e-06
1727242 2.35373e-07
1729183 8.91452e-06
1731461 6.82213e-05
1733267 0.000242478
1738019 3.05203e-06
1742406 1.24806e-05
1744152 1.01305e-05
1744973 1.07064e-05
1745027 0.000112599
1748001 1.94838e-05
1760594 1.80114e-05
1771792 3.46383e-08
1772834 2.57505e-05
1774171 0.000105473
1783103 5.4369e-06
