747 4.67023e-08
5919 5.76795e-05
7206 3.73045e-07
7500 1.91064e-07
8839 2.30155e-06
11176 3.00764e-08
13045 3.08654e-07
14511 2.45386e-06
15287 1.25033e-06
15745 2.76085e-05
19382 2.68447e-06
19756 2.2171e-07
23009 2.59692e-05
23109 1.98594e-08
27875 1.78179e-05
30359 6.71678e-05
32632 4.49645e-06
33457 2.61289e-08
37131 4.39625e-05
39598 4.5482e-07
40131 8.02987e-08
41066 1.66063e-06
47726 6.63994e-07
50421 6.63342e-05
51312 3.99543e-07
55671 7.57185e-08
57800 1.54139e-06
64559 9.47072e-07
68992 8.80007e-08
71048 7.42154e-08
73821 5.19945e-06
74215 3.31205e-06
86224 0.000259919
93905 1.52895e-06
95068 1.38326e-05
97937 4.12831e-06
102073 1.13395e-07
105762 1.51374e-06
109485 5.03625e-05
109869 9.14871e-06
109882 4.49345e-06
109902 1.93951e-05
111497 1.76484e-06
112017 8.87399e-07
115608 7.34046e-06
127458 2.3351e-06
133493 1.68925e-05
136727 2.60376e-06
137362 5.28496e-06
155509 1.65297e-07
157731 2.34261e-07
180856 4.10639e-06
182263 2.67751e-06
183687 1.15694e-07
185557 1.11101e-05
187111 7.82645e-07
192146 3.32809e-05
194566 2.59561e-06
200951 1.4807e-06
213564 6.10117e-08
215963 4.14556e-07
216366 6.7304e-06
216392 7.78406e-07
217433 4.50649e-08
219448 5.11599e-07
219815 8.88333e-05
220704 1.41825e-05
222772 2.4176e-06
230402 5.53299e-05
232277 1.3882e-07
233748 2.48064e-08
235908 8.22732e-06
236729 4.55667e-05
241180 3.46506e-05
242325 6.38253e-07
242519 1.72096e-07
248630 1.94046e-05
249026 4.34053e-08
252638 1.40467e-06
253508 3.90324e-07
254442 5.42221e-07
254657 1.11296e-06
254792 6.47054e-06
255231 5.36625e-06
259370 1.23072e-06
260416 9.19047e-07
266075 2.26713e-05
266260 1.46342e-05
267783 1.4617e-06
268208 7.4278e-05
269511 1.92139e-06
271410 1.43671e-06
272045 2.77079e-06
272334 2.17477e-05
273521 6.1843e-06
273869 1.33364e-07
274523 3.46248e-06
275311 3.94074e-07
278589 6.95781e-07
280894 3.20852e-07
282559 1.63205e-07
293127 2.42033e-05
293375 1.03139e-05
295566 3.17757e-06
297651 3.1958e-05
299084 1.02084e-08
304199 1.32534e-07
306121 4.40935e-06
306915 6.84203e-06
308837 7.96488e-05
308942 2.5094e-06
316987 9.41221e-08
318255 1.84897e-05
324229 3.10236e-07
331146 1.06011e-07
333498 8.87766e-08
339280 4.68709e-06
343531 8.10732e-06
349600 4.21727e-07
356944 9.15072e-07
359857 6.17114e-06
377385 1.31477e-05
377962 7.01612e-06
379510 1.09081e-06
381183 4.30278e-05
388393 1.22695e-05
389489 3.50561e-06
393738 5.66897e-06
404365 4.54224e-05
419197 1.40071e-07
421515 1.495e-07
421863 2.52029e-07
422273 5.88248e-06
423858 5.89047e-08
430759 3.14579e-06
431032 1.00124e-06
431299 9.29605e-07
432708 4.75301e-07
434158 1.14594e-05
437365 1.03408e-05
438099 2.44959e-05
438791 6.43318e-07
440214 2.47323e-07
441015 6.66543e-08
441591 1.10183e-06
444262 1.34997e-07
444315 5.02687e-07
446919 1.16265e-05
450973 1.70331e-05
453508 6.51226e-07
454038 5.2348e-08
454162 1.35775e-06
455117 7.41352e-08
457046 3.31603e-05
457069 1.91163e-06
464333 1.07171e-06
466591 6.04749e-05
466601 8.03345e-06
466828 1.96565e-06
466917 8.39369e-07
469133 1.60046e-06
475335 2.7613e-07
478114 6.71141e-06
478494 2.28723e-06
485583 9.27681e-06
486290 8.22231e-08
487115 3.11172e-07
488023 2.37251e-06
488545 2.18031e-05
489355 6.87233e-07
490392 2.48871e-05
490556 8.47857e-05
490601 1.78653e-05
491095 3.38113e-05
491563 4.8077e-07
491610 2.36349e-08
491891 3.38305e-07
491975 3.4234e-05
493662 5.44995e-07
498327 3.82184e-07
503735 8.59248e-06
503755 4.82236e-05
506524 1.84446e-08
510647 2.54438e-06
510656 3.05379e-05
511894 2.30115e-07
512619 1.15907e-06
515402 4.98321e-06
522400 4.40289e-07
531841 4.82914e-05
549755 6.3431e-07
551216 5.97366e-09
552627 1.02337e-05
566877 4.86148e-08
567282 9.07531e-08
577291 1.50072e-08
579623 9.84827e-06
579989 5.1783e-08
581861 2.42722e-09
583108 3.04971e-06
595853 4.24264e-06
610060 2.16002e-07
617209 1.19164e-06
618512 3.64545e-06
621291 7.52653e-06
631883 1.45934e-07
644610 1.23133e-05
658455 7.9388e-08
680890 7.33837e-08
690438 4.81321e-06
691607 2.12392e-07
694121 6.04994e-06
706921 5.61782e-07
708363 1.48316e-06
709991 6.98898e-07
714415 3.64337e-06
719062 1.125e-06
720008 1.72253e-06
720643 0.000104665
723674 9.39243e-07
724652 1.92719e-06
724794 1.45335e-05
737819 4.04388e-07
742379 1.3782e-05
744834 1.16237e-06
745246 1.99231e-05
747623 1.08247e-06
749770 5.68277e-07
753285 2.49332e-06
755292 1.03557e-05
759883 1.27388e-06
765395 4.93534e-07
768036 8.07172e-08
777321 8.1818e-06
778318 7.02496e-06
783243 1.9379e-05
787687 4.55473e-06
788244 2.27408e-07
790044 2.27499e-07
790948 1.98137e-06
795065 5.87251e-06
795952 4.36854e-07
797099 1.19049e-08
797616 1.41248e-07
798857 3.63362e-06
799082 1.28661e-07
799738 6.50721e-07
800728 1.5327e-07
804857 2.71479e-06
808079 1.32524e-06
813233 4.39586e-07
815442 2.03673e-07
818343 5.655e-07
820035 2.88387e-06
821522 4.71152e-05
822141 1.71977e-07
824564 1.27881e-06
824965 1.3433e-06
826655 2.63164e-07
828286 6.77881e-06
828609 5.92153e-05
830183 3.15965e-05
830669 2.22392e-06
834041 4.30162e-06
834350 7.00921e-07
838761 9.67955e-07
840393 1.36545e-08
841102 2.9445e-06
841113 1.8219e-08
846435 1.02577e-06
859982 1.21555e-07
862791 2.36262e-08
864242 2.10112e-07
864432 4.383e-06
867592 8.71959e-07
867923 2.05521e-08
871396 3.89093e-06
872243 4.98383e-06
873513 2.88137e-07
881111 1.78101e-06
883814 9.0894e-07
887884 2.44359e-06
888503 1.80263e-06
890258 8.63258e-06
896406 1.76157e-06
902908 2.73036e-05
903521 1.03035e-06
904532 8.80449e-05
905937 4.23194e-06
915488 5.97141e-07
920868 4.76147e-08
923850 1.83826e-07
926756 5.53183e-08
928831 3.26975e-07
930407 5.65988e-05
930778 2.67873e-05
931385 2.88624e-05
935323 1.53381e-07
943988 1.51327e-06
946474 1.24265e-06
954597 3.33172e-05
955934 2.45718e-06
959191 4.87817e-05
959227 3.06498e-05
960692 7.05258e-08
963757 2.25715e-08
966073 1.34448e-06
977653 1.15633e-08
978916 4.75306e-07
979113 7.22552e-08
981221 1.21183e-05
981822 1.36362e-05
982390 1.59665e-07
985762 2.32335e-06
994942 4.88559e-07
997684 6.07755e-06
1000735 6.69858e-06
1014767 3.81241e-08
1023592 8.47146e-07
1025301 7.48438e-08
1027124 1.97514e-05
1030942 1.53422e-05
1044430 0.000122666
1046991 1.54747e-06
1052392 6.22487e-06
1053132 6.99144e-05
1055881 2.16866e-07
1057914 8.10103e-07
1060141 4.47505e-07
1068116 1.44476e-06
1073358 8.76496e-07
1085688 3.48324e-05
1090632 1.83809e-06
1099435 1.9752e-06
1099628 4.33778e-05
1125177 1.03625e-05
1126829 2.9121e-05
1130488 1.88845e-05
1132938 4.79041e-08
1138186 0.00011765
1138224 1.93196e-05
1138392 1.05999e-06
1152028 1.13573e-05
1158462 6.37788e-08
1160600 7.38815e-08
1167935 1.46537e-05
1174072 3.21314e-06
1175936 8.72294e-08
1178715 5.47545e-08
1184245 0.000107465
1187920 7.03727e-06
1193995 1.68032e-07
1196369 5.5641e-08
1196699 5.95268e-06
1197509 2.57777e-07
1203511 5.86417e-06
1211480 1.76299e-06
1220512 4.29136e-05
1231186 2.40893e-06
1234762 2.77346e-06
1236867 1.28695e-06
1238936 9.34416e-05
1239418 8.30225e-07
1240856 1.68657e-06
1240912 2.91675e-06
1245167 8.30457e-06
1249291 9.42592e-07
1253147 1.49183e-08
1253624 7.66498e-07
1259558 4.82728e-06
1261879 4.4414e-07
1271622 3.9214e-08
1293439 3.21112e-06
1296481 7.30268e-06
1299056 8.04995e-06
1299748 3.22366e-07
1307323 1.91675e-06
1320198 1.39892e-07
1324184 4.6852e-05
1330605 8.85679e-07
1333913 7.2906e-06
1334049 5.15067e-05
1335827 9.85926e-07
1339318 2.88258e-06
1341711 1.66927e-08
1342354 2.11523e-06
1342509 4.71996e-08
1344176 6.71159e-08
1345221 2.07496e-05
1347042 2.34126e-06
1349064 2.03073e-05
1349218 1.18377e-05
1353265 5.92339e-07
1353308 4.72499e-07
1355934 2.03902e-07
1356015 4.90519e-06
1357537 1.93997e-06
1358418 3.35391e-06
1358978 4.38489e-08
1364524 2.10078e-06
1366023 3.11567e-06
1368061 7.66472e-06
1374430 7.43382e-07
1375942 6.05798e-06
1381715 2.42552e-05
1382177 1.30631e-06
1397998 3.42692e-05
1400221 6.6275e-07
1400997 7.44814e-07
1402450 2.22887e-06
1403672 4.57724e-08
1403807 7.63075e-06
1404363 1.41094e-06
1408127 1.50028e-05
1411399 3.20357e-08
1415603 2.40887e-06
1417369 2.57732e-06
1419010 1.30825e-06
1422423 2.36547e-06
1434880 2.0094e-05
1440095 3.04735e-05
1442760 6.58156e-09
1446519 5.71461e-06
1460774 1.36223e-06
1463688 2.43697e-06
1464474 8.01105e-06
1465634 1.80462e-07
1466655 1.26573e-07
1473032 1.49592e-07
1474153 1.02278e-06
1477650 2.92555e-06
1483260 2.0245e-08
1485417 9.38839e-05
1485879 1.05413e-06
1486053 4.85493e-07
1487985 1.18558e-05
1487987 3.83113e-05
1488141 8.57872e-06
1490458 3.22497e-08
1496761 2.24276e-08
1497829 7.96895e-09
1498983 8.03787e-07
1499439 1.65513e-05
1505350 1.2745e-08
1511877 1.63568e-05
1528425 7.90103e-06
1530961 2.76508e-06
1535083 8.59444e-06
1535522 1.45355e-07
1535903 3.61713e-08
1536919 3.04208e-07
1546680 7.93193e-06
1550725 6.67878e-06
1554533 4.65391e-06
1555659 1.36173e-06
1562204 1.80756e-06
1564589 1.25969e-07
1566316 1.25071e-07
1584405 3.57277e-05
1584539 1.87292e-07
1592913 2.52545e-06
1593459 4.11174e-08
1595603 5.5138e-05
1595918 5.32693e-06
1596439 6.68763e-06
1599930 1.85662e-06
1606249 3.15861e-05
1607454 7.90189e-06
1607526 1.03902e-06
1609980 1.01146e-07
1610804 1.43831e-06
1636709 1.61885e-07
1650976 3.68751e-07
1675829 2.05915e-05
1677512 1.47115e-05
1679626 7.70154e-06
1694473 3.67566e-06
1694683 1.14499e-05
1698725 1.55239e-06
1704531 6.29942e-06
1708221 1.45602e-07
1713015 2.74315e-07
1717424 1.29959e-06
1721384 6.95699e-08
1722008 2.05934e-07
1724097 3.36305e-07
1726935 4.01538e-08
1728278 1.22654e-07
1732634 1.27344e-05
1735731 2.10247e-06
1742806 2.67976e-05
1748693 5.17309e-05
1752412 1.00574e-06
1758560 8.41291e-07
1758594 4.37845e-06
1759503 2.46996e-07
1765385 4.28896e-06
1769715 4.07622e-06
1774625 4.67995e-07
1784462 9.19535e-08
1784835 3.91016e-07
