0 97
0 70
0 75
0 44
0 13
0 62
1 54
2 40
2 19
2 57
2 28
2 63
2 31
3 80
3 4
3 77
4 80
4 49
4 20
4 96
5 33
5 59
5 87
6 72
6 54
7 70
7 50
7 20
7 52
7 89
7 60
7 62
8 98
8 74
8 16
8 58
8 91
9 65
9 37
9 7
9 10
9 75
9 59
10 40
10 51
10 11
10 13
11 9
11 92
11 37
11 63
12 89
13 97
13 80
13 17
13 49
13 56
13 31
14 97
14 83
15 88
15 27
15 46
16 3
16 69
16 13
16 81
16 18
16 19
16 92
17 81
17 67
18 0
18 3
18 47
18 83
18 26
19 67
19 13
19 15
19 82
19 56
19 30
20 1
20 27
20 22
20 63
21 27
21 29
21 95
22 33
22 34
22 78
22 87
22 56
22 27
23 24
24 97
24 26
25 67
25 8
25 78
25 84
25 55
26 4
26 72
26 91
26 82
26 27
26 92
26 63
27 56
27 25
27 35
28 69
28 40
28 80
28 22
28 90
28 92
28 94
29 2
29 72
29 41
29 75
29 51
29 57
30 64
30 74
30 81
30 22
30 92
31 83
31 3
31 4
31 6
32 96
32 4
32 5
32 43
32 16
32 28
33 32
33 34
33 7
33 80
33 17
33 83
33 20
33 56
33 90
33 62
34 83
34 3
34 92
34 37
35 0
35 75
35 76
35 81
35 50
35 82
36 11
36 7
37 97
38 8
38 34
38 88
39 75
39 26
39 11
40 41
40 59
40 49
41 9
41 59
41 85
41 54
42 33
42 71
42 73
42 10
42 11
42 54
42 55
42 88
42 60
43 5
43 6
43 72
43 74
43 55
44 0
44 5
44 47
44 20
44 84
44 56
44 27
44 62
45 2
45 70
45 54
45 87
45 24
45 90
45 30
45 31
46 64
46 3
46 75
46 76
46 15
46 84
46 23
46 92
48 7
48 74
48 83
48 21
48 24
48 27
49 96
49 37
49 40
49 72
49 88
49 90
50 25
50 36
51 0
51 33
51 97
51 42
51 74
51 93
51 22
51 61
51 94
52 24
52 95
52 94
52 23
53 16
53 1
53 18
53 90
54 47
54 17
54 49
54 83
54 60
54 94
55 6
55 73
55 44
55 76
55 53
56 98
56 72
56 48
56 92
56 93
56 63
57 0
57 97
57 41
57 44
57 21
57 87
57 62
57 95
58 41
58 30
58 87
59 97
59 75
59 45
59 86
60 33
60 66
60 4
60 68
60 73
60 93
61 2
61 5
61 77
61 50
61 59
61 95
62 32
62 98
62 75
62 14
62 47
62 50
62 86
63 93
63 44
63 69
63 14
64 24
64 26
64 21
64 46
65 9
65 10
65 76
65 16
65 49
65 87
65 94
66 42
66 22
66 55
67 64
67 66
67 74
67 24
67 92
68 24
68 14
68 15
69 45
69 5
70 97
70 99
70 5
70 71
70 11
70 46
70 90
70 27
70 93
71 64
71 66
71 35
71 42
71 19
71 51
71 60
72 38
72 34
72 5
72 6
73 32
73 3
73 10
73 80
73 91
73 93
74 89
74 12
74 85
74 44
75 38
75 76
75 79
75 48
75 26
75 62
76 41
76 66
76 95
76 71
77 24
77 19
77 76
78 13
78 46
78 48
78 82
78 83
78 22
78 93
79 35
79 4
79 36
79 73
79 93
80 1
80 5
80 43
80 14
80 51
80 89
80 92
80 95
81 35
81 77
81 46
81 50
81 51
81 85
82 12
82 69
83 68
83 9
83 44
83 16
83 51
83 25
83 27
83 29
84 9
84 80
84 23
84 25
84 91
85 97
85 8
85 48
85 23
85 24
85 56
85 61
85 30
86 1
86 26
86 43
87 5
87 40
87 9
87 11
87 12
87 47
88 40
88 62
89 6
89 73
89 79
89 48
89 52
89 23
90 69
90 10
90 80
90 86
90 23
90 30
91 97
91 61
91 21
91 78
93 1
93 2
94 89
94 9
94 85
94 97
95 32
95 99
95 39
95 40
95 15
95 81
95 21
95 87
96 24
96 2
96 58
96 53
97 0
97 32
97 93
98 96
98 82
98 79
99 75
