0 2
0 3
0 1
0 6
0 7
0 9
0 4
0 12
0 5
0 8
0 11
0 20
0 10
0 18
0 24
0 19
0 29
0 14
0 36
0 17
0 46
0 48
0 50
0 30
0 84
1 0
1 3
1 6
1 8
1 18
1 7
1 4
1 14
1 11
1 46
1 42
1 2
1 26
1 29
1 78
1 19
1 88
2 0
2 1
2 3
2 6
2 14
2 13
2 8
2 12
2 23
2 40
2 24
2 69
2 11
3 11
3 8
3 75
3 2
4 3
4 1
4 6
4 8
4 14
4 9
4 23
4 2
4 5
4 15
4 40
4 13
4 43
4 17
4 24
5 3
5 17
5 12
5 10
5 9
5 87
5 83
6 5
6 1
6 12
6 17
6 7
6 18
6 2
6 45
6 53
6 62
7 10
7 12
7 15
7 3
7 67
7 5
7 2
7 23
8 3
8 6
9 14
10 6
10 9
10 7
10 13
10 30
10 8
10 52
10 12
10 57
10 37
10 3
10 98
11 8
11 3
11 17
11 12
11 9
11 30
12 7
12 6
12 17
12 8
12 5
12 26
12 53
12 14
12 24
13 8
13 11
13 23
13 19
13 30
13 67
14 7
14 0
14 11
14 23
14 1
14 3
14 9
14 18
15 14
15 7
15 3
15 29
15 28
15 46
16 8
16 17
16 9
16 5
16 29
16 7
16 39
16 3
17 28
17 13
17 12
19 11
19 7
19 1
19 6
19 28
19 8
19 14
19 3
19 37
20 24
21 3
21 18
21 29
21 12
21 5
21 27
21 83
21 50
22 9
22 7
22 53
22 14
22 18
22 91
22 13
23 15
23 92
24 12
24 7
25 14
25 47
25 69
25 76
26 24
26 86
27 14
27 12
27 36
27 6
27 17
28 11
29 32
29 15
29 42
29 0
29 79
30 8
30 51
30 24
30 3
31 24
31 44
33 20
33 10
33 12
34 29
35 17
35 6
35 3
36 30
37 29
37 23
38 10
39 18
39 14
39 29
39 66
40 36
41 7
41 60
42 5
47 2
47 14
47 29
48 12
48 7
49 0
49 19
50 23
51 2
51 53
51 1
54 0
55 12
56 6
57 12
57 3
58 8
58 70
58 83
58 20
59 23
59 12
59 68
59 33
59 7
59 62
60 31
60 78
61 7
62 11
62 95
63 59
64 5
64 24
65 3
65 85
65 96
68 4
71 27
72 6
73 26
73 24
74 5
75 11
77 21
79 7
79 89
80 17
81 6
82 6
90 13
92 14
93 2
94 8
94 6
97 68
99 2
